Rank	t-value	Parametric p-value	% CV support	Geom mean of intensities in class 1: NEG	Geom mean of intensities in class 2: POS	Annotations	Gene symbol
1	-4.25	0.000306	100	34.4	50	Info
2	-3.86	0.000801	100	72.5	102.3	Info	C4orf6
3	-3.78	0.000984	100	30.3	52.1	Info
4	-3.69	0.001226	100	249.6	345.4	Info	CEBPA
5	-3.64	0.001366	100	74.5	108.2	Info	MKNK1
6	-3.6	0.001509	100	34.8	44.9	Info
7	-3.49	0.001982	100	45.6	71.3	Info	SPAG9
8	-3.45	0.002207	100	31	54.4	Info	NFAT5
9	-3.43	0.002294	100	166	225.7	Info	SNTB2
10	-3.39	0.002503	100	65.8	89.2	Info
11	-3.39	0.002516	100	98.7	211.3	Info	GRM1
12	-3.38	0.0026	100	85.7	107.6	Info	THBS1
13	-3.35	0.0028	100	102.7	199.7	Info	RB1
14	-3.3	0.003179	100	270	415	Info	ZNF364
15	-3.28	0.003303	100	66.3	94.6	Info	PRDM2
16	-3.23	0.003727	100	500.4	734.8	Info	CTBP1
17	-3.22	0.003851	100	32.3	40.7	Info	BAI3
18	-3.18	0.004149	100	107.2	133.2	Info	RGS6
19	-3.17	0.004283	100	81.4	122.1	Info	RGS4
20	-3.11	0.004949	100	21	30.7	Info	HEXA
21	-3.11	0.004993	100	56.5	73.8	Info
22	-3.04	0.005887	100	263.7	327.8	Info	RASSF1
23	-2.98	0.006776	100	47.1	63	Info	ZNFN1A1
24	-2.96	0.007011	100	93.9	125.1	Info	MGC34648
25	-2.92	0.007663	100	127.9	195.3	Info	SFRS12
26	-2.9	0.008082	100	273.1	326.3	Info	KRTHA1
27	-2.85	0.009117	100	197.6	289.9	Info	ATXN2
28	-2.83	0.009571	100	145	185.3	Info	LAF4
29	-2.82	0.009839	100	42	52.3	Info	UTY
30	-2.8	0.010191	100	74.9	92.3	Info	LYPLA3
31	-2.72	0.012144	100	332.3	403.9	Info	IDS
32	-2.71	0.012661	100	67.6	83.2	Info	CMRF-35H
33	-2.7	0.012817	100	113.7	167.2	Info	MASS1
34	-2.68	0.013536	100	55.1	82.2	Info	UBE2L3
35	-2.65	0.014404	100	108.3	128.7	Info	FABP3
36	-2.61	0.015858	100	148.7	201.2	Info	GTF2E2
37	-2.6	0.015881	100	297.4	359.4	Info
38	-2.59	0.016284	100	287.5	403.6	Info	CFTR
39	-2.59	0.016295	100	149.4	186	Info	GM2A
40	-2.55	0.017809	95	118.4	157.1	Info	KIAA0779
41	-2.55	0.018109	100	217.6	478.2	Info	GBP1
42	-2.53	0.018573	95	86.8	107.8	Info	GTF2IRD2
43	-2.49	0.02049	100	94.7	144.7	Info	GUCY1A2
44	-2.46	0.021902	100	111.8	411.4	Info	LOC91316
45	-2.45	0.022197	91	55.6	69.2	Info
46	-2.44	0.022692	91	202.2	238.8	Info	APBA3
47	-2.43	0.023213	95	139.5	168.6	Info	ARID3A
48	-2.41	0.024446	91	27.1	36.1	Info	RIPK5
49	-2.4	0.025098	91	234.2	296.9	Info
50	-2.37	0.026624	95	71.5	114.7	Info	PLIN
51	-2.36	0.027317	91	73.8	93.7	Info	IL18RAP
52	-2.35	0.027534	95	85.4	102.1	Info	KIAA0478
53	-2.34	0.028086	86	34	46.6	Info
54	-2.33	0.028875	91	58.6	71.5	Info
55	-2.33	0.028971	86	129	145.9	Info	LAT
56	-2.33	0.029101	77	245.2	281.5	Info	MIDORI
57	-2.31	0.02997	82	82.8	120.2	Info	PRPF4B
58	-2.3	0.030691	82	81.2	99.6	Info	CCL1
59	-2.29	0.031258	77	213.7	259	Info	KIAA1049
60	-2.29	0.031665	68	100.4	150.9	Info	MGC12815
61	-2.26	0.033365	77	127.6	249	Info	LOX
62	-2.25	0.034363	59	21.6	28.7	Info	KIAA0971
63	-2.21	0.037109	64	66.2	80.1	Info	LOC146712
64	-2.2	0.037927	55	163.5	650.1	Info	IGLC2
65	-2.2	0.038376	50	66.3	102	Info
66	-2.18	0.039474	64	184.8	231.2	Info	SF3B1
67	-2.17	0.040319	50	118.4	257.4	Info	IFIT1
68	-2.17	0.040672	55	74.9	115.6	Info	NFIB
69	-2.17	0.041055	45	182.3	220.5	Info	TBX5
70	-2.16	0.04162	50	179.4	667.7	Info	IGLC2
71	-2.14	0.042955	55	104.2	130.3	Info	ALMS1
72	-2.13	0.044348	32	75.4	113.4	Info	OSBPL8
73	-2.11	0.04644	55	86.6	113.9	Info	ICAM2
74	-2.1	0.046777	55	31.9	39.7	Info
75	-2.1	0.046937	41	278.7	346.3	Info	ZBTB17
76	-2.08	0.048703	41	52	68.8	Info	PDE4DIP
77	-2.08	0.048765	36	201.3	329.3	Info
78	2.18	0.040056	59	317.6	251.7	Info	EPHB2
79	2.18	0.03975	45	414.9	346.7	Info	RGS12
80	2.25	0.034121	59	504.2	397.2	Info	ADRA2A
81	2.28	0.032568	68	42.8	32.8	Info	BAX
82	2.31	0.030351	73	422.7	266.9	Info	ITGB4
83	2.35	0.02797	82	115	93.5	Info
84	2.47	0.02162	95	561.5	456.2	Info	MAD1L1
85	2.49	0.020352	95	36.7	25.8	Info	SKIL
86	2.56	0.017699	100	143.5	109.2	Info	EPHB3
87	2.62	0.01523	100	49.8	32.7	Info	MRPL33
88	2.79	0.010442	100	87.9	62.1	Info	IFNAR2
89	2.82	0.009811	100	115.5	89.1	Info	BCR
90	2.99	0.006616	100	279.4	166.4	Info	S100A2
91	3.28	0.003327	100	221.3	172.6	Info	IBRDC3
92	3.35	0.002807	100	56.1	42.1	Info	B7
93	3.81	0.000905	100	328	239.6	Info	NPPA
