HG U133A probe set	Gene Symbol	MLL rearranged	non-MLL rearranged	Fold change	t statistic	P	q
209905_at	HOXA9	1868.0	373.0	5.0	12.2	0.0000	0.0000
214651_s_at	HOXA9	3174.9	698.7	4.5	11.6	0.0000	0.0000
213147_at	HOXA10	1753.4	491.6	3.6	10.7	0.0000	0.0000
213150_at	HOXA10	1589.7	384.8	4.1	10.0	0.0000	0.0000
206622_at	TRH	50.9	1932.1	-38.0	-7.9	0.0000	0.0000
201105_at	LGALS1	21844.0	8709.0	2.5	7.4	0.0000	0.0000
203733_at	DEXI	637.3	194.7	3.3	8.5	0.0000	0.0000
214671_s_at	ABR	316.8	126.3	2.5	7.1	0.0000	0.0000
219790_s_at	NPR3	22.6	117.3	-5.2	-7.5	0.0000	0.0000
208789_at	PTRF	38.7	313.7	-8.1	-6.7	0.0000	0.0000
204069_at	MEIS1	1008.3	324.2	3.1	7.4	0.0000	0.0000
210405_x_at	TNFRSF10B	222.1	108.2	2.1	6.7	0.0000	0.0001
204494_s_at	DKFZP434H132	1278.4	808.8	1.6	6.1	0.0000	0.0001
200961_at	SEPHS2	999.4	703.8	1.4	7.1	0.0000	0.0001
201904_s_at	CTDSPL	34.2	191.3	-5.6	-6.1	0.0000	0.0001
213547_at	TIP120B	172.1	113.9	1.5	5.8	0.0000	0.0001
218557_at	NIT2	748.4	1285.5	-1.7	-6.9	0.0000	0.0002
221581_s_at	WBSCR5	5384.1	2682.1	2.0	5.9	0.0000	0.0002
204438_at	MRC1	98.4	604.9	-6.1	-5.6	0.0000	0.0002
201850_at	CAPG	4969.4	1413.8	3.5	6.7	0.0000	0.0003
218404_at	SNX10	899.3	369.0	2.4	6.1	0.0000	0.0004
219452_at	DPEP2	931.4	489.5	1.9	5.6	0.0000	0.0004
212175_s_at	AK2	3465.9	1820.7	1.9	7.1	0.0000	0.0004
221755_at	EHBP1L1	600.1	333.5	1.8	5.7	0.0000	0.0004
205857_at	SLC18A2	28.8	229.5	-8.0	-6.0	0.0000	0.0004
218813_s_at	SH3GLB2	415.0	250.2	1.7	5.5	0.0000	0.0004
203760_s_at	SLA	1390.4	819.0	1.7	5.8	0.0000	0.0005
210755_at	HGF	151.3	745.2	-4.9	-5.7	0.0000	0.0005
215923_s_at	PSD4	268.3	178.4	1.5	5.4	0.0000	0.0005
218376_s_at	NICAL	2878.9	1207.2	2.4	6.5	0.0000	0.0005
206135_at	ST18	14.9	325.0	-21.8	-5.9	0.0000	0.0005
206470_at	PLXNC1	315.6	124.7	2.5	6.3	0.0000	0.0005
206940_s_at	POU4F1	143.4	1874.3	-13.1	-5.3	0.0000	0.0005
212080_at	MLL	575.8	1094.4	-1.9	-6.9	0.0000	0.0005
212173_at	AK2	840.8	390.3	2.2	6.5	0.0000	0.0005
203865_s_at	ADARB1	273.8	149.4	1.8	5.5	0.0000	0.0005
214196_s_at	CLN2	2403.9	1469.0	1.6	5.6	0.0000	0.0005
216015_s_at	CIAS1	380.6	222.3	1.7	5.5	0.0000	0.0005
210059_s_at	MAPK13	124.7	76.2	1.6	5.5	0.0000	0.0006
207540_s_at	SYK	1366.5	839.8	1.6	5.3	0.0000	0.0006
202545_at	PRKCD	1696.1	1057.0	1.6	5.3	0.0000	0.0007
217520_x_at	LOC283683	888.7	329.0	2.7	6.4	0.0000	0.0007
204495_s_at	---	881.7	623.4	1.4	5.2	0.0000	0.0007
208967_s_at	AK2	2861.7	1506.3	1.9	6.6	0.0000	0.0008
201621_at	NBL1	38.4	191.4	-5.0	-5.5	0.0000	0.0008
210506_at	FUT7	164.8	88.1	1.9	5.6	0.0000	0.0008
211722_s_at	HDAC6	115.7	79.2	1.5	5.1	0.0000	0.0008
212314_at	KIAA0746	1303.0	638.4	2.0	5.7	0.0000	0.0008
216950_s_at	FCGR1A	2498.0	943.2	2.6	6.2	0.0000	0.0008
206210_s_at	CETP	16.0	94.7	-5.9	-5.1	0.0000	0.0009
215087_at	DKFZP434H132	334.1	212.1	1.6	5.4	0.0000	0.0009
204210_s_at	PCYT1A	83.0	32.6	2.5	5.9	0.0000	0.0010
212922_s_at	SMYD2	523.4	895.4	-1.7	-6.4	0.0000	0.0010
202054_s_at	ALDH3A2	581.9	241.4	2.4	5.6	0.0000	0.0010
203570_at	LOXL1	11.7	41.6	-3.6	-5.0	0.0000	0.0013
201720_s_at	LAPTM5	10058.6	6968.1	1.4	5.1	0.0000	0.0013
202053_s_at	ALDH3A2	961.6	468.8	2.1	5.9	0.0000	0.0013
203909_at	SLC9A6	949.0	698.4	1.4	5.0	0.0000	0.0013
205301_s_at	OGG1	120.1	64.9	1.9	5.4	0.0000	0.0013
219293_s_at	PTD004	1925.8	2677.4	-1.4	-5.7	0.0000	0.0013
221628_s_at	N-PAC	158.7	103.7	1.5	5.1	0.0000	0.0013
218262_at	FLJ22318	457.5	234.1	2.0	5.5	0.0000	0.0014
218856_at	TNFRSF21	90.5	503.4	-5.6	-5.9	0.0000	0.0014
213737_x_at	DKFZp434P162	12436.7	6926.8	1.8	5.5	0.0000	0.0014
216503_s_at	MLLT10	342.3	180.2	1.9	5.4	0.0000	0.0014
206847_s_at	HOXA7	309.9	97.6	3.2	5.9	0.0000	0.0014
209976_s_at	CYP2E1	10.3	56.4	-5.5	-4.9	0.0000	0.0015
219594_at	NINJ2	627.2	433.2	1.4	4.9	0.0000	0.0017
201859_at	PRG1	14720.6	9178.0	1.6	5.3	0.0000	0.0017
202449_s_at	RXRA	989.3	485.7	2.0	5.6	0.0000	0.0017
213908_at	LOC339005	602.3	152.1	4.0	5.7	0.0000	0.0017
218774_at	DCPS	787.8	450.1	1.8	5.4	0.0000	0.0018
212076_at	MLL	467.0	727.5	-1.6	-5.7	0.0000	0.0019
336_at	TBXA2R	329.8	649.9	-2.0	-5.5	0.0000	0.0019
210365_at	RUNX1	277.1	605.2	-2.2	-5.3	0.0000	0.0019
216667_at	RNASE2	1449.5	931.4	1.6	4.9	0.0000	0.0019
221666_s_at	PYCARD	3383.1	2035.1	1.7	5.2	0.0000	0.0019
210184_at	ITGAX	891.2	302.3	2.9	5.5	0.0000	0.0019
201858_s_at	PRG1	33941.6	14886.9	2.3	5.5	0.0000	0.0020
213603_s_at	RAC2	13890.6	10803.9	1.3	5.0	0.0000	0.0020
217930_s_at	TOLLIP	414.0	307.3	1.3	4.7	0.0000	0.0020
201551_s_at	LAMP1	1110.2	770.0	1.4	5.2	0.0000	0.0025
211521_s_at	PSCD4	645.4	389.1	1.7	5.3	0.0000	0.0025
219789_at	NPR3	158.2	475.5	-3.0	-5.8	0.0000	0.0025
205945_at	IL6R	1219.9	584.4	2.1	5.2	0.0000	0.0025
206341_at	IL2RA	18.5	90.9	-4.9	-4.9	0.0000	0.0026
207719_x_at	KAB	781.8	1206.8	-1.5	-5.5	0.0000	0.0026
211341_at	POU4F1	19.5	1418.3	-72.9	-4.7	0.0000	0.0026
213119_at	SLC36A1	569.3	361.6	1.6	4.8	0.0000	0.0027
208309_s_at	MALT1	329.6	200.2	1.6	4.8	0.0000	0.0027
220416_at	ATP8B4	2260.4	1608.8	1.4	4.7	0.0000	0.0028
212174_at	AK2	4959.4	2392.1	2.1	5.8	0.0000	0.0029
209395_at	CHI3L1	15.5	123.8	-8.0	-4.6	0.0000	0.0029
205016_at	TGFA	268.5	188.2	1.4	4.7	0.0000	0.0030
201281_at	ADRM1	1272.7	2090.1	-1.6	-4.8	0.0000	0.0030
216831_s_at	CBFA2T1	6.6	83.2	-12.7	-4.5	0.0000	0.0031
205707_at	IL17R	2762.4	1639.1	1.7	4.9	0.0000	0.0031
221687_s_at	C9orf28	321.0	170.7	1.9	5.0	0.0000	0.0032
203833_s_at	TGOLN2	743.0	561.0	1.3	5.0	0.0000	0.0032
204039_at	CEBPA	3935.6	2790.3	1.4	4.6	0.0000	0.0032
211582_x_at	LST1	3209.6	1996.7	1.6	4.6	0.0000	0.0032
200727_s_at	ACTR2	3034.3	1609.3	1.9	5.3	0.0000	0.0033
49306_at	RASSF4	305.1	171.9	1.8	4.8	0.0000	0.0033
217024_x_at	---	445.5	273.7	1.6	4.9	0.0000	0.0033
218409_s_at	DNAJC1	1217.6	596.6	2.0	5.5	0.0000	0.0033
221972_s_at	Cab45	709.7	515.3	1.4	4.8	0.0000	0.0033
209993_at	ABCB1	82.3	230.6	-2.8	-5.3	0.0000	0.0034
212895_s_at	ABR	1393.5	889.4	1.6	4.9	0.0000	0.0034
213746_s_at	FLNA	2498.7	1386.9	1.8	5.2	0.0000	0.0034
214363_s_at	MATR3	5439.1	6766.2	-1.2	-4.9	0.0000	0.0034
218983_at	C1RL	379.7	251.8	1.5	4.6	0.0000	0.0035
202862_at	FAH	408.3	750.6	-1.8	-5.2	0.0000	0.0035
204971_at	CSTA	6456.8	3419.7	1.9	4.8	0.0000	0.0035
218176_at	MAGEF1	670.3	301.6	2.2	5.5	0.0000	0.0035
214394_x_at	---	5303.9	7526.9	-1.4	-5.2	0.0000	0.0036
212355_at	KIAA0323	892.2	731.4	1.2	4.7	0.0000	0.0036
203741_s_at	ADCY7	839.4	450.4	1.9	4.9	0.0000	0.0036
205996_s_at	AK2	2754.1	1391.3	2.0	5.6	0.0000	0.0036
218942_at	PIP5K2C	377.6	233.6	1.6	4.7	0.0000	0.0037
201700_at	CCND3	4704.6	2859.4	1.6	5.1	0.0000	0.0037
216388_s_at	LTB4R	624.4	355.8	1.8	5.0	0.0000	0.0037
208769_at	EIF4EBP2	299.5	173.7	1.7	4.8	0.0000	0.0038
205582_s_at	GGTLA1	27.0	100.2	-3.7	-4.5	0.0000	0.0038
207023_x_at	KRT10	1145.9	790.2	1.5	4.8	0.0000	0.0038
209288_s_at	CDC42EP3	1209.5	493.3	2.5	5.1	0.0000	0.0038
211137_s_at	ATP2C1	179.8	335.2	-1.9	-5.2	0.0000	0.0039
215633_x_at	LST1	3074.5	1825.6	1.7	4.6	0.0000	0.0039
219491_at	LRFN4	233.0	165.5	1.4	4.5	0.0000	0.0040
212855_at	KIAA0276	65.6	152.7	-2.3	-5.3	0.0000	0.0040
215727_x_at	---	146.3	109.2	1.3	4.5	0.0000	0.0040
221235_s_at	---	597.4	1101.4	-1.8	-5.4	0.0000	0.0042
205472_s_at	DACH1	409.8	43.8	9.4	5.7	0.0000	0.0042
209830_s_at	SLC9A3R2	8.1	31.0	-3.8	-4.8	0.0000	0.0042
213915_at	NKG7	2879.9	1068.7	2.7	5.3	0.0000	0.0042
218257_s_at	UGCGL1	396.7	285.0	1.4	4.6	0.0000	0.0042
201048_x_at	RAB6A	206.9	157.8	1.3	4.4	0.0000	0.0042
215666_at	HLA-DRB4	6.5	53.0	-8.1	-4.6	0.0000	0.0043
201191_at	PITPNA	394.6	243.9	1.6	4.6	0.0000	0.0043
207419_s_at	RAC2	3041.9	2099.1	1.4	4.6	0.0000	0.0043
201162_at	IGFBP7	5337.8	3050.6	1.7	4.9	0.0000	0.0043
201497_x_at	MYH11	39.6	185.5	-4.7	-4.5	0.0000	0.0043
206111_at	RNASE2	14315.3	6063.3	2.4	4.9	0.0000	0.0043
206851_at	RNASE3	6868.8	1742.0	3.9	5.3	0.0000	0.0043
216941_s_at	TAF1B	239.0	160.1	1.5	4.6	0.0000	0.0043
206441_s_at	COMMD4	598.2	419.9	1.4	4.5	0.0000	0.0043
205875_s_at	TREX1	547.6	381.2	1.4	4.5	0.0000	0.0044
211284_s_at	GRN	4162.2	2052.3	2.0	4.9	0.0000	0.0044
37005_at	NBL1	431.0	716.4	-1.7	-4.7	0.0000	0.0045
216901_s_at	ZNFN1A1	231.8	139.2	1.7	4.6	0.0000	0.0045
219054_at	FLJ14054	432.3	2125.7	-4.9	-5.3	0.0000	0.0045
221923_s_at	NPM1	1919.9	2986.7	-1.6	-5.3	0.0000	0.0045
218295_s_at	NUP50	499.5	366.4	1.4	4.5	0.0000	0.0045
204719_at	ABCA8	59.2	47.1	1.3	4.4	0.0000	0.0047
214866_at	PLAUR	359.2	274.1	1.3	4.5	0.0000	0.0047
208073_x_at	TTC3	2431.0	4313.6	-1.8	-5.3	0.0000	0.0049
200656_s_at	P4HB	4138.8	2723.3	1.5	4.8	0.0001	0.0050
210548_at	CCL23	586.2	159.4	3.7	5.1	0.0001	0.0052
215952_s_at	OAZ1	10300.6	7266.0	1.4	5.0	0.0001	0.0052
217691_x_at	SLC16A3	728.5	495.9	1.5	4.6	0.0001	0.0052
204082_at	PBX3	2663.6	943.4	2.8	5.1	0.0001	0.0052
201564_s_at	FSCN1	102.5	480.4	-4.7	-5.4	0.0001	0.0052
210128_s_at	LTB4R	331.3	230.1	1.4	4.4	0.0001	0.0052
215564_at	---	7.6	28.3	-3.7	-4.6	0.0001	0.0052
214147_at	FLJ46354	67.2	154.9	-2.3	-4.5	0.0001	0.0052
215075_s_at	GRB2	1015.5	726.1	1.4	4.5	0.0001	0.0055
215942_s_at	GTSE1	208.9	136.8	1.5	4.4	0.0001	0.0055
219183_s_at	PSCD4	1563.1	876.8	1.8	4.8	0.0001	0.0055
205449_at	SHD1	406.3	281.6	1.4	4.3	0.0001	0.0055
206278_at	PTAFR	411.0	157.8	2.6	4.8	0.0001	0.0058
58780_s_at	FLJ10357	745.5	409.2	1.8	4.7	0.0001	0.0058
201721_s_at	LAPTM5	19796.0	15205.0	1.3	4.4	0.0001	0.0059
219233_s_at	GSDML	69.1	247.6	-3.6	-5.1	0.0001	0.0059
201307_at	11-Sep	815.5	1630.7	-2.0	-4.9	0.0001	0.0060
207550_at	MPL	71.5	498.9	-7.0	-5.0	0.0001	0.0062
200760_s_at	ARL6IP5	3185.2	2418.6	1.3	4.6	0.0001	0.0063
201079_at	SYNGR2	1809.6	1367.0	1.3	4.7	0.0001	0.0064
214574_x_at	LST1	3940.2	2556.8	1.5	4.3	0.0001	0.0064
200923_at	LGALS3BP	409.7	1423.4	-3.5	-4.8	0.0001	0.0065
212782_x_at	POLR2J	2482.9	2048.2	1.2	4.2	0.0001	0.0065
200900_s_at	M6PR	1537.6	1151.0	1.3	4.3	0.0001	0.0065
203010_at	STAT5A	859.9	1279.7	-1.5	-5.1	0.0001	0.0065
202856_s_at	SLC16A3	386.6	232.5	1.7	4.5	0.0001	0.0065
205418_at	FES	1563.5	902.7	1.7	4.6	0.0001	0.0065
212190_at	SERPINE2	242.6	518.8	-2.1	-4.3	0.0001	0.0065
218976_at	DNAJC12	73.4	324.7	-4.4	-4.7	0.0001	0.0065
220795_s_at	KIAA1446	237.0	167.5	1.4	4.4	0.0001	0.0065
201906_s_at	CTDSPL	73.0	331.1	-4.5	-5.2	0.0001	0.0065
201944_at	HEXB	3123.3	1635.1	1.9	5.0	0.0001	0.0065
207075_at	CIAS1	617.8	398.8	1.5	4.4	0.0001	0.0065
218550_s_at	LRRC20	212.7	162.2	1.3	4.2	0.0001	0.0066
209448_at	HTATIP2	500.2	293.0	1.7	4.5	0.0001	0.0067
218217_at	SCPEP1	3215.0	1073.8	3.0	5.0	0.0001	0.0067
221807_s_at	PP2447	428.7	228.2	1.9	4.5	0.0001	0.0067
221832_s_at	LUZP1	396.2	587.5	-1.5	-4.3	0.0001	0.0067
215164_at	---	103.8	64.5	1.6	4.4	0.0001	0.0068
205099_s_at	CCR1	604.0	251.8	2.4	4.6	0.0001	0.0069
212750_at	PPP1R16B	44.2	136.1	-3.1	-4.7	0.0001	0.0069
211688_x_at	KIR3DL2	21.4	40.6	-1.9	-4.3	0.0001	0.0070
214511_x_at	LOC440607 /// FCGR1A	2547.0	953.1	2.7	4.9	0.0001	0.0070
218633_x_at	FLJ11342	977.2	1399.5	-1.4	-4.9	0.0001	0.0070
203914_x_at	HPGD	119.2	493.2	-4.1	-4.6	0.0001	0.0070
219837_s_at	C17	191.0	1054.0	-5.5	-5.0	0.0001	0.0070
220326_s_at	FLJ10357	934.1	569.0	1.6	4.5	0.0001	0.0070
218109_s_at	FLJ14153	6148.9	4181.1	1.5	4.8	0.0001	0.0071
220560_at	C11orf21	2010.1	1277.3	1.6	4.4	0.0001	0.0072
214752_x_at	FLNA	3101.4	1948.9	1.6	4.7	0.0001	0.0073
203379_at	RPS6KA1	1461.3	1094.8	1.3	4.3	0.0001	0.0073
203567_s_at	TRIM38	1236.2	902.6	1.4	4.4	0.0001	0.0074
205317_s_at	SLC15A2	430.4	348.7	1.2	4.3	0.0001	0.0075
207782_s_at	PSEN1	1018.6	784.6	1.3	4.2	0.0001	0.0075
217897_at	FXYD6	386.9	265.7	1.5	4.3	0.0001	0.0075
209994_s_at	ABCB1 /// ABCB4	18.0	96.9	-5.4	-4.3	0.0001	0.0076
208947_s_at	RENT1	250.6	175.1	1.4	4.3	0.0001	0.0077
209575_at	IL10RB	1113.5	695.8	1.6	4.8	0.0001	0.0077
201905_s_at	CTDSPL	19.5	76.2	-3.9	-4.4	0.0001	0.0077
200602_at	APP	40.6	316.6	-7.8	-4.7	0.0001	0.0078
204981_at	SLC22A18	545.7	348.7	1.6	4.3	0.0001	0.0079
206855_s_at	HYAL2	384.9	532.8	-1.4	-4.3	0.0001	0.0081
201648_at	JAK1	1807.3	2395.1	-1.3	-4.3	0.0001	0.0084
204164_at	SIPA1	834.4	661.3	1.3	4.1	0.0001	0.0084
205965_at	BATF	812.4	618.5	1.3	4.2	0.0001	0.0085
206758_at	EDN2	22.7	49.5	-2.2	-4.3	0.0001	0.0085
213370_s_at	SFMBT1	318.3	254.7	1.2	4.2	0.0001	0.0085
217118_s_at	C22orf9	3132.8	1876.3	1.7	4.7	0.0001	0.0085
217223_s_at	BCR	360.8	650.6	-1.8	-4.6	0.0001	0.0085
220856_x_at	---	2871.5	2305.0	1.2	4.5	0.0001	0.0085
202747_s_at	ITM2A	598.9	2971.4	-5.0	-5.0	0.0001	0.0086
212200_at	KIAA0692	302.4	469.3	-1.6	-4.4	0.0001	0.0086
209876_at	GIT2	446.1	288.9	1.5	4.3	0.0001	0.0089
204895_x_at	MUC4	26.6	65.1	-2.4	-4.4	0.0001	0.0090
210220_at	FZD2	343.8	273.1	1.3	4.1	0.0001	0.0090
212186_at	ACACA	142.5	378.2	-2.7	-4.5	0.0001	0.0090
218908_at	ASPSCR1	488.2	346.5	1.4	4.2	0.0001	0.0090
211102_s_at	LILRA2	809.5	419.0	1.9	4.3	0.0001	0.0091
203701_s_at	FLJ20244	679.4	942.5	-1.4	-4.6	0.0001	0.0091
204468_s_at	TIE	47.4	239.4	-5.0	-4.6	0.0001	0.0092
200077_s_at	OAZ1	16825.5	13104.1	1.3	4.7	0.0001	0.0092
200678_x_at	GRN	8113.1	4588.5	1.8	4.4	0.0001	0.0092
203478_at	NDUFC1	2186.9	1582.1	1.4	4.2	0.0001	0.0092
210859_x_at	CLN3	1005.6	779.1	1.3	4.2	0.0001	0.0092
206118_at	STAT4	244.4	406.0	-1.7	-4.5	0.0001	0.0092
56197_at	PLSCR3	1737.0	2360.6	-1.4	-4.7	0.0001	0.0094
205471_s_at	DACH1	1259.1	210.5	6.0	4.8	0.0001	0.0094
202897_at	PTPNS1	1615.4	866.5	1.9	4.6	0.0001	0.0094
201227_s_at	NDUFB8	2162.1	1784.0	1.2	4.3	0.0002	0.0098
202370_s_at	CBFB	3299.9	2648.2	1.2	4.1	0.0002	0.0098
209663_s_at	ITGA7	328.4	65.6	5.0	4.9	0.0002	0.0098
209499_x_at	TNFSF13 /// TNFSF12-TNFSF13	1672.5	1270.4	1.3	4.1	0.0002	0.0098
218487_at	ALAD	462.6	349.1	1.3	4.1	0.0002	0.0099
221042_s_at	CLMN	36.3	118.3	-3.3	-4.6	0.0002	0.0099
217869_at	HSD17B12	1287.0	1909.4	-1.5	-4.7	0.0002	0.0099
218501_at	ARHGEF3	918.2	564.7	1.6	4.6	0.0002	0.0099
219745_at	C10orf77	314.7	226.2	1.4	4.2	0.0002	0.0099
218620_s_at	HEMK1	91.0	228.2	-2.5	-4.6	0.0002	0.0102
209035_at	MDK	54.8	261.5	-4.8	-4.3	0.0002	0.0103
201601_x_at	IFITM1	840.7	1854.3	-2.2	-4.5	0.0002	0.0104
203111_s_at	PTK2B	633.2	448.1	1.4	4.1	0.0002	0.0104
204168_at	MGST2	1702.6	1229.3	1.4	4.2	0.0002	0.0104
206471_s_at	PLXNC1	329.2	199.0	1.7	4.4	0.0002	0.0104
211922_s_at	CAT	5965.3	4342.4	1.4	4.2	0.0002	0.0104
222217_s_at	SLC27A3	1333.6	762.8	1.7	4.5	0.0002	0.0104
202501_at	MAPRE2	1033.8	1468.8	-1.4	-4.5	0.0002	0.0105
208031_s_at	RFX2	158.5	94.7	1.7	4.3	0.0002	0.0105
203162_s_at	KATNB1	717.5	1068.9	-1.5	-4.5	0.0002	0.0105
213844_at	HOXA5	2681.3	560.9	4.8	4.8	0.0002	0.0106
214181_x_at	LST1	3098.1	2061.4	1.5	4.0	0.0002	0.0107
200859_x_at	FLNA	5125.0	2989.6	1.7	4.5	0.0002	0.0110
219686_at	STK32B	64.9	307.7	-4.7	-4.5	0.0002	0.0111
213566_at	RNASE6	2526.3	1241.0	2.0	4.2	0.0002	0.0111
204391_x_at	TIF1	637.5	988.4	-1.6	-4.4	0.0002	0.0112
213258_at	TFPI	101.0	405.9	-4.0	-4.7	0.0002	0.0112
209583_s_at	CD200	203.3	762.9	-3.8	-4.8	0.0002	0.0113
210145_at	PLA2G4A	298.1	178.7	1.7	4.1	0.0002	0.0113
212098_at	LOC151162	711.1	1006.1	-1.4	-4.4	0.0002	0.0116
202594_at	LEPROTL1	1028.3	1343.0	-1.3	-4.1	0.0002	0.0117
202746_at	ITM2A	608.6	3052.9	-5.0	-4.8	0.0002	0.0117
202896_s_at	PTPNS1	1033.2	678.8	1.5	4.3	0.0002	0.0117
206289_at	HOXA4	424.0	170.7	2.5	4.5	0.0002	0.0117
215273_s_at	TADA3L	982.1	601.2	1.6	4.2	0.0002	0.0117
214390_s_at	BCAT1	62.3	201.6	-3.2	-4.4	0.0002	0.0117
212003_at	DKFZp566C0424	433.5	302.3	1.4	4.0	0.0002	0.0118
219407_s_at	LAMC3	28.0	91.3	-3.3	-4.5	0.0002	0.0119
218825_at	EGFL7	261.7	1020.6	-3.9	-4.7	0.0002	0.0121
204276_at	TK2	302.0	191.8	1.6	4.2	0.0002	0.0121
220059_at	BRDG1	149.5	514.7	-3.4	-4.7	0.0002	0.0121
221139_s_at	CSAD	148.3	223.7	-1.5	-4.3	0.0002	0.0121
216041_x_at	GRN	7221.1	3970.6	1.8	4.4	0.0002	0.0121
212519_at	UBE2E1	2979.0	4471.1	-1.5	-4.4	0.0002	0.0122
204277_s_at	TK2	163.3	79.8	2.0	4.4	0.0002	0.0123
206187_at	PTGIR	134.2	442.2	-3.3	-4.4	0.0002	0.0123
212873_at	HA-1	2776.5	2048.3	1.4	4.2	0.0002	0.0123
214550_s_at	TNPO3	450.9	344.0	1.3	3.9	0.0002	0.0123
202087_s_at	CTSL	522.8	220.2	2.4	4.5	0.0002	0.0123
213539_at	CD3D	387.1	1431.1	-3.7	-4.3	0.0002	0.0123
204120_s_at	ADK	89.4	147.3	-1.6	-4.1	0.0002	0.0124
203809_s_at	AKT2	128.7	105.0	1.2	3.9	0.0002	0.0124
210629_x_at	LST1	2650.2	1737.6	1.5	4.0	0.0002	0.0125
202803_s_at	ITGB2	10386.3	5954.0	1.7	4.2	0.0002	0.0126
203490_at	ELF4	590.4	432.3	1.4	3.9	0.0002	0.0126
206284_x_at	CLTB	998.9	762.9	1.3	4.1	0.0002	0.0126
209651_at	TGFB1I1	115.7	236.6	-2.0	-4.0	0.0002	0.0126
218966_at	MYO5C	508.2	1027.0	-2.0	-4.6	0.0002	0.0126
202996_at	POLD4	614.9	440.9	1.4	4.0	0.0002	0.0127
212311_at	KIAA0746	910.1	607.1	1.5	4.2	0.0002	0.0127
41037_at	TEAD4	27.9	75.0	-2.7	-4.4	0.0003	0.0128
211672_s_at	ARPC4	1334.3	1002.3	1.3	3.9	0.0003	0.0128
206850_at	RRP22	125.2	269.6	-2.2	-4.3	0.0003	0.0128
213127_s_at	MED8	431.5	361.3	1.2	3.8	0.0003	0.0129
91703_at	EHBP1L1	790.9	549.2	1.4	4.0	0.0003	0.0130
210463_x_at	FLJ20244	559.7	827.7	-1.5	-4.4	0.0003	0.0130
220035_at	NUP210	923.3	673.4	1.4	4.0	0.0003	0.0130
200728_at	ACTR2	7256.8	4979.6	1.5	4.4	0.0003	0.0130
205597_at	C6orf29	118.7	99.9	1.2	3.9	0.0003	0.0130
207008_at	IL8RB	159.1	72.9	2.2	4.3	0.0003	0.0130
213241_at	PLXNC1	1243.0	662.9	1.9	4.3	0.0003	0.0130
205944_s_at	CLTCL1	587.1	303.0	1.9	4.3	0.0003	0.0132
217759_at	TRIM44	1573.3	1216.2	1.3	4.3	0.0003	0.0132
203676_at	GNS	699.3	446.9	1.6	4.1	0.0003	0.0132
204399_s_at	EML2	147.9	91.2	1.6	4.1	0.0003	0.0132
205090_s_at	NAGPA	740.8	527.3	1.4	4.3	0.0003	0.0132
218001_at	MRPS2	402.8	545.1	-1.4	-4.3	0.0003	0.0133
210314_x_at	TNFSF13 /// TNFSF12-TNFSF13	2437.7	1803.8	1.4	3.9	0.0003	0.0133
214022_s_at	IFITM1	1191.5	2778.7	-2.3	-4.4	0.0003	0.0134
219900_s_at	FLJ20626	151.8	95.8	1.6	4.2	0.0003	0.0136
212657_s_at	IL1RN	617.1	328.3	1.9	4.2	0.0003	0.0136
205640_at	ALDH3B1	934.6	555.1	1.7	4.1	0.0003	0.0137
207430_s_at	MSMB	7.5	27.9	-3.7	-4.2	0.0003	0.0137
201163_s_at	IGFBP7	2900.0	1794.8	1.6	4.3	0.0003	0.0137
206170_at	ADRB2	965.9	678.2	1.4	4.1	0.0003	0.0137
219380_x_at	POLH	77.4	47.2	1.6	3.9	0.0003	0.0137
220023_at	APOB48R	796.4	429.6	1.9	4.3	0.0003	0.0137
212894_at	SUPV3L1	477.1	652.8	-1.4	-4.0	0.0003	0.0139
218798_at	FLJ12949	368.4	275.1	1.3	4.0	0.0003	0.0139
38290_at	RGS14	425.4	320.1	1.3	3.9	0.0003	0.0140
214453_s_at	IFI44	278.2	688.5	-2.5	-4.4	0.0003	0.0140
203185_at	RASSF2	2855.1	1801.3	1.6	4.2	0.0003	0.0140
207721_x_at	HINT1	7105.9	11374.9	-1.6	-4.5	0.0003	0.0140
221401_at	CACNG5	32.2	77.6	-2.4	-4.0	0.0003	0.0140
202242_at	TM4SF2	135.0	487.8	-3.6	-4.3	0.0003	0.0141
204238_s_at	C6orf108	272.7	201.4	1.4	3.9	0.0003	0.0141
214894_x_at	MACF1	1593.6	2276.1	-1.4	-4.4	0.0003	0.0141
221847_at	---	695.8	542.4	1.3	4.1	0.0003	0.0141
203460_s_at	PSEN1	1024.4	775.8	1.3	4.2	0.0003	0.0141
210549_s_at	CCL23	810.9	120.1	6.8	4.5	0.0003	0.0141
202811_at	STAMBP	758.4	678.7	1.1	3.9	0.0003	0.0141
219577_s_at	ABCA7	664.6	419.1	1.6	4.4	0.0003	0.0142
202257_s_at	CD2BP2	498.7	362.2	1.4	4.0	0.0003	0.0142
203271_s_at	UNC119	283.9	92.2	3.1	4.6	0.0003	0.0142
212539_at	CHD1L	1930.4	2651.3	-1.4	-4.5	0.0003	0.0142
201003_x_at	---	2278.1	1496.2	1.5	4.1	0.0003	0.0145
211549_s_at	HPGD	26.6	137.5	-5.2	-4.1	0.0003	0.0148
210528_at	MR1	106.8	85.5	1.2	3.8	0.0003	0.0151
218899_s_at	BAALC	214.9	759.4	-3.5	-4.3	0.0003	0.0151
219690_at	FLJ22573	930.5	589.5	1.6	4.3	0.0003	0.0151
209287_s_at	CDC42EP3	1017.8	478.3	2.1	4.4	0.0004	0.0153
201192_s_at	PITPNA	685.9	498.4	1.4	4.3	0.0004	0.0155
218749_s_at	SLC24A6	665.8	488.0	1.4	3.9	0.0004	0.0156
203285_s_at	HS2ST1	122.4	201.0	-1.6	-4.4	0.0004	0.0157
206934_at	SIRPB1	265.8	123.6	2.1	4.2	0.0004	0.0158
216691_at	GRIK5	14.9	49.7	-3.3	-4.0	0.0004	0.0158
219654_at	PTPLA	248.8	583.8	-2.3	-4.3	0.0004	0.0158
220271_x_at	FLJ23588	17.5	32.6	-1.9	-3.9	0.0004	0.0159
220579_at	FLJ14100	10.9	29.5	-2.7	-3.8	0.0004	0.0159
210645_s_at	TTC3	1479.2	2686.3	-1.8	-4.4	0.0004	0.0161
205718_at	ITGB7	896.5	394.0	2.3	4.1	0.0004	0.0162
212658_at	LHFPL2	485.1	886.5	-1.8	-4.4	0.0004	0.0163
213159_at	PCNX	364.8	251.8	1.4	3.9	0.0004	0.0163
217028_at	CXCR4	5701.8	3533.4	1.6	4.0	0.0004	0.0167
201028_s_at	CD99	3479.1	6676.0	-1.9	-4.1	0.0004	0.0168
202955_s_at	ARFGEF1	620.6	848.4	-1.4	-4.0	0.0004	0.0168
205407_at	RECK	167.2	119.1	1.4	3.9	0.0004	0.0168
209582_s_at	CD200	185.1	439.3	-2.4	-4.3	0.0004	0.0170
204492_at	ARHGAP11A	131.1	95.5	1.4	3.9	0.0004	0.0172
221259_s_at	TEX11	15.6	34.7	-2.2	-3.8	0.0004	0.0176
203206_at	KIAA0140	1317.4	1051.3	1.3	4.0	0.0004	0.0177
212295_s_at	SLC7A1	1224.6	1808.8	-1.5	-4.3	0.0004	0.0177
215034_s_at	TM4SF1	44.2	171.5	-3.9	-4.3	0.0004	0.0178
204960_at	PTPRCAP	441.3	1108.5	-2.5	-4.4	0.0004	0.0179
63825_at	ABHD2	808.5	579.2	1.4	3.8	0.0004	0.0179
211495_x_at	TNFSF13 /// TNFSF12-TNFSF13	1233.5	994.6	1.2	3.7	0.0004	0.0179
206115_at	EGR3	108.8	220.5	-2.0	-4.1	0.0004	0.0181
221823_at	LOC90355	171.6	313.9	-1.8	-4.0	0.0004	0.0181
202122_s_at	M6PRBP1	1921.3	1512.7	1.3	4.1	0.0004	0.0181
212673_at	METAP1	1057.9	1347.8	-1.3	-4.2	0.0004	0.0181
216266_s_at	ARFGEF1	898.7	1215.0	-1.4	-4.2	0.0005	0.0183
212399_s_at	VGLL4	597.2	781.1	-1.3	-3.8	0.0005	0.0187
206060_s_at	PTPN22	652.5	424.9	1.5	3.9	0.0005	0.0188
212811_x_at	SLC1A4	1438.0	873.4	1.6	4.2	0.0005	0.0188
201411_s_at	PLEKHB2	532.5	360.9	1.5	3.9	0.0005	0.0190
208557_at	HOXA6	550.0	192.7	2.9	4.2	0.0005	0.0190
203196_at	ABCC4	224.0	432.0	-1.9	-4.0	0.0005	0.0191
208885_at	LCP1	8295.0	5870.9	1.4	3.9	0.0005	0.0191
206572_x_at	ZNF85	523.1	940.7	-1.8	-4.3	0.0005	0.0192
207358_x_at	MACF1	919.5	1389.4	-1.5	-4.2	0.0005	0.0192
210933_s_at	FSCN1	99.5	357.3	-3.6	-4.3	0.0005	0.0192
216417_x_at	HOXB9	182.7	139.7	1.3	3.7	0.0005	0.0192
219806_s_at	FN5	848.2	484.5	1.8	4.0	0.0005	0.0192
201029_s_at	CD99	6367.9	11105.5	-1.7	-4.0	0.0005	0.0192
209753_s_at	TMPO	524.5	435.4	1.2	3.8	0.0005	0.0193
216026_s_at	POLE	520.6	888.5	-1.7	-4.0	0.0005	0.0193
217124_at	IQCE	144.1	104.1	1.4	3.8	0.0005	0.0193
218300_at	MGC4606	498.5	369.3	1.4	3.8	0.0005	0.0193
218493_at	C16orf33	1212.1	830.7	1.5	4.0	0.0005	0.0193
210633_x_at	KRT10	1374.0	922.9	1.5	4.2	0.0005	0.0193
202255_s_at	SIPA1L1	50.4	173.5	-3.4	-4.1	0.0005	0.0193
208466_at	RAB3D	407.5	294.3	1.4	3.9	0.0005	0.0193
209387_s_at	TM4SF1	30.2	134.0	-4.4	-4.1	0.0005	0.0193
214452_at	BCAT1	64.3	201.8	-3.1	-4.4	0.0005	0.0195
204504_s_at	HIRIP3	540.0	347.6	1.6	3.9	0.0005	0.0196
200742_s_at	CLN2	6290.5	4301.6	1.5	4.0	0.0005	0.0198
213446_s_at	IQGAP1	1718.9	934.2	1.8	4.1	0.0005	0.0200
203342_at	TIMM17B	885.4	685.3	1.3	3.8	0.0005	0.0202
212877_at	KNS2	200.0	152.4	1.3	3.8	0.0005	0.0204
206764_x_at	MPPE1	330.9	243.2	1.4	3.8	0.0005	0.0205
221831_at	LUZP1	180.7	448.2	-2.5	-4.2	0.0005	0.0206
219855_at	NUDT11	30.0	79.5	-2.7	-3.9	0.0006	0.0206
218700_s_at	RAB7L1	240.1	176.6	1.4	3.9	0.0006	0.0207
208796_s_at	CCNG1	1611.7	2726.5	-1.7	-4.2	0.0006	0.0210
221492_s_at	APG3L	2334.0	1455.4	1.6	4.3	0.0006	0.0210
205677_s_at	DLEU1	274.9	447.2	-1.6	-3.9	0.0006	0.0210
200954_at	ATP6V0C	1730.3	1220.9	1.4	4.0	0.0006	0.0210
203544_s_at	STAM	388.7	617.2	-1.6	-3.8	0.0006	0.0210
208826_x_at	HINT1	6515.2	9748.5	-1.5	-4.2	0.0006	0.0210
218170_at	CGI-111	317.8	470.5	-1.5	-4.0	0.0006	0.0210
208184_s_at	TMEM1	397.6	329.6	1.2	3.7	0.0006	0.0211
204817_at	ESPL1	546.6	407.0	1.3	3.9	0.0006	0.0214
211581_x_at	LST1	2156.4	1559.7	1.4	3.7	0.0006	0.0215
203231_s_at	ATXN1	215.8	77.0	2.8	4.1	0.0006	0.0215
210663_s_at	KYNU	586.9	444.2	1.3	3.6	0.0006	0.0216
31845_at	ELF4	1616.4	1169.6	1.4	3.8	0.0006	0.0217
206726_at	PGDS	255.4	1350.9	-5.3	-4.0	0.0006	0.0217
222218_s_at	PILRA	1038.6	530.2	2.0	3.9	0.0006	0.0221
206761_at	CD96	251.9	756.2	-3.0	-4.1	0.0006	0.0222
208807_s_at	CHD3	1349.0	1118.1	1.2	3.6	0.0006	0.0222
212966_at	HIC2	371.9	271.4	1.4	3.7	0.0006	0.0224
200661_at	PPGB	4923.3	3160.6	1.6	4.1	0.0006	0.0225
205312_at	SPI1	1818.6	1181.3	1.5	3.7	0.0006	0.0225
209119_x_at	NR2F2	12.1	27.5	-2.3	-3.7	0.0006	0.0225
213812_s_at	CAMKK2	2277.0	1523.6	1.5	3.8	0.0006	0.0225
216205_s_at	MFN2	543.1	451.2	1.2	3.8	0.0006	0.0226
202806_at	DBN1	89.4	296.4	-3.3	-4.0	0.0006	0.0226
212549_at	STAT5B	1138.7	1502.7	-1.3	-4.0	0.0006	0.0226
216184_s_at	RIMS1	139.0	92.2	1.5	3.8	0.0006	0.0226
219559_at	C20orf59	1015.6	1827.1	-1.8	-3.9	0.0006	0.0227
201432_at	CAT	16264.5	11120.2	1.5	3.9	0.0007	0.0229
209945_s_at	GSK3B	479.7	381.3	1.3	3.9	0.0007	0.0229
204951_at	RHOH	354.4	768.6	-2.2	-4.0	0.0007	0.0229
201461_s_at	MAPKAPK2	499.4	376.2	1.3	3.7	0.0007	0.0233
204315_s_at	GTSE1	229.8	164.2	1.4	3.7	0.0007	0.0233
209864_at	FRAT2	1120.9	658.4	1.7	4.1	0.0007	0.0233
52159_at	HEMK1	329.1	440.9	-1.3	-3.9	0.0007	0.0234
204165_at	WASF1	167.9	526.0	-3.1	-4.3	0.0007	0.0234
211742_s_at	EVI2B	2918.1	2128.1	1.4	3.7	0.0007	0.0234
212237_at	ASXL1	782.4	1002.3	-1.3	-3.9	0.0007	0.0234
219360_s_at	TRPM4	605.4	84.5	7.2	4.3	0.0007	0.0234
209879_at	SELPLG	2771.2	1538.3	1.8	3.9	0.0007	0.0234
221737_at	GNA12	366.6	256.3	1.4	3.8	0.0007	0.0240
203799_at	DCL-1	2751.3	2213.5	1.2	3.6	0.0007	0.0240
210452_x_at	CYP4F2	36.2	93.7	-2.6	-3.7	0.0007	0.0240
209050_s_at	RALGDS	662.6	895.5	-1.4	-4.1	0.0007	0.0242
218924_s_at	CTBS	431.0	319.9	1.3	3.9	0.0007	0.0242
200915_x_at	KTN1 /// TXNDC7	1367.4	1937.5	-1.4	-4.1	0.0007	0.0244
216632_at	---	8.3	21.0	-2.5	-3.8	0.0007	0.0244
219296_at	ZDHHC13	329.5	281.9	1.2	3.6	0.0007	0.0245
219378_at	FLJ22054	444.5	591.6	-1.3	-3.9	0.0007	0.0245
219411_at	ELMO3	141.9	74.6	1.9	3.9	0.0007	0.0246
206233_at	B4GALT6	144.1	385.3	-2.7	-4.1	0.0007	0.0246
210958_s_at	KIAA0303	255.9	574.5	-2.2	-4.1	0.0007	0.0246
201412_at	LRP10	1604.8	1209.0	1.3	3.8	0.0007	0.0248
206517_at	CDH16	20.6	44.3	-2.1	-3.6	0.0008	0.0250
202932_at	YES1	75.6	229.4	-3.0	-4.1	0.0008	0.0250
201061_s_at	STOM	1697.9	2903.8	-1.7	-4.0	0.0008	0.0252
200057_s_at	NONO	7971.6	9509.1	-1.2	-4.0	0.0008	0.0253
201206_s_at	RRBP1	341.1	221.3	1.5	3.7	0.0008	0.0253
203139_at	DAPK1	929.3	1706.1	-1.8	-4.1	0.0008	0.0253
203521_s_at	ZNF318	500.5	340.6	1.5	3.9	0.0008	0.0253
206574_s_at	PTP4A3	114.8	295.5	-2.6	-4.0	0.0008	0.0253
217785_s_at	YKT6	201.5	107.0	1.9	3.9	0.0008	0.0253
218880_at	FOSL2	655.5	492.9	1.3	3.6	0.0008	0.0254
201583_s_at	SEC23B	1153.9	824.8	1.4	4.0	0.0008	0.0258
201903_at	UQCRC1	2562.3	1860.9	1.4	3.8	0.0008	0.0258
203897_at	LOC57149	555.2	723.8	-1.3	-3.7	0.0008	0.0258
204203_at	CEBPG	546.2	341.5	1.6	3.9	0.0008	0.0258
207704_s_at	GAS7	870.6	410.6	2.1	3.9	0.0008	0.0258
210146_x_at	ILT8 /// LILRB2	550.9	243.0	2.3	3.8	0.0008	0.0258
218301_at	RNPEPL1	543.1	410.4	1.3	3.8	0.0008	0.0258
218473_s_at	GLT25D1	2450.7	2100.0	1.2	3.6	0.0008	0.0263
201050_at	PLD3	3837.6	652.7	5.9	4.2	0.0008	0.0264
219053_s_at	FLJ20847	628.2	330.9	1.9	4.1	0.0008	0.0264
220603_s_at	MCTP2	268.0	511.0	-1.9	-4.0	0.0008	0.0264
203791_at	DMXL1	274.6	396.1	-1.4	-3.8	0.0008	0.0265
216855_s_at	HNRPU	316.2	236.6	1.3	3.6	0.0008	0.0265
217977_at	SEPX1	2379.9	1400.4	1.7	3.7	0.0008	0.0266
205441_at	FLJ22709	433.3	335.9	1.3	3.7	0.0008	0.0267
211112_at	SLC12A4	54.4	122.0	-2.2	-3.9	0.0009	0.0271
214617_at	PRF1	408.0	802.3	-2.0	-3.9	0.0009	0.0271
211543_s_at	GRK6	452.8	365.4	1.2	3.6	0.0009	0.0271
217728_at	S100A6	8873.6	3430.1	2.6	3.9	0.0009	0.0276
202535_at	FADD	432.3	321.8	1.3	3.6	0.0009	0.0277
204961_s_at	NCF1	1717.4	851.3	2.0	3.7	0.0009	0.0277
200884_at	CKB	169.9	370.6	-2.2	-3.9	0.0009	0.0279
201119_s_at	COX8A	6215.0	4582.4	1.4	3.8	0.0009	0.0279
203186_s_at	S100A4	13445.9	7289.3	1.8	3.9	0.0009	0.0279
213361_at	TDRD7	1186.8	715.9	1.7	3.8	0.0009	0.0279
217540_at	---	140.9	101.2	1.4	3.7	0.0009	0.0279
203028_s_at	CYBA	6709.4	4670.4	1.4	3.7	0.0009	0.0281
203761_at	SLA	2406.9	1595.3	1.5	3.7	0.0009	0.0281
201069_at	MMP2	218.5	601.3	-2.8	-3.7	0.0009	0.0282
202139_at	AKR7A2	1822.2	925.2	2.0	3.9	0.0009	0.0282
219220_x_at	MRPS22	919.3	1100.5	-1.2	-3.9	0.0009	0.0282
221578_at	RASSF4	439.0	207.1	2.1	3.8	0.0009	0.0285
203300_x_at	AP1S2	3584.1	1799.8	2.0	3.9	0.0009	0.0286
204776_at	THBS4	514.5	346.7	1.5	3.7	0.0009	0.0286
213734_at	---	199.5	150.0	1.3	3.6	0.0009	0.0286
202933_s_at	YES1	56.7	149.6	-2.6	-4.0	0.0010	0.0287
201560_at	CLIC4	397.9	786.5	-2.0	-4.0	0.0010	0.0288
209675_s_at	HNRPUL1	1083.4	834.4	1.3	3.6	0.0010	0.0289
212766_s_at	FLJ12671	504.8	407.2	1.2	3.5	0.0010	0.0290
217827_s_at	SPG21	3195.7	2135.4	1.5	3.9	0.0010	0.0294
204513_s_at	ELMO1	978.2	1472.1	-1.5	-3.6	0.0010	0.0295
209759_s_at	DCI	445.4	337.9	1.3	3.5	0.0010	0.0295
218526_s_at	RANGNRF	631.4	533.7	1.2	3.6	0.0010	0.0295
201712_s_at	RANBP2	369.8	513.5	-1.4	-3.6	0.0010	0.0296
219551_at	EAF2	1497.9	1081.7	1.4	3.8	0.0010	0.0296
218035_s_at	FLJ20273	1412.6	540.3	2.6	3.9	0.0010	0.0297
204341_at	TRIM16	275.8	427.2	-1.5	-3.7	0.0010	0.0302
202510_s_at	TNFAIP2	2245.8	1625.5	1.4	3.6	0.0010	0.0302
200665_s_at	SPARC	298.0	1087.1	-3.6	-4.1	0.0010	0.0303
205039_s_at	ZNFN1A1	2160.7	1668.5	1.3	3.7	0.0010	0.0303
202056_at	KPNA1	319.4	275.8	1.2	3.4	0.0011	0.0305
203536_s_at	CIAO1	495.1	415.3	1.2	3.4	0.0010	0.0305
208532_x_at	UHSKerB	42.2	64.4	-1.5	-3.7	0.0010	0.0305
217294_s_at	ENO1	7123.9	4923.3	1.4	3.7	0.0010	0.0305
209696_at	FBP1	1203.2	493.8	2.4	3.9	0.0011	0.0307
212285_s_at	AGRN	312.2	595.3	-1.9	-3.5	0.0011	0.0308
201722_s_at	GALNT1	1085.8	1475.9	-1.4	-3.7	0.0011	0.0308
203333_at	KIFAP3	196.3	543.3	-2.8	-3.8	0.0011	0.0310
204497_at	ADCY9	965.6	224.9	4.3	3.8	0.0011	0.0310
209652_s_at	PGF	16.9	35.2	-2.1	-3.5	0.0011	0.0312
212558_at	SPRY1	246.4	483.6	-2.0	-3.9	0.0011	0.0312
213903_s_at	---	23.3	47.2	-2.0	-3.6	0.0011	0.0312
218890_x_at	MRPL35	546.4	409.0	1.3	3.5	0.0011	0.0312
213427_at	RPP40	451.9	629.3	-1.4	-3.8	0.0011	0.0312
211052_s_at	TBCD	521.8	335.0	1.6	3.6	0.0011	0.0313
213036_x_at	ATP2A3	1439.1	2380.7	-1.7	-3.8	0.0011	0.0313
208884_s_at	EDD	1244.1	1639.1	-1.3	-3.9	0.0011	0.0314
210038_at	PRKCQ	499.1	963.9	-1.9	-4.0	0.0011	0.0314
217886_at	EPS15	562.2	790.5	-1.4	-3.8	0.0011	0.0314
221519_at	SHFM3	589.6	506.3	1.2	3.4	0.0011	0.0314
208679_s_at	ARPC2	8949.9	6925.5	1.3	3.8	0.0011	0.0315
202957_at	HCLS1	6000.1	4347.5	1.4	3.7	0.0011	0.0317
209201_x_at	CXCR4	7062.1	4121.7	1.7	3.7	0.0011	0.0317
209558_s_at	HIP1R	51.4	153.5	-3.0	-3.7	0.0011	0.0317
57540_at	RBKS	482.9	262.5	1.8	3.8	0.0011	0.0318
203769_s_at	STS	275.9	156.4	1.8	3.8	0.0011	0.0318
213294_at	---	563.6	906.4	-1.6	-3.8	0.0011	0.0319
216701_at	---	33.5	82.9	-2.5	-3.8	0.0011	0.0319
221866_at	TFEB	366.3	208.0	1.8	3.8	0.0012	0.0321
200827_at	PLOD	568.4	389.7	1.5	3.6	0.0012	0.0321
203610_s_at	TRIM38	778.5	589.0	1.3	3.8	0.0012	0.0321
207291_at	PRRG4	313.9	227.9	1.4	3.5	0.0012	0.0321
212683_at	KIAA0446	574.6	475.6	1.2	3.5	0.0012	0.0321
212978_at	TA-LRRP	239.4	422.4	-1.8	-3.6	0.0012	0.0321
218045_x_at	PTMS	129.4	61.7	2.1	3.7	0.0012	0.0321
220965_s_at	RSHL1	242.4	187.7	1.3	3.5	0.0012	0.0321
202859_x_at	IL8	856.7	4135.5	-4.8	-3.8	0.0012	0.0322
208664_s_at	TTC3	335.8	587.2	-1.7	-3.9	0.0012	0.0323
201582_at	SEC23B	355.5	251.3	1.4	3.6	0.0012	0.0323
204202_at	IQCE	243.7	141.0	1.7	3.7	0.0012	0.0325
209295_at	TNFRSF10B	721.8	534.9	1.3	3.5	0.0012	0.0325
57588_at	SLC24A3	70.0	206.7	-3.0	-3.8	0.0012	0.0326
208071_s_at	LAIR1	1296.5	989.0	1.3	3.5	0.0012	0.0326
208982_at	PECAM1	4662.1	2944.4	1.6	3.7	0.0012	0.0326
221041_s_at	SLC17A5	619.7	505.2	1.2	3.6	0.0012	0.0326
213682_at	NUP50	1160.0	1528.2	-1.3	-3.8	0.0012	0.0326
207870_at	AKAP9	108.7	76.7	1.4	3.5	0.0012	0.0329
213731_s_at	---	24.1	44.1	-1.8	-3.4	0.0012	0.0330
215840_at	KIAA1503	33.7	64.9	-1.9	-3.6	0.0012	0.0330
207734_at	LAX	293.0	476.2	-1.6	-3.9	0.0012	0.0332
212316_at	NUP210	1904.7	1451.5	1.3	3.6	0.0012	0.0332
221510_s_at	GLS	354.5	585.4	-1.7	-3.8	0.0012	0.0332
33307_at	CGI-96	449.9	343.6	1.3	3.7	0.0013	0.0332
213571_s_at	EIF4E2	853.0	624.9	1.4	3.6	0.0013	0.0332
218271_s_at	PSARL	2227.2	1659.0	1.3	3.8	0.0013	0.0332
45749_at	FLJ13725	1431.7	1783.1	-1.2	-3.7	0.0013	0.0334
213848_at	DUSP7	699.8	506.2	1.4	3.6	0.0013	0.0334
217210_at	---	34.2	100.3	-2.9	-3.7	0.0013	0.0335
204927_at	C11orf13	388.4	297.5	1.3	3.5	0.0013	0.0336
201251_at	PKM2	7755.8	5388.0	1.4	3.6	0.0013	0.0336
204493_at	BID	702.4	524.4	1.3	3.5	0.0013	0.0336
205503_at	PTPN14	76.7	150.1	-2.0	-3.8	0.0013	0.0336
216264_s_at	LAMB2	190.4	338.9	-1.8	-3.7	0.0013	0.0336
219807_x_at	RAB4B	956.1	652.1	1.5	3.6	0.0013	0.0336
217931_at	TNRC5	1449.9	1156.2	1.3	3.6	0.0013	0.0341
207872_s_at	LILRA1	191.0	140.5	1.4	3.5	0.0013	0.0342
204285_s_at	PMAIP1	542.3	1315.4	-2.4	-3.8	0.0013	0.0344
209616_s_at	CES1	2705.1	212.1	12.8	3.9	0.0013	0.0344
207988_s_at	ARPC2	5300.3	4338.5	1.2	3.7	0.0013	0.0345
202026_at	SDHD	1116.1	865.7	1.3	3.7	0.0013	0.0346
218351_at	COMMD8	1739.4	1335.6	1.3	3.6	0.0013	0.0346
220690_s_at	DKFZp566O084	390.8	296.6	1.3	3.4	0.0013	0.0346
201151_s_at	MBNL1	1108.8	751.4	1.5	3.6	0.0014	0.0348
203520_s_at	ZNF318	271.9	180.3	1.5	3.6	0.0014	0.0348
218038_at	FLJ10241	563.6	464.4	1.2	3.4	0.0014	0.0351
204081_at	NRGN	1180.3	813.4	1.5	3.5	0.0014	0.0353
218858_at	DEPDC6	402.9	910.0	-2.3	-3.7	0.0014	0.0353
212771_at	C10orf38	265.6	622.5	-2.3	-3.5	0.0014	0.0355
218346_s_at	SESN1	644.1	960.8	-1.5	-3.7	0.0014	0.0356
204398_s_at	EML2	469.7	348.9	1.3	3.6	0.0014	0.0356
207270_x_at	CMRF35	787.9	480.9	1.6	3.6	0.0014	0.0357
205425_at	HIP1	574.3	308.0	1.9	3.7	0.0014	0.0358
208116_s_at	MAN1A1	249.6	758.5	-3.0	-3.8	0.0014	0.0358
201280_s_at	DAB2	102.0	232.8	-2.3	-3.9	0.0014	0.0359
205423_at	AP1B1	535.3	790.4	-1.5	-3.5	0.0014	0.0359
206300_s_at	PTHLH	30.9	73.6	-2.4	-3.9	0.0014	0.0359
218807_at	VAV3	607.2	957.4	-1.6	-3.7	0.0014	0.0361
38241_at	BTN3A3	174.1	260.0	-1.5	-3.7	0.0015	0.0363
202117_at	ARHGAP1	3487.9	2671.9	1.3	3.7	0.0015	0.0363
203767_s_at	STS	247.8	111.4	2.2	3.8	0.0015	0.0363
212768_s_at	OLFM4	11.1	134.0	-12.1	-3.5	0.0015	0.0363
213490_s_at	MAP2K2	513.6	428.2	1.2	3.3	0.0015	0.0363
215796_at	TRA@	113.5	78.3	1.5	3.5	0.0014	0.0363
216112_at	PKN2	132.7	114.4	1.2	3.3	0.0015	0.0363
218914_at	CGI-41	377.4	305.5	1.2	3.3	0.0015	0.0363
209774_x_at	CXCL2	117.9	389.9	-3.3	-3.8	0.0015	0.0363
202259_s_at	PFAAP5	508.4	706.4	-1.4	-3.6	0.0015	0.0364
202958_at	PTPN9	792.7	611.1	1.3	3.6	0.0015	0.0364
210950_s_at	FDFT1	2802.2	3725.2	-1.3	-3.6	0.0015	0.0364
214730_s_at	GLG1	2091.5	1465.0	1.4	3.6	0.0015	0.0364
217831_s_at	NSFL1C	422.9	316.9	1.3	3.5	0.0015	0.0364
213237_at	---	179.0	152.3	1.2	3.3	0.0015	0.0366
205330_at	MN1	224.0	647.1	-2.9	-3.8	0.0015	0.0367
219762_s_at	RPL36	7136.9	10085.8	-1.4	-3.8	0.0015	0.0367
201278_at	DAB2	241.5	439.3	-1.8	-3.9	0.0015	0.0368
40016_g_at	KIAA0303	352.3	758.5	-2.2	-3.8	0.0015	0.0369
200096_s_at	ATP6V0E	3043.1	2350.2	1.3	3.6	0.0015	0.0369
201490_s_at	PPIF	1287.6	1064.1	1.2	3.4	0.0015	0.0369
212408_at	LAP1B	3238.6	2407.2	1.3	3.7	0.0015	0.0369
215140_at	KIAA1199	25.2	43.9	-1.7	-3.4	0.0015	0.0369
209350_s_at	GPS2	1048.8	884.0	1.2	3.7	0.0015	0.0372
205154_at	LRRN5	31.7	92.1	-2.9	-3.3	0.0015	0.0373
212910_at	THAP11	603.4	495.3	1.2	3.6	0.0016	0.0376
200975_at	PPT1	4279.7	2974.2	1.4	3.7	0.0016	0.0378
201279_s_at	DAB2	198.8	457.1	-2.3	-3.8	0.0016	0.0378
202776_at	ERBP	927.6	1169.0	-1.3	-3.6	0.0016	0.0378
215784_at	CD1E	17.1	64.3	-3.8	-3.5	0.0016	0.0379
202481_at	DHRS3	183.0	456.8	-2.5	-3.7	0.0016	0.0379
200040_at	KHDRBS1	2882.8	3495.7	-1.2	-3.5	0.0016	0.0380
208634_s_at	MACF1	2807.1	4234.9	-1.5	-3.7	0.0016	0.0380
201440_at	DDX23	579.3	422.9	1.4	3.4	0.0016	0.0382
200761_s_at	ARL6IP5	5564.3	4146.7	1.3	3.6	0.0016	0.0385
220147_s_at	C12orf14	2067.3	2896.4	-1.4	-3.7	0.0016	0.0385
216559_x_at	HNRPA1	1464.6	2001.7	-1.4	-3.7	0.0016	0.0385
203971_at	SLC31A1	122.9	103.1	1.2	3.3	0.0016	0.0387
209488_s_at	RBPMS	79.4	238.5	-3.0	-3.6	0.0016	0.0387
202153_s_at	NUP62	1198.1	908.5	1.3	3.5	0.0017	0.0390
200093_s_at	HINT1	3223.2	4802.0	-1.5	-3.8	0.0017	0.0392
202148_s_at	PYCR1	306.6	420.8	-1.4	-3.6	0.0017	0.0392
202351_at	ITGAV	100.8	292.6	-2.9	-3.8	0.0017	0.0392
202522_at	PITPNB	1692.1	1968.5	-1.2	-3.5	0.0017	0.0392
202944_at	NAGA	763.2	549.8	1.4	3.4	0.0017	0.0392
212582_at	OSBPL8	2445.2	1755.2	1.4	3.7	0.0017	0.0392
217833_at	SYNCRIP	1356.5	1912.0	-1.4	-3.7	0.0017	0.0392
218104_at	TEX10	586.2	826.0	-1.4	-3.7	0.0017	0.0392
218728_s_at	HSPC163	736.5	392.4	1.9	3.8	0.0017	0.0392
211027_s_at	IKBKB	201.5	157.1	1.3	3.3	0.0017	0.0396
209040_s_at	PSMB8	1658.3	1371.9	1.2	3.3	0.0017	0.0398
201392_s_at	IGF2R	349.7	147.6	2.4	3.6	0.0017	0.0398
212739_s_at	NME4	1256.2	1843.2	-1.5	-3.7	0.0017	0.0398
208790_s_at	PTRF	23.0	87.3	-3.8	-3.4	0.0017	0.0400
211014_s_at	PML	414.3	555.8	-1.3	-3.7	0.0017	0.0400
213012_at	NEDD4	193.0	414.3	-2.1	-3.8	0.0017	0.0400
208899_x_at	ATP6V1D	906.9	687.0	1.3	3.6	0.0017	0.0402
201190_s_at	PITPNA	785.1	680.0	1.2	3.3	0.0018	0.0405
203467_at	PMM1	199.1	120.1	1.7	3.5	0.0018	0.0405
205821_at	KLRK1	280.4	568.3	-2.0	-3.6	0.0018	0.0405
207966_s_at	GLG1	1473.7	1113.2	1.3	3.5	0.0018	0.0405
208338_at	P2RX3	15.3	44.4	-2.9	-3.3	0.0018	0.0405
212306_at	CLASP2	697.3	568.6	1.2	3.5	0.0018	0.0405
212469_at	NIPBL	681.2	542.9	1.3	3.3	0.0018	0.0405
213450_s_at	ICOSL	351.7	482.4	-1.4	-3.6	0.0018	0.0405
201830_s_at	NET1	236.1	637.8	-2.7	-3.5	0.0018	0.0405
207803_s_at	CSN3	23.3	48.5	-2.1	-3.5	0.0018	0.0406
218922_s_at	LASS4	31.7	98.0	-3.1	-3.5	0.0018	0.0406
208920_at	SRI	81.3	144.3	-1.8	-3.6	0.0018	0.0407
212593_s_at	PDCD4	1756.8	2761.7	-1.6	-3.7	0.0018	0.0410
208270_s_at	RNPEP	2028.2	1344.8	1.5	3.7	0.0018	0.0412
212560_at	SORL1	2217.2	4588.0	-2.1	-3.7	0.0018	0.0414
200969_at	SERP1	808.8	1050.5	-1.3	-3.6	0.0019	0.0415
201724_s_at	GALNT1	755.8	1028.4	-1.4	-3.5	0.0019	0.0415
203972_s_at	PEX3	286.6	494.9	-1.7	-3.5	0.0019	0.0415
208018_s_at	HCK	2922.9	1350.0	2.2	3.6	0.0019	0.0415
208890_s_at	PLXNB2	2506.4	1865.8	1.3	3.3	0.0019	0.0415
208944_at	---	933.0	1346.9	-1.4	-3.7	0.0019	0.0415
212573_at	KIAA0830	445.9	693.3	-1.6	-3.6	0.0019	0.0415
213618_at	CENTD1	151.0	315.5	-2.1	-3.7	0.0019	0.0415
213888_s_at	T3JAM	1426.4	1109.5	1.3	3.4	0.0019	0.0415
216381_x_at	AKR7A3	553.0	405.1	1.4	3.5	0.0019	0.0415
217853_at	TENS1	1181.8	746.1	1.6	3.4	0.0018	0.0415
221506_s_at	TNPO2	566.0	774.6	-1.4	-3.5	0.0019	0.0415
221865_at	C9orf91	206.6	323.2	-1.6	-3.5	0.0019	0.0415
201373_at	PLEC1	404.2	219.2	1.8	3.5	0.0019	0.0415
214953_s_at	APP	222.0	406.2	-1.8	-3.7	0.0019	0.0415
209880_s_at	SELPLG	1027.5	602.4	1.7	3.5	0.0019	0.0417
38340_at	HIP1R	401.6	590.9	-1.5	-3.4	0.0019	0.0417
212047_s_at	RNF167	741.5	577.8	1.3	3.4	0.0019	0.0417
213071_at	DPT	21.6	41.9	-1.9	-3.3	0.0019	0.0417
217419_x_at	AGRN	296.9	486.1	-1.6	-3.4	0.0019	0.0417
218505_at	FLJ12270	734.3	979.9	-1.3	-3.6	0.0019	0.0418
221267_s_at	C19orf27	2510.6	1822.1	1.4	3.6	0.0019	0.0418
219357_at	GTPBP1	646.2	891.4	-1.4	-3.6	0.0019	0.0419
210152_at	LILRB4	411.5	256.7	1.6	3.5	0.0019	0.0420
221281_at	---	26.5	60.6	-2.3	-3.3	0.0019	0.0420
203367_at	DUSP14	221.5	399.7	-1.8	-3.6	0.0020	0.0423
221760_at	MAN1A1	556.0	2670.4	-4.8	-3.7	0.0019	0.0423
206332_s_at	IFI16	1282.1	2138.1	-1.7	-3.6	0.0020	0.0425
213880_at	GPR49	21.8	64.3	-2.9	-3.6	0.0020	0.0426
211043_s_at	CLTB	625.6	467.7	1.3	3.3	0.0020	0.0427
202812_at	GAA	1594.0	850.4	1.9	3.5	0.0020	0.0428
207076_s_at	ASS	230.5	621.6	-2.7	-3.6	0.0020	0.0428
213389_at	ZNF592	401.3	334.3	1.2	3.3	0.0020	0.0428
218240_at	NKIRAS2	746.4	640.2	1.2	3.3	0.0020	0.0428
218735_s_at	ZNF544	382.2	606.7	-1.6	-3.5	0.0020	0.0428
209500_x_at	TNFSF13 /// TNFSF12-TNFSF13	2374.2	1972.1	1.2	3.3	0.0020	0.0428
202592_at	BLOC1S1	2085.4	1509.5	1.4	3.6	0.0020	0.0428
208861_s_at	ATRX	956.7	1167.6	-1.2	-3.5	0.0020	0.0429
213494_s_at	---	392.5	317.1	1.2	3.4	0.0020	0.0429
214717_at	DKFZp434H1419	85.4	170.2	-2.0	-3.5	0.0020	0.0430
218764_at	PRKCH	368.4	930.3	-2.5	-3.7	0.0020	0.0430
203562_at	FEZ1	647.3	187.6	3.5	3.8	0.0020	0.0431
212066_s_at	USP34	1717.2	2109.5	-1.2	-3.5	0.0020	0.0431
41220_at	MSF	2934.6	5011.5	-1.7	-3.6	0.0020	0.0434
217887_s_at	EPS15	800.9	1226.1	-1.5	-3.6	0.0021	0.0436
218552_at	FLJ10948	647.3	456.4	1.4	3.5	0.0021	0.0436
205804_s_at	T3JAM	787.9	642.0	1.2	3.3	0.0021	0.0437
207671_s_at	VMD2	175.2	119.5	1.5	3.4	0.0021	0.0437
212935_at	MCF2L	21.1	33.7	-1.6	-3.3	0.0021	0.0437
221796_at	NTRK2	15.2	40.7	-2.7	-3.4	0.0021	0.0439
202296_s_at	RER1	1782.1	1479.1	1.2	3.5	0.0021	0.0441
203568_s_at	TRIM38	1096.2	827.3	1.3	3.5	0.0021	0.0441
204073_s_at	C11orf9	104.0	256.7	-2.5	-3.5	0.0021	0.0441
204874_x_at	---	14.4	55.6	-3.9	-3.3	0.0021	0.0441
207904_s_at	LNPEP	195.9	141.5	1.4	3.3	0.0021	0.0441
209610_s_at	SLC1A4	1073.9	602.8	1.8	3.5	0.0021	0.0441
211181_x_at	RUNX1	138.6	326.1	-2.4	-3.5	0.0021	0.0441
207697_x_at	LILRB2	1625.7	776.5	2.1	3.5	0.0021	0.0442
200774_at	C9orf10	4813.2	3924.0	1.2	3.5	0.0021	0.0443
209235_at	CLCN7	546.4	467.2	1.2	3.2	0.0021	0.0443
202265_at	BMI1	2130.7	950.6	2.2	3.6	0.0021	0.0444
214709_s_at	KTN1 /// TXNDC7	1044.8	1443.5	-1.4	-3.6	0.0022	0.0447
217992_s_at	EFHD2	2191.0	1597.7	1.4	3.4	0.0022	0.0447
200800_s_at	HSPA1A /// HSPA1B	1646.2	1210.1	1.4	3.4	0.0022	0.0447
201689_s_at	TPD52	40.8	113.4	-2.8	-3.5	0.0022	0.0449
209420_s_at	SMPD1	424.9	323.9	1.3	3.3	0.0022	0.0449
220108_at	---	200.6	102.7	2.0	3.5	0.0022	0.0449
210417_s_at	PIK4CB	1001.1	866.0	1.2	3.3	0.0022	0.0449
208886_at	H1F0	396.9	1029.7	-2.6	-3.6	0.0022	0.0450
209543_s_at	CD34	930.3	2511.4	-2.7	-3.6	0.0022	0.0450
211202_s_at	JARID1B	1156.9	2112.5	-1.8	-3.6	0.0022	0.0450
213134_x_at	BTG3	421.4	785.9	-1.9	-3.5	0.0022	0.0450
221689_s_at	DSCR5	850.1	1155.6	-1.4	-3.6	0.0022	0.0450
201587_s_at	IRAK1	2393.4	1813.3	1.3	3.5	0.0022	0.0450
204250_s_at	Cep164	176.6	121.5	1.5	3.3	0.0022	0.0450
210811_s_at	DDX49	172.4	134.2	1.3	3.3	0.0022	0.0450
212959_s_at	MGC4170	1113.3	1722.0	-1.5	-3.5	0.0022	0.0450
220945_x_at	MANSC1	90.6	170.7	-1.9	-3.3	0.0022	0.0450
221458_at	HTR1F	354.6	193.8	1.8	3.6	0.0022	0.0450
221622_s_at	HT007	1476.3	1286.0	1.1	3.3	0.0022	0.0450
219955_at	---	156.7	106.8	1.5	3.4	0.0022	0.0452
202956_at	ARFGEF1	725.3	973.5	-1.3	-3.5	0.0022	0.0452
210701_at	CFDP1	252.3	185.0	1.4	3.3	0.0022	0.0452
208983_s_at	PECAM1	1912.5	1321.2	1.4	3.3	0.0023	0.0452
220507_s_at	UPB1	133.5	51.2	2.6	3.6	0.0023	0.0452
211368_s_at	CASP1	1095.3	748.2	1.5	3.4	0.0023	0.0453
211752_s_at	NDUFS7	854.5	666.1	1.3	3.5	0.0023	0.0453
218151_x_at	GPR172A	963.4	764.7	1.3	3.3	0.0023	0.0453
209186_at	ATP2A2	1513.0	1932.8	-1.3	-3.5	0.0023	0.0454
201549_x_at	JARID1B	987.3	1779.2	-1.8	-3.6	0.0023	0.0455
204561_x_at	APOC2	3330.9	417.4	8.0	3.6	0.0023	0.0459
210419_at	BARX2	37.3	74.1	-2.0	-3.4	0.0023	0.0459
213733_at	MYO1F	4085.6	2692.4	1.5	3.5	0.0023	0.0459
211535_s_at	FGFR1	176.0	464.4	-2.6	-3.5	0.0023	0.0461
217363_x_at	---	395.0	318.7	1.2	3.2	0.0023	0.0462
218893_at	FLJ23469	374.7	297.8	1.3	3.3	0.0023	0.0462
219994_at	APBB1IP	570.0	500.0	1.1	3.2	0.0023	0.0462
218540_at	THTPA	859.2	733.7	1.2	3.2	0.0024	0.0466
202579_x_at	HMGN4	1834.0	2193.4	-1.2	-3.4	0.0024	0.0466
221889_at	KCTD13	367.0	298.7	1.2	3.2	0.0024	0.0466
200864_s_at	RAB11A	298.0	442.6	-1.5	-3.3	0.0024	0.0468
206381_at	SCN2A2	35.6	71.7	-2.0	-3.4	0.0024	0.0468
203857_s_at	PDIR	749.3	1099.8	-1.5	-3.6	0.0024	0.0469
208966_x_at	IFI16	1729.3	2882.9	-1.7	-3.5	0.0024	0.0469
211919_s_at	CXCR4	6978.7	4317.2	1.6	3.5	0.0024	0.0469
214280_x_at	HNRPA1	4197.6	5526.3	-1.3	-3.4	0.0024	0.0469
219548_at	ZNF16	261.4	337.5	-1.3	-3.5	0.0024	0.0469
202166_s_at	PPP1R2	629.1	477.6	1.3	3.4	0.0024	0.0470
203232_s_at	ATXN1	418.3	214.3	2.0	3.4	0.0024	0.0471
203280_at	SAFB2	384.8	310.1	1.2	3.3	0.0024	0.0471
210971_s_at	ARNTL	137.2	87.2	1.6	3.3	0.0024	0.0471
210150_s_at	LAMA5	97.4	240.9	-2.5	-3.5	0.0024	0.0471
213379_at	CL640	765.8	567.1	1.4	3.4	0.0024	0.0471
213835_x_at	GTPBP3	525.6	664.1	-1.3	-3.4	0.0024	0.0471
214259_s_at	AKR7A2	1929.1	1138.9	1.7	3.6	0.0024	0.0471
213246_at	C14orf109	343.3	275.1	1.2	3.4	0.0025	0.0475
219423_x_at	TNFRSF25	163.7	327.6	-2.0	-3.5	0.0025	0.0475
209485_s_at	OSBPL1A	224.9	184.8	1.2	3.2	0.0025	0.0477
220252_x_at	CXorf21	970.9	531.3	1.8	3.5	0.0025	0.0477
213475_s_at	ITGAL	1260.7	736.1	1.7	3.4	0.0025	0.0479
205084_at	BCAP29	202.0	172.0	1.2	3.2	0.0025	0.0479
207824_s_at	MAZ	726.5	601.4	1.2	3.2	0.0025	0.0479
212685_s_at	TBL2	578.4	477.5	1.2	3.4	0.0025	0.0481
201565_s_at	ID2	2223.0	1024.4	2.2	3.5	0.0025	0.0481
203974_at	HDHD1A	877.7	444.5	2.0	3.6	0.0025	0.0482
205316_at	SLC15A2	667.8	551.9	1.2	3.3	0.0025	0.0482
203913_s_at	HPGD	39.8	281.6	-7.1	-3.3	0.0025	0.0484
215201_at	REPS1	150.2	130.4	1.2	3.2	0.0025	0.0484
217756_x_at	SERF2	6519.7	5379.9	1.2	3.3	0.0025	0.0484
58696_at	EXOSC4	761.8	621.2	1.2	3.3	0.0026	0.0485
203407_at	PPL	19.2	45.1	-2.4	-3.3	0.0026	0.0485
220227_at	CDH4	186.2	299.5	-1.6	-3.3	0.0026	0.0485
221081_s_at	FLJ22457	558.2	399.4	1.4	3.3	0.0026	0.0485
213486_at	DKFZP761N09121	186.5	270.8	-1.5	-3.3	0.0026	0.0485
209384_at	PROSC	1576.6	1229.0	1.3	3.4	0.0026	0.0487
213314_at	C6orf162	166.3	242.2	-1.5	-3.4	0.0026	0.0487
212125_at	RANGAP1	711.0	578.9	1.2	3.2	0.0026	0.0491
212912_at	RPS6KA2	68.2	183.3	-2.7	-3.5	0.0026	0.0495
201243_s_at	ATP1B1	328.4	750.0	-2.3	-3.5	0.0026	0.0496
200989_at	HIF1A	1581.7	2862.7	-1.8	-3.6	0.0027	0.0497
202929_s_at	DDT	817.7	675.2	1.2	3.2	0.0027	0.0497
210352_at	BRD8	45.1	99.0	-2.2	-3.4	0.0027	0.0497
213038_at	IBRDC3	519.5	379.2	1.4	3.3	0.0027	0.0497
214228_x_at	TNFRSF4	34.3	133.7	-3.9	-3.2	0.0027	0.0497
219099_at	C12orf5	392.9	208.3	1.9	3.4	0.0027	0.0497
219520_s_at	KIAA1280	327.7	571.2	-1.7	-3.2	0.0027	0.0497
205239_at	AREG	72.7	225.9	-3.1	-3.3	0.0027	0.0498
203041_s_at	LAMP2	1291.5	930.5	1.4	3.4	0.0027	0.0498
202081_at	IER2	4512.5	7025.4	-1.6	-3.5	0.0027	0.0499
201679_at	ARS2	320.0	260.3	1.2	3.1	0.0027	0.0499
