Probe Set ID	Gene Symbol	ES exp 1	ES exp 2	NOS targets	NOS TFs	PRC2 targets	Myc targets	proliferation
209773_s_at	RRM2	1	0	0	0	0	0	1
209642_at	BUB1	1	0	0	0	0	0	1
202589_at	TYMS	0	0	0	0	0	0	1
205046_at	CENPE	0	0	0	0	0	0	1
202107_s_at	MCM2	1	0	0	0	0	0	1
210334_x_at	BIRC5	1	0	0	0	0	0	1
209832_s_at	CDT1	1	0	0	0	0	0	1
214710_s_at	CCNB1	1	0	0	0	0	1	1
202954_at	UBE2C	0	0	0	0	0	0	1
201930_at	MCM6	1	0	0	0	0	0	1
203418_at	CCNA2	1	0	0	0	0	0	1
201710_at	MYBL2	0	1	0	0	0	0	0
202338_at	TK1	0	0	0	0	0	0	1
204023_at	RFC4	1	0	0	0	0	0	1
209714_s_at	CDKN3	0	0	0	0	0	0	1
204033_at	TRIP13	0	0	0	0	0	0	0
213911_s_at	H2AFZ	0	0	0	0	0	1	0
202870_s_at	CDC20	1	0	0	0	0	0	1
209969_s_at	STAT1	0	0	0	0	0	0	0
203358_s_at	EZH2	0	0	0	0	0	0	0
218355_at	KIF4A	1	0	0	0	0	0	0
201761_at	MTHFD2	1	0	0	0	0	0	0
201292_at	TOP2A	0	0	1	0	0	0	1
210559_s_at	CDC2	1	0	0	0	0	0	1
202580_x_at	FOXM1	0	0	0	0	0	1	0
214426_x_at	CHAF1A	1	0	0	0	0	0	1
203554_x_at	PTTG1	1	0	0	0	0	0	1
210029_at	INDO	1	0	0	0	0	0	0
216952_s_at	LMNB2	0	0	0	0	0	1	0
209172_s_at	CENPF	0	0	0	0	0	0	1
211762_s_at	KPNA2	1	0	0	0	0	0	1
204026_s_at	ZWINT	0	0	0	0	0	0	1
203755_at	BUB1B	1	0	1	0	0	0	1
203967_at	CDC6	1	0	0	0	0	0	1
218009_s_at	PRC1	0	0	0	0	0	0	1
202911_at	MSH6	1	0	0	0	0	0	0
203696_s_at	RFC2	0	0	0	0	0	0	1
209054_s_at	WHSC1	0	0	0	0	0	0	0
204126_s_at	CDC45L	0	0	0	0	0	0	1
211080_s_at	NEK2	0	0	0	0	0	0	1
206074_s_at	HMGIY	0	0	0	0	0	0	0
216237_s_at	MCM5	1	0	0	0	0	0	1
205053_at	PRIM1	1	0	0	0	0	0	1
205909_at	POLE2	1	0	0	0	0	0	1
203270_at	DTYMK	0	1	0	0	0	0	0
218512_at	WDR12	1	0	0	0	0	0	0
203362_s_at	MAD2L1	0	0	0	0	0	0	1
218875_s_at	FBXO5	0	0	0	0	0	0	1
222036_s_at	MCM4	1	0	0	0	0	1	1
204822_at	TTK	0	0	0	0	0	0	1
205394_at	CHEK1	1	0	0	0	0	0	1
213523_at	CCNE1	0	0	0	0	0	0	1
204128_s_at	RFC3	1	0	0	0	0	0	1
205733_at	BLM	0	0	0	0	0	0	1
205034_at	CCNE2	0	0	0	0	0	0	1
206205_at	MPHOSPH9	0	0	0	0	0	0	1
204768_s_at	FEN1	1	0	0	0	0	0	1
204695_at	CDC25A	1	1	0	0	0	0	1
205085_at	ORC1L	1	1	1	0	0	0	1
201202_at	PCNA	0	0	0	0	0	0	1
200750_s_at	RAN	0	0	0	0	0	0	1
202309_at	MTHFD1	1	0	0	0	0	0	0
201577_at	NME1	0	0	0	0	0	1	0
200783_s_at	STMN1	0	0	0	0	0	1	1
204766_s_at	NUDT1	1	0	0	0	0	0	0
205167_s_at	CDC25C	0	0	0	0	0	0	1
203432_at	TMPO	1	0	0	0	0	0	0
210983_s_at	MCM7	1	0	0	0	0	1	1
218670_at	PUS1	1	0	0	0	0	0	0
211450_s_at	MSH6	1	0	0	0	0	0	0
206686_at	PDK1	1	0	0	0	0	0	0
201112_s_at	CSE1L	1	0	0	0	0	0	0
203209_at	RFC5	0	0	0	0	0	0	1
213906_at	MYBL1	0	0	0	0	0	0	0
201714_at	TUBG1	0	0	0	0	0	0	1
211949_s_at	NOLC1	1	0	0	0	0	0	1
209421_at	MSH2	1	0	0	0	0	0	0
209709_s_at	HMMR	1	0	0	0	0	0	0
213599_at	OIP5	1	0	0	0	0	0	0
217755_at	HN1	0	0	1	0	0	0	0
210138_at	RGS20	0	0	0	0	1	0	0
208443_x_at	SHOX2	0	0	0	0	1	0	0
219004_s_at	C21orf45	1	0	0	0	0	0	0
200807_s_at	HSPD1	1	0	0	0	0	1	0
204286_s_at	PMAIP1	1	0	0	0	0	0	0
202705_at	CCNB2	0	0	0	0	0	0	1
205758_at	CD8A	0	0	0	0	1	0	0
206067_s_at	WT1	0	0	0	0	1	1	0
207183_at	GPR19	1	1	0	0	0	0	0
204900_x_at	SAP30	0	0	0	0	0	0	0
209507_at	RPA3	0	0	0	0	0	0	1
202726_at	LIG1	0	0	0	0	0	0	1
203588_s_at	TFDP2	0	0	0	0	0	0	0
201770_at	SNRPA	1	0	0	0	0	0	0
200934_at	DEK	1	0	0	0	0	0	0
204281_at	TEAD4	1	0	0	0	0	0	0
214612_x_at	MAGEA6	0	0	0	0	0	1	0
204252_at	CDK2	0	0	0	0	0	0	1
213201_s_at	TNNT1	1	0	0	0	0	0	0
202219_at	SLC6A8	1	0	0	0	0	0	0
209900_s_at	SLC16A1	1	0	0	0	0	0	0
202591_s_at	SSBP1	0	0	0	0	0	0	1
219232_s_at	EGLN3	1	0	0	0	0	0	0
203177_x_at	TFAM	1	0	0	0	0	0	0
213418_at	HSPA6	0	0	0	0	1	0	0
206247_at	MICB	1	0	0	0	0	0	0
204366_s_at	GTF3C2	0	0	0	0	0	0	0
202344_at	HSF1	0	0	0	0	0	0	0
210732_s_at	LGALS8	1	0	0	0	0	0	0
201479_at	DKC1	0	0	0	0	0	1	0
201477_s_at	RRM1	0	0	0	0	0	0	1
209572_s_at	EED	0	0	0	0	0	0	0
217294_s_at	ENO1	0	0	0	0	0	1	0
206052_s_at	SLBP	0	0	0	0	0	1	0
208368_s_at	BRCA2	0	0	0	0	0	1	1
204420_at	FOSL1	0	0	0	0	0	1	0
201139_s_at	SSB	1	0	0	0	0	0	0
202330_s_at	UNG	1	0	0	0	0	0	0
209715_at	CBX5	1	0	0	0	0	0	0
200052_s_at	ILF2	0	0	0	0	0	0	0
203964_at	NMI	0	0	0	0	0	0	0
218538_s_at	MRS2L	1	0	0	0	0	0	0
201532_at	PSMA3	0	0	0	0	0	1	0
201516_at	SRM	0	0	0	0	0	1	0
205229_s_at	COCH	1	0	0	0	0	0	0
204203_at	CEBPG	0	0	0	0	0	0	0
212379_at	GART	1	0	0	0	0	0	0
209188_x_at	DR1	0	0	0	0	0	0	0
204826_at	CCNF	0	0	0	0	0	0	1
202531_at	IRF1	0	0	0	0	0	0	0
211456_x_at	MT1H	0	0	0	0	1	0	0
209974_s_at	BUB3	1	0	1	0	0	0	1
211804_s_at	CDK2	0	0	0	0	0	0	1
212563_at	BOP1	1	0	0	0	0	0	0
201637_s_at	FXR1	1	0	0	0	0	0	0
214141_x_at	SFRS7	1	0	0	0	0	0	0
203422_at	POLD1	0	0	0	0	0	0	1
201555_at	MCM3	1	0	0	0	0	0	1
212540_at	CDC34	0	0	0	0	0	0	1
208152_s_at	DDX21	1	0	0	0	0	0	0
212378_at	GART	1	0	0	0	0	0	0
217881_s_at	CDC27	0	0	0	0	0	0	1
205395_s_at	MRE11A	1	0	0	0	0	0	0
203634_s_at	CPT1A	0	0	1	0	0	0	0
209754_s_at	TMPO	1	0	0	0	0	0	0
215942_s_at	GTSE1	0	0	0	0	0	0	1
210206_s_at	DDX11	0	0	0	0	0	0	1
201833_at	HDAC2	0	0	0	0	0	0	0
214727_at	ATF4	0	0	0	0	0	1	0
213843_x_at	SLC6A8	1	0	0	0	0	0	0
213647_at	DNA2L	1	0	0	0	0	0	1
205123_s_at	TMEFF1	1	0	0	0	0	0	0
201970_s_at	NASP	1	0	0	0	0	0	1
204947_at	E2F1	0	0	0	0	0	1	1
211212_s_at	ORC5L	0	0	0	0	0	0	1
201872_s_at	ABCE1	1	0	0	0	0	0	0
203693_s_at	E2F3	0	0	0	0	0	0	0
203302_at	DCK	0	0	0	0	0	1	0
210376_x_at	ELK1	0	0	0	0	0	1	0
200815_s_at	PAFAH1B1	0	0	0	0	0	0	1
205205_at	RELB	0	0	0	0	0	0	0
201979_s_at	PPP5C	0	0	0	0	0	0	1
217010_s_at	CDC25C	0	0	0	0	0	0	1
210416_s_at	CHEK2	1	1	0	0	0	0	0
200989_at	HIF1A	0	0	0	0	0	1	0
202043_s_at	SMS	1	0	0	0	0	0	0
220684_at	TBX21	0	0	0	0	1	0	0
204858_s_at	ECGF1	0	0	0	0	0	0	1
204318_s_at	GTSE1	0	0	0	0	0	0	1
213756_s_at	HSF1	0	0	0	0	0	0	0
208934_s_at	LGALS8	1	0	0	0	0	0	0
202235_at	SLC16A1	1	0	0	0	0	0	0
217370_x_at	FUS	0	0	1	0	0	0	0
210567_s_at	SKP2	0	0	0	0	0	0	1
205850_s_at	GABRB3	1	0	0	0	0	0	0
203344_s_at	RBBP8	1	0	0	0	0	0	1
221923_s_at	NPM1	1	0	0	0	0	0	0
206023_at	NMU	1	0	0	0	0	0	0
214430_at	GLA	0	0	0	0	0	1	0
205129_at	NPM3	1	0	0	0	0	0	0
209523_at	TAF2	0	0	0	0	0	0	0
211787_s_at	EIF4A1	0	0	0	0	0	1	0
209017_s_at	MTHFD2	1	0	0	0	0	0	0
218559_s_at	MAFB	0	0	0	0	1	0	0
201614_s_at	RUVBL1	1	0	0	0	0	0	1
217805_at	ILF3	1	0	0	0	0	0	0
204186_s_at	PPID	0	0	0	0	0	1	0
218803_at	CHFR	0	0	0	0	0	0	1
200669_s_at	UBE2D3	0	0	1	0	0	0	0
204159_at	CDKN2C	0	0	0	0	1	0	0
208159_x_at	DDX11	0	0	0	0	0	0	1
212816_s_at	CBS	1	0	0	0	0	1	0
218129_s_at	NFYB	1	0	0	0	0	0	0
209945_s_at	GSK3B	0	0	0	0	0	1	0
205526_s_at	KATNA1	0	0	0	0	0	0	1
202610_s_at	CRSP2	0	0	0	0	0	0	0
217878_s_at	CDC27	0	0	0	0	0	0	1
214427_at	NOL1	0	0	0	0	0	1	0
204053_x_at	PTEN	0	0	0	0	0	1	0
206794_at	ERBB4	0	0	0	0	1	0	0
203782_s_at	POLRMT	0	0	0	0	0	0	1
205763_s_at	DDX18	1	0	0	0	0	0	0
206472_s_at	TLE3	0	0	1	1	0	0	0
211533_at	PDGFRA	0	0	0	0	1	0	0
215705_at	PPP5C	0	0	0	0	0	0	1
207348_s_at	LIG3	0	0	0	0	0	0	1
210765_at	CSE1L	1	0	0	0	0	0	0
208828_at	POLE3	0	0	0	0	0	0	1
207307_at	HTR2C	0	0	0	0	1	0	0
211116_at	SLC9A2	0	0	0	0	1	0	0
200957_s_at	SSRP1	0	0	0	0	0	0	1
209143_s_at	CLNS1A	0	0	0	0	0	1	0
206140_at	LHX2	0	0	0	0	1	0	0
204935_at	PTPN2	1	0	1	0	0	0	0
217620_s_at	PIK3CB	1	0	0	0	0	0	0
216384_x_at	PTMA	0	0	0	0	0	1	0
213137_s_at	PTPN2	1	0	1	0	0	0	0
204087_s_at	SLC5A6	0	1	0	0	0	0	0
203589_s_at	TFDP2	0	0	0	0	0	0	0
201115_at	POLD2	0	0	0	0	0	1	1
201436_at	EIF4E	0	0	0	0	0	1	0
216212_s_at	DKC1	0	0	0	0	0	1	0
201049_s_at	RPS18	0	0	1	0	0	0	0
200050_at	ZNF146	0	0	0	0	0	1	0
212330_at	TFDP1	0	0	0	0	0	0	0
203023_at	HSPC111	1	0	0	0	0	0	0
201196_s_at	AMD1	1	0	0	0	0	1	0
205741_s_at	DTNA	0	0	1	0	0	0	0
207050_at	CACNA2D1	0	0	1	0	0	0	0
211016_x_at	HSPA4	1	0	0	0	0	0	0
208677_s_at	BSG	0	0	0	0	0	1	0
202575_at	CRABP2	1	0	0	0	0	0	0
219510_at	POLQ	0	0	0	0	0	0	1
215776_at	INSRR	0	0	0	0	1	0	0
202248_at	E2F4	0	0	0	0	0	0	1
216026_s_at	POLE	0	0	0	0	1	0	1
215167_at	CRSP2	0	0	0	0	0	0	0
204540_at	EEF1A2	0	0	0	0	0	1	0
201480_s_at	SUPT5H	0	0	0	0	0	0	0
219076_s_at	PXMP2	0	0	0	0	1	0	0
205874_at	ITPKA	0	0	0	0	1	0	0
221642_at	TREX1	0	0	0	0	0	0	1
221965_at	MPHOSPH9	0	0	0	0	0	0	1
201635_s_at	FXR1	1	0	0	0	0	0	0
209463_s_at	TAF12	0	0	1	1	0	0	0
200773_x_at	PTMA	0	0	0	0	0	1	0
216515_x_at	PTMA	0	0	0	0	0	1	0
214011_s_at	HSPC111	1	0	0	0	0	0	0
217008_s_at	GRM7	0	0	0	0	1	0	0
205691_at	SYNGR3	1	0	0	0	0	0	0
213047_x_at	SET	0	0	1	0	0	0	1
202431_s_at	MYC	0	0	0	0	0	0	0
203114_at	SSSCA1	0	0	0	0	0	0	1
211756_at	PTHLH	0	0	0	0	1	0	0
208231_at	NRG1	0	0	0	0	1	0	0
220668_s_at	DNMT3B	1	0	0	0	0	0	0
206343_s_at	NRG1	0	0	0	0	1	0	0
212449_s_at	LYPLA1	1	0	0	0	0	0	0
219540_at	ZNF267	1	0	0	0	0	0	0
217166_at	PTMA	0	0	0	0	0	1	0
208721_s_at	ANAPC5	0	0	0	0	0	0	1
211803_at	CDK2	0	0	0	0	0	0	1
213225_at	PPM1B	1	0	0	0	0	0	0
211865_s_at	FZR1	0	0	0	0	0	0	1
204946_s_at	TOP3A	0	0	0	0	0	0	1
200608_s_at	RAD21	0	0	0	0	0	0	1
208433_s_at	LRP8	1	0	0	0	0	0	0
200819_s_at	RPS15	0	0	0	0	0	1	0
221112_at	IL1RAPL2	0	0	0	0	1	0	0
31845_at	ELF4	0	0	0	0	0	0	0
204319_s_at	RGS10	0	0	0	0	1	0	0
202628_s_at	SERPINE1	0	0	0	0	0	1	0
204702_s_at	NFE2L3	1	0	1	1	0	0	0
204025_s_at	PDCD2	1	0	0	0	0	0	0
213414_s_at	RPS19	0	0	0	0	0	1	0
214240_at	GAL	1	0	0	0	0	0	0
202268_s_at	APPBP1	0	0	0	0	0	0	1
204696_s_at	CDC25A	1	1	0	0	0	0	1
208241_at	NRG1	0	0	0	0	1	0	0
214597_at	SSTR2	0	0	0	0	1	0	0
206940_s_at	POU4F1	0	0	0	0	1	0	0
203927_at	NFKBIE	0	0	0	0	0	0	0
205585_at	ETV6	0	0	0	0	0	0	0
203577_at	GTF2H4	0	0	0	0	0	0	0
211502_s_at	PFTK1	0	0	1	0	0	0	0
206589_at	GFI1	0	0	0	0	0	0	1
204853_at	ORC2L	0	1	0	0	0	0	1
204536_s_at	REST	0	0	1	1	0	0	0
212429_s_at	GTF3C2	0	0	0	0	0	0	0
213536_s_at	UBE2I	0	0	0	0	0	0	1
220225_at	IRX4	0	0	0	0	1	0	0
204970_s_at	MAFG	0	0	0	0	0	0	0
214236_at	CDC27	0	0	0	0	0	0	1
201487_at	CTSC	1	0	0	0	0	0	0
215098_at	RXRB	0	0	0	0	0	1	0
201096_s_at	ARF4	0	0	0	0	0	1	0
203652_at	MAP3K11	0	0	0	0	0	0	1
215879_at	ITGB1	0	0	0	0	0	1	1
40189_at	SET	0	0	1	0	0	0	1
200843_s_at	EPRS	1	0	0	0	0	0	0
220198_s_at	EIF5A2	0	0	0	0	0	1	0
206529_x_at	SLC26A4	0	0	0	0	1	0	0
213665_at	SOX4	0	0	0	0	0	0	0
217337_at	ACO2	0	0	0	0	0	1	0
200713_s_at	MAPRE1	0	0	0	0	0	0	1
202886_s_at	PPP2R1B	1	0	1	0	0	0	0
204908_s_at	BCL3	0	0	0	0	0	1	0
208864_s_at	TXN	0	0	0	0	0	1	0
208691_at	TFRC	0	0	0	0	0	1	0
200063_s_at	NPM1	1	0	0	0	0	0	0
214288_s_at	PSMB1	0	0	0	0	0	1	0
203083_at	THBS2	0	0	1	0	0	0	0
207197_at	ZIC3	1	1	1	1	0	0	0
214160_at	CDK6	0	0	0	0	0	0	1
209928_s_at	MSC	0	0	1	1	1	0	0
208474_at	CLDN6	1	1	0	0	0	0	0
215731_s_at	MPHOSPH9	0	0	0	0	0	0	1
212654_at	TPM2	0	0	0	0	0	1	0
204907_s_at	BCL3	0	0	0	0	0	1	0
208398_s_at	TBPL1	0	0	0	0	0	0	0
202534_x_at	DHFR	1	0	0	0	0	0	0
221278_at	HOXB8	0	0	0	0	1	0	0
211449_at	MSH6	1	0	0	0	0	0	0
206670_s_at	GAD1	1	0	0	0	0	0	0
210688_s_at	CPT1A	0	0	1	0	0	0	0
201795_at	LBR	0	0	0	0	0	1	0
215823_x_at	PABPC1	0	0	0	0	0	1	0
210135_s_at	SHOX2	0	0	0	0	1	0	0
204827_s_at	CCNF	0	0	0	0	0	0	1
211213_at	ORC5L	0	0	0	0	0	0	1
209618_at	CTNND2	0	0	0	0	1	0	0
219302_s_at	CNTNAP2	1	0	0	0	0	0	0
213501_at	ACOX1	0	0	0	0	0	1	0
208554_at	POU4F3	0	0	0	0	1	0	0
205060_at	PARG	0	0	1	0	0	0	0
200980_s_at	PDHA1	0	0	0	0	0	1	0
201277_s_at	HNRPAB	1	0	0	0	0	0	0
207212_at	SLC9A3	0	0	0	0	1	0	0
207331_at	CENPF	0	0	0	0	0	0	1
213320_at	PRMT3	1	0	0	0	0	0	0
207035_at	SLC30A3	0	0	0	0	1	0	0
210511_s_at	INHBA	0	0	0	0	0	0	1
206912_at	FOXE1	0	0	0	0	1	0	0
211711_s_at	PTEN	0	0	0	0	0	1	0
220480_at	HAND2	0	0	0	0	1	0	0
206236_at	GPR4	0	0	0	0	0	1	0
202696_at	OSR1	0	0	0	0	1	0	0
214680_at	NTRK2	0	0	0	0	1	0	0
202246_s_at	CDK4	0	0	0	0	0	1	1
221607_x_at	ACTG1	0	0	0	0	0	1	0
219708_at	NT5M	0	0	0	0	0	0	1
209440_at	PRPS1	1	0	0	0	0	0	0
216953_s_at	WT1	0	0	0	0	1	1	0
203744_at	HMG4	0	0	0	0	0	0	0
207397_s_at	HOXD13	0	0	0	0	1	0	0
211909_x_at	PTGER3	0	0	0	0	1	0	0
211951_at	NOLC1	1	0	0	0	0	0	1
219322_s_at	WDR8	0	0	0	0	1	0	0
208910_s_at	C1QBP	1	0	0	0	0	0	0
204261_s_at	PSEN2	0	0	0	0	0	1	0
209601_at	ACOX1	0	0	0	0	0	1	0
203184_at	FBN2	0	0	0	0	1	0	0
203352_at	ORC4L	0	0	0	0	0	0	1
220448_at	KCNK12	0	0	0	0	1	0	0
207923_x_at	PAX8	0	0	0	0	1	0	0
222185_at	PKNOX2	0	0	0	0	1	0	0
206291_at	NTS	1	0	0	0	0	0	0
203574_at	NFIL3	0	0	0	0	0	0	0
205723_at	CNTFR	0	0	0	0	1	0	0
213284_at	ZFP36L1	0	0	1	1	0	0	0
211315_s_at	CACNA1G	0	0	0	0	1	0	0
210574_s_at	NUDC	0	0	0	0	0	0	1
220493_at	DMRT1	0	0	0	0	1	0	0
208460_at	GJA7	0	1	0	0	0	0	0
205385_at	MDM2	0	0	0	0	0	1	1
213787_s_at	EBP	0	0	0	0	0	1	0
200749_at	RAN	0	0	0	0	0	0	1
209328_x_at	HSPC111	1	0	0	0	0	0	0
206631_at	PTGER2	0	0	0	0	1	1	0
220960_x_at	RPL22	0	0	0	0	0	1	0
217404_s_at	COL2A1	0	0	0	0	1	0	0
215781_s_at	TOP3B	0	0	0	0	0	0	1
205350_at	CRABP1	1	0	0	0	0	0	0
203872_at	ACTA1	1	0	0	0	0	0	0
221891_x_at	HSPA8	1	0	0	0	0	1	0
200020_at	TARDBP	0	0	0	0	0	0	1
221918_at	PCTK2	0	0	1	0	0	0	0
214750_at	PAPPA	0	0	0	0	1	0	0
207634_at	PDCD1	0	0	0	0	0	1	0
207398_at	HOXD13	0	0	0	0	1	0	0
209067_s_at	HNRPDL	0	0	0	0	0	1	0
208825_x_at	RPL23A	0	0	0	0	0	1	0
214000_s_at	RGS10	0	0	0	0	1	0	0
212688_at	PIK3CB	1	0	0	0	0	0	0
204707_s_at	MAPK4	0	0	0	0	1	0	0
219415_at	TTYH1	0	0	0	0	1	0	0
217917_s_at	ACTB	0	0	0	0	0	1	0
216656_at	ETV6	0	0	0	0	0	0	0
200631_s_at	SET	0	0	1	0	0	0	1
207570_at	SHOX	0	0	0	0	1	0	0
206838_at	TBX19	0	0	0	0	0	0	0
207428_x_at	CDC2L1	0	0	0	0	0	0	1
211825_s_at	FLI1	0	0	0	0	1	0	0
209664_x_at	NFATC1	0	0	0	0	0	0	1
217757_at	A2M	0	0	0	0	0	0	1
209960_at	HGF	0	0	0	0	0	0	1
208760_at	UBE2I	0	0	0	0	0	0	1
201425_at	ALDH2	0	0	0	0	0	1	0
204682_at	LTBP2	0	0	0	0	1	0	0
213030_s_at	PLXNA2	0	0	0	0	1	0	0
209068_at	HNRPDL	0	0	0	0	0	1	0
201449_at	TIA1	1	0	0	0	0	0	0
209897_s_at	SLIT2	0	0	0	0	1	0	0
200762_at	DPYSL2	0	0	1	0	0	0	0
215543_s_at	LARGE	0	0	1	0	0	0	0
201236_s_at	BTG2	0	0	0	0	1	0	0
218432_at	FBXO3	0	0	0	0	1	0	0
211596_s_at	LIG1	0	0	0	0	0	0	1
207586_at	SHH	0	0	0	0	1	0	0
204984_at	GPC4	1	0	0	0	0	0	0
213693_s_at	MUC1	0	0	0	0	0	1	0
204773_at	IL11RA	0	0	0	0	0	1	0
201675_at	AKAP1	0	0	0	0	0	1	0
212890_at	ITGB1	0	0	0	0	0	1	1
221874_at	KIAA1324	0	0	0	0	1	0	0
215735_s_at	TSC2	0	0	0	0	0	1	0
213791_at	PENK	0	0	0	0	1	0	0
203549_s_at	LPL	0	0	0	0	1	0	0
221127_s_at	RIG	0	0	0	0	0	1	0
205632_s_at	PIP5K1B	0	0	0	0	1	0	0
213110_s_at	COL4A5	0	0	0	0	1	0	0
204039_at	CEBPA	0	0	0	0	0	1	0
206272_at	SPHAR	0	0	0	0	0	0	1
210108_at	CACNA1D	0	0	0	0	1	0	0
215783_s_at	ALPL	1	0	0	0	0	0	0
203848_at	AKAP8	0	0	0	0	0	0	1
200816_s_at	PAFAH1B1	0	0	0	0	0	0	1
200813_s_at	PAFAH1B1	0	0	0	0	0	0	1
210924_at	OLFM1	1	0	0	0	0	0	0
210382_at	SCTR	0	0	0	0	1	0	0
212589_at	RRAS2	1	0	0	0	0	0	0
205968_at	KCNS3	1	0	0	0	0	0	0
201189_s_at	ITPR3	1	0	0	0	0	0	0
216894_x_at	CDKN1C	0	0	0	0	0	0	1
201328_at	ETS2	0	0	0	0	0	1	0
206404_at	FGF9	0	0	0	0	1	0	0
213131_at	OLFM1	1	0	0	0	0	0	0
201802_at	SLC29A1	1	0	0	0	0	0	0
203509_at	SORL1	1	0	0	0	0	0	0
201522_x_at	SNRPN	1	0	1	0	0	0	0
220108_at	GNA14	0	0	0	0	1	0	0
214213_x_at	LMNA	0	0	0	0	0	1	0
219534_x_at	CDKN1C	0	0	0	0	0	0	1
205498_at	GHR	0	0	0	0	1	0	0
206737_at	WNT11	0	0	0	0	1	0	0
221489_s_at	SPRY4	1	0	0	0	0	0	0
200878_at	EPAS1	0	0	0	0	1	0	0
213298_at	NFIC	0	0	0	0	0	0	1
221204_s_at	CRTAC1	0	0	0	0	1	0	0
219682_s_at	TBX3	0	0	0	0	1	0	0
208992_s_at	STAT3	0	0	1	1	0	0	0
36829_at	PER1	0	0	0	0	0	1	0
201556_s_at	VAMP2	0	0	0	0	0	1	0
201365_at	OAZ2	1	0	0	0	0	0	0
221556_at	CDC14B	0	0	1	0	0	0	0
205935_at	FOXF1	0	0	0	0	1	0	0
213182_x_at	CDKN1C	0	0	0	0	0	0	1
205206_at	KAL1	1	0	0	0	0	0	0
212801_at	CIT	0	0	0	0	0	0	1
208022_s_at	CDC14B	0	0	1	0	0	0	0
221019_s_at	COLEC12	0	0	0	0	1	0	0
201332_s_at	STAT6	0	0	0	0	0	1	0
210625_s_at	AKAP1	0	0	0	0	0	1	0
206315_at	CRLF1	0	0	0	0	1	0	0
203296_s_at	ATP1A2	1	0	0	0	0	0	0
202023_at	EFNA1	0	0	0	0	1	0	0
203668_at	MAN2C1	0	0	1	0	0	0	0
209696_at	FBP1	0	0	0	0	1	0	0
205993_s_at	TBX2	0	0	0	0	1	0	0
205726_at	DIAPH2	1	0	0	0	0	0	0
209710_at	GATA2	0	0	0	0	1	0	0
203657_s_at	CTSF	0	0	0	0	0	1	0
207119_at	PRKG1	0	0	0	0	1	0	0
204276_at	TK2	0	0	0	0	0	0	1
203453_at	SCNN1A	1	0	0	0	0	0	0
211320_s_at	PTPRU	0	0	0	0	1	0	0
207937_x_at	FGFR1	1	0	1	0	0	0	0
201370_s_at	CUL3	0	0	0	0	0	0	1
215889_at	SKIL	0	0	1	0	0	0	0
206002_at	GPR64	1	0	0	0	0	0	0
211105_s_at	NFATC1	0	0	0	0	0	0	1
208228_s_at	FGFR2	0	0	1	0	0	0	0
213293_s_at	TRIM22	1	0	1	0	0	0	0
205591_at	OLFM1	1	0	0	0	0	0	0
200747_s_at	NUMA1	0	0	0	0	0	0	1
217232_x_at	HBB	0	0	0	0	0	1	0
203531_at	CUL5	0	0	0	0	0	0	1
202253_s_at	DNM2	0	0	0	0	0	0	1
207954_at	GATA2	0	0	0	0	1	0	0
208891_at	DUSP6	0	0	1	0	0	0	0
215800_at	DUOX1	0	0	0	0	1	0	0
209212_s_at	KLF5	0	0	1	1	0	0	0
209170_s_at	GPM6B	1	0	0	0	1	0	0
221942_s_at	GUCY1A3	0	0	0	0	1	0	0
211745_x_at	HBA1	0	0	0	0	1	0	0
200768_s_at	MAT2A	1	0	0	0	0	0	0
205645_at	REPS2	0	0	0	0	1	0	0
217690_at	TYMS	0	0	0	0	0	0	1
205541_s_at	GSPT2	0	0	0	0	0	0	1
201578_at	PODXL	1	0	0	0	0	0	0
210239_at	IRX5	0	0	0	0	1	0	0
206286_s_at	TDGF1	1	1	1	0	0	0	0
217414_x_at	HBA2	0	0	0	0	1	1	0
200663_at	CD63	0	0	0	0	0	1	0
213622_at	COL9A2	0	0	0	0	1	0	0
205975_s_at	HOXD1	0	0	0	0	1	0	0
213331_s_at	NEK1	0	0	0	0	0	0	1
217940_s_at	FLJ10769	0	0	1	0	0	0	0
207155_at	TBX5	0	0	0	0	1	0	0
210033_s_at	SPAG6	0	0	0	0	1	0	0
210977_s_at	HSF4	0	0	0	0	1	0	0
214620_x_at	PAM	0	0	0	0	0	0	1
213611_at	AQP5	0	0	0	0	1	0	0
202936_s_at	SOX9	0	0	0	0	0	0	0
213645_at	TYMS	0	0	0	0	0	0	1
206932_at	CH25H	0	0	0	0	1	0	0
209543_s_at	CD34	0	0	0	0	1	0	0
218152_at	HMG20A	0	0	1	1	0	0	0
222017_x_at	LRRN1	1	0	1	0	0	0	0
211518_s_at	BMP4	0	0	0	0	0	1	0
201499_s_at	USP7	0	0	1	0	0	0	0
220625_s_at	ELF5	0	0	0	0	0	0	0
201369_s_at	ZFP36L2	0	0	0	0	0	1	0
216836_s_at	ERBB2	1	0	0	0	0	0	0
206255_at	BLK	0	0	0	0	0	1	0
214792_x_at	VAMP2	0	0	0	0	0	1	0
202724_s_at	FOXO1A	0	0	0	0	0	0	0
209290_s_at	NFIB	0	0	0	0	0	0	1
209293_x_at	ID4	0	0	0	0	0	0	0
31637_s_at	NR1D1	0	0	0	0	0	1	0
216925_s_at	TAL1	0	0	1	1	1	0	0
210002_at	GATA6	0	0	0	0	1	0	0
207884_at	GUCY2D	0	0	0	0	1	0	0
205948_at	PTPRT	0	0	0	0	1	0	0
209167_at	GPM6B	1	0	0	0	1	0	0
201884_at	CEACAM5	0	0	0	0	0	1	0
204469_at	PTPRZ1	1	0	0	0	0	0	0
208482_at	SSTR1	0	0	0	0	1	0	0
209436_at	SPON1	0	0	0	0	1	0	0
201367_s_at	ZFP36L2	0	0	0	0	0	1	0
203034_s_at	RPL27A	0	0	0	0	0	1	0
213392_at	GPRC5B	1	0	0	0	0	0	0
210560_at	GBX2	0	0	0	0	1	0	0
217572_at	HBA2	0	0	0	0	1	1	0
217168_s_at	HERPUD1	0	0	0	0	0	1	0
201129_at	SFRS7	1	0	0	0	0	0	0
203639_s_at	FGFR2	0	0	1	0	0	0	0
202502_at	ACADM	0	0	0	0	0	1	0
38707_r_at	E2F4	0	0	0	0	0	0	1
219727_at	DUOX2	0	0	0	0	1	0	0
209807_s_at	NFIX	0	0	0	0	1	0	1
209121_x_at	NR2F2	0	0	0	0	1	0	0
206906_at	ICAM5	0	0	0	0	1	0	0
205919_at	HBE1	0	0	0	0	0	1	0
217061_s_at	ETV1	1	0	0	0	0	0	0
214322_at	CAMK2G	0	0	0	0	0	0	1
200879_s_at	EPAS1	0	0	0	0	1	0	0
203917_at	CXADR	1	0	0	0	0	0	0
203950_s_at	CLCN6	0	0	0	0	0	1	0
206089_at	NELL1	0	0	0	0	1	0	0
1438_at	EPHB3	0	0	0	0	1	0	0
209205_s_at	LMO4	0	0	0	0	0	0	0
206056_x_at	TSC2	0	0	0	0	0	1	0
203195_s_at	NUP98	0	0	0	0	0	0	1
212843_at	NCAM1	0	0	0	0	1	0	0
203841_x_at	MAPRE3	0	0	0	0	0	0	1
208949_s_at	LGALS3	0	0	0	0	1	0	0
201463_s_at	TALDO1	0	0	1	0	0	0	0
211987_at	TOP2B	0	0	0	0	0	0	1
211237_s_at	FGFR4	0	0	0	0	0	1	0
207154_at	DIO3	0	0	0	0	1	0	0
210205_at	B3GALT4	0	0	1	0	0	0	0
203295_s_at	ATP1A2	1	0	0	0	0	0	0
220313_at	GPR88	0	0	0	0	1	0	0
205641_s_at	TRADD	0	0	0	0	1	0	0
205978_at	KL	0	0	0	0	1	0	0
212931_at	TCF20	0	0	1	1	0	0	0
203131_at	PDGFRA	0	0	0	0	1	0	0
209101_at	CTGF	0	0	1	0	0	0	0
210145_at	PLA2G4A	0	0	0	0	0	1	0
222171_s_at	PKNOX2	0	0	0	0	1	0	0
213994_s_at	SPON1	0	0	0	0	1	0	0
200899_s_at	MGEA5	0	0	1	0	0	0	0
211057_at	ROR1	0	0	1	0	0	0	0
205713_s_at	COMP	0	0	0	0	1	0	0
211373_s_at	PSEN2	0	0	0	0	0	1	0
213489_at	MAPRE2	0	0	0	0	0	0	1
210550_s_at	RASGRF1	0	0	0	0	1	0	0
209986_at	ASCL1	0	0	0	0	1	0	0
211965_at	ZFP36L1	0	0	1	1	0	0	0
202337_at	PMF1	0	0	0	0	0	0	1
266_s_at	CD24	1	0	0	0	0	0	0
203533_s_at	CUL5	0	0	0	0	0	0	1
200824_at	GSTP1	0	0	0	0	0	1	0
209830_s_at	SLC9A3R2	0	0	0	0	0	1	0
211780_x_at	DCTN1	0	0	0	0	0	0	1
200953_s_at	CCND2	0	0	0	0	0	1	0
36920_at	MTM1	0	0	1	0	0	0	0
214619_at	CRHR1	0	0	0	0	1	0	0
220561_at	IGF2AS	0	0	0	0	1	0	0
201079_at	SYNGR2	0	0	0	0	0	1	0
204277_s_at	TK2	0	0	0	0	0	0	1
206498_at	OCA2	0	0	0	0	1	1	0
209731_at	NTHL1	1	0	0	0	0	1	0
208216_at	DLX4	0	0	0	0	1	0	0
209968_s_at	NCAM1	0	0	0	0	1	0	0
222351_at	PPP2R1B	1	0	1	0	0	0	0
205244_s_at	SLC13A3	1	0	0	0	0	0	0
209301_at	CA2	0	0	1	0	0	0	0
220889_s_at	CA10	0	0	0	0	1	0	0
203562_at	FEZ1	0	0	1	0	1	0	0
222238_s_at	POLM	0	0	0	0	0	0	1
206938_at	SRD5A2	0	0	0	0	1	0	0
211603_s_at	ETV4	1	1	0	0	0	0	0
204061_at	PRKX	1	0	0	0	0	0	0
203468_at	CDK10	0	0	0	0	0	1	1
209615_s_at	PAK1	1	0	0	0	0	0	0
211301_at	KCND3	0	0	0	0	1	0	0
216655_s_at	ETV6	0	0	0	0	0	0	0
203972_s_at	PEX3	0	0	0	0	0	1	0
215744_at	FUS	0	0	1	0	0	0	0
213825_at	OLIG2	0	0	0	0	1	0	0
214379_at	HNRPDL	0	0	0	0	0	1	0
210134_x_at	SHOX2	0	0	0	0	1	0	0
209843_s_at	SOX10	0	0	0	0	0	0	0
213768_s_at	ASCL1	0	0	0	0	1	0	0
63305_at	PKNOX2	0	0	0	0	1	0	0
221113_s_at	WNT16	0	0	0	0	1	0	0
209869_at	ADRA2A	0	0	0	0	1	0	0
201981_at	PAPPA	0	0	0	0	1	0	0
212590_at	RRAS2	1	0	0	0	0	0	0
218045_x_at	PTMS	0	0	0	0	0	0	1
2028_s_at	E2F1	0	0	0	0	0	1	1
212699_at	KLF4	0	0	0	0	1	0	0
205648_at	WNT2	0	0	0	0	1	0	0
221605_s_at	PIPOX	1	0	1	0	0	0	0
216975_x_at	NPAS1	0	0	0	0	1	0	0
216480_x_at	MLLT10	0	0	1	1	0	0	0
211400_at	FGFR2	0	0	1	0	0	0	0
210132_at	EFNA3	0	0	0	0	1	0	0
211347_at	CDC14B	0	0	1	0	0	0	0
205105_at	MAN2A1	1	0	0	0	0	0	0
210078_s_at	KCNAB1	0	0	0	0	1	0	0
202032_s_at	MAN2A2	0	0	0	0	0	1	0
206372_at	MYF6	0	0	0	0	1	0	0
203685_at	BCL2	0	0	0	0	1	1	0
211898_s_at	EPHB1	0	0	0	0	1	0	0
211490_at	ADRA1A	0	0	0	0	1	0	0
216275_at	BUB1	1	0	0	0	0	0	1
220983_s_at	SPRY4	1	0	0	0	0	0	0
204812_at	ZW10	0	0	0	0	0	0	1
221062_at	HS3ST3B1	0	0	0	0	1	0	0
218576_s_at	DUSP12	0	0	1	0	0	0	0
217351_at	KRT8	1	0	0	0	0	0	0
212501_at	CEBPB	0	0	0	0	0	0	0
204896_s_at	PTGER4	0	0	0	0	1	0	0
206373_at	ZIC1	0	0	1	1	1	0	0
204422_s_at	FGF2	1	0	1	0	0	0	0
34206_at	CENTD2	0	0	0	0	0	0	1
221378_at	CER1	1	0	0	0	0	0	0
207614_s_at	CUL1	0	0	0	0	0	0	1
210990_s_at	LAMA4	0	0	1	0	0	0	0
210687_at	CPT1A	0	0	1	0	0	0	0
200667_at	UBE2D3	0	0	1	0	0	0	0
217445_s_at	GART	1	0	0	0	0	0	0
217211_at	ACTB	0	0	0	0	0	1	0
220894_x_at	PRDM12	0	0	0	0	1	0	0
205924_at	RAB3B	1	0	0	0	0	0	0
37796_at	LRRN1	1	0	1	0	0	0	0
209416_s_at	FZR1	0	0	0	0	0	0	1
208931_s_at	ILF3	1	0	0	0	0	0	0
65517_at	AP1M2	1	0	0	0	0	0	0
211056_s_at	SRD5A1	0	0	0	0	0	1	0
208221_s_at	SLIT1	0	0	0	0	1	0	0
216882_s_at	NEBL	0	0	1	0	0	0	0
205676_at	CYP27B1	0	0	0	0	1	0	0
205024_s_at	RAD51	0	0	0	0	0	0	1
203934_at	KDR	0	0	1	0	0	0	0
219769_at	INCENP	0	0	0	0	0	0	1
204777_s_at	MAL	0	0	0	0	1	0	0
214611_at	GRIK1	0	0	0	0	1	0	0
206788_s_at	CBFB	0	0	0	0	0	0	0
205899_at	CCNA1	0	0	0	0	0	0	1
219494_at	RAD54B	1	0	1	0	0	0	0
206558_at	SIM2	0	0	0	0	1	0	0
205817_at	SIX1	0	0	0	0	1	0	0
211479_s_at	HTR2C	0	0	0	0	1	0	0
214908_s_at	TRRAP	0	0	0	0	0	0	1
203210_s_at	RFC5	0	0	0	0	0	0	1
206424_at	CYP26A1	1	1	0	0	1	0	0
200725_x_at	RPL10	0	0	0	0	0	1	0
215804_at	EPHA1	1	1	1	0	0	0	0
208896_at	DDX18	1	0	0	0	0	0	0
211274_at	TBX1	0	0	0	0	1	0	0
210355_at	PTHLH	0	0	0	0	1	0	0
221049_s_at	POLL	0	0	0	0	0	0	1
208219_at	ACVR1B	0	0	0	0	0	0	1
204130_at	HSD11B2	0	0	0	0	0	1	0
219498_s_at	BCL11A	0	0	0	0	0	0	0
210347_s_at	BCL11A	0	0	0	0	0	0	0
202501_at	MAPRE2	0	0	0	0	0	0	1
218768_at	NUP107	1	0	0	0	0	0	0
221674_s_at	CHRD	0	0	0	0	1	0	0
213535_s_at	UBE2I	0	0	0	0	0	0	1
206213_at	WNT10B	0	0	0	0	1	0	0
203935_at	ACVR1	0	0	0	0	0	0	1
219755_at	CBX8	0	0	0	0	1	0	0
208463_at	GABRA4	0	0	0	0	1	0	0
206432_at	HAS2	0	0	1	0	0	0	0
218457_s_at	DNMT3A	1	1	0	0	0	0	0
207921_x_at	PAX8	0	0	0	0	1	0	0
204021_s_at	PURA	0	0	0	0	0	0	1
210089_s_at	LAMA4	0	0	1	0	0	0	0
203078_at	CUL2	0	0	0	0	0	0	1
210139_s_at	PMP22	0	0	0	0	1	0	0
207725_at	POU4F2	0	0	0	0	1	0	0
200600_at	MSN	0	0	0	0	0	1	0
211399_at	FGFR2	0	0	1	0	0	0	0
222074_at	UROD	0	0	0	0	0	1	0
206209_s_at	CA4	0	0	1	0	0	0	0
209023_s_at	STAG2	0	0	0	0	0	0	1
214452_at	BCAT1	0	0	0	0	0	0	1
200607_s_at	RAD21	0	0	0	0	0	0	1
207733_x_at	RUVBL1	1	0	0	0	0	0	1
208497_x_at	NEUROG1	0	0	0	0	1	0	0
201372_s_at	CUL3	0	0	0	0	0	0	1
209859_at	TRIM9	0	0	0	0	1	0	0
207822_at	FGFR1	1	0	1	0	0	0	0
207106_s_at	LTK	0	0	0	0	1	0	0
208062_s_at	NRG2	0	0	0	0	1	0	0
209148_at	RXRB	0	0	0	0	0	1	0
205932_s_at	MSX1	0	0	0	0	1	0	0
205247_at	NOTCH4	0	0	0	0	0	1	0
205805_s_at	ROR1	0	0	1	0	0	0	0
210575_at	NUDC	0	0	0	0	0	0	1
203527_s_at	APC	0	0	0	0	0	1	0
221411_at	HOXD12	0	0	0	0	1	0	0
203989_x_at	F2R	0	0	0	0	1	0	0
204604_at	PFTK1	0	0	1	0	0	0	0
201173_x_at	NUDC	0	0	0	0	0	0	1
219454_at	EGFL6	0	0	0	0	1	0	0
208541_x_at	TFAM	1	0	0	0	0	0	0
216326_s_at	HDAC3	0	0	0	0	0	1	0
52651_at	ACTB	0	0	0	0	0	1	0
207927_at	HTR7	0	0	0	0	1	0	0
206811_at	ADCY8	0	0	0	0	1	0	0
216190_x_at	ITGB1	0	0	0	0	0	1	1
221124_s_at	VSX1	0	0	0	0	1	0	0
217264_s_at	SCNN1A	1	0	0	0	0	0	0
208811_s_at	DNAJB6	1	0	0	0	0	0	0
210728_s_at	CALCA	0	0	0	0	1	0	0
214316_x_at	CALR	0	0	0	0	0	0	0
214060_at	SSBP1	0	0	0	0	0	0	1
213373_s_at	CASP8	0	0	0	0	0	1	0
211692_s_at	BBC3	0	0	0	0	0	1	0
215130_s_at	GPRC5B	1	0	0	0	0	0	0
204897_at	PTGER4	0	0	0	0	1	0	0
213378_s_at	DDX11	0	0	0	0	0	0	1
210248_at	WNT7A	0	0	0	0	1	0	0
203969_at	PEX3	0	0	0	0	0	1	0
210997_at	HGF	0	0	0	0	0	0	1
221775_x_at	RPL22	0	0	0	0	0	1	0
209893_s_at	FUT4	0	0	0	0	1	0	0
202945_at	FPGS	0	0	0	0	0	1	0
204014_at	DUSP4	0	0	0	0	1	0	0
202466_at	POLS	0	0	0	0	0	0	1
221555_x_at	CDC14B	0	0	1	0	0	0	0
211945_s_at	ITGB1	0	0	0	0	0	1	1
208378_x_at	FGF5	0	0	0	0	1	0	0
207080_s_at	PYY	0	0	0	0	1	0	0
201450_s_at	TIA1	1	0	0	0	0	0	0
206113_s_at	RAB5A	0	0	1	0	0	0	0
216973_s_at	HOXB7	0	0	0	0	1	0	0
209296_at	PPM1B	1	0	0	0	0	0	0
222259_s_at	SPO11	0	0	0	0	0	0	1
219827_at	UCP3	0	0	0	0	0	1	0
205925_s_at	RAB3B	1	0	0	0	0	0	0
207768_at	EGR4	0	0	0	0	1	0	0
212672_at	ATM	0	0	0	0	0	0	1
220043_s_at	MFI2	0	0	0	0	0	1	0
219701_at	TMOD2	0	0	0	0	1	0	0
207640_x_at	NTN2L	0	0	0	0	0	1	0
205480_s_at	UGP2	1	0	0	0	0	0	0
203692_s_at	E2F3	0	0	0	0	0	0	0
211334_at	MRE11A	1	0	0	0	0	0	0
211266_s_at	GPR4	0	0	0	0	0	1	0
221325_at	KCNK13	0	0	0	0	1	0	0
220443_s_at	VAX2	0	0	0	0	1	0	0
209693_at	ASTN2	0	0	0	0	1	0	0
206104_at	ISL1	0	0	0	0	1	0	0
201092_at	RBBP7	0	0	0	0	0	0	1
202532_s_at	DHFR	1	0	0	0	0	0	0
214009_at	MSL3L1	0	0	0	0	0	0	0
215933_s_at	HHEX	0	0	1	1	1	0	0
201611_s_at	ICMT	0	0	1	0	0	0	0
202924_s_at	PLAGL2	0	0	0	0	0	0	0
208513_at	FOXB1	0	0	0	0	1	0	0
213283_s_at	SALL2	1	0	0	0	0	0	0
213789_at	EBP	0	0	0	0	0	1	0
205882_x_at	ADD3	0	0	1	0	0	0	0
220025_at	TBR1	0	0	0	0	1	0	0
207059_at	PAX9	0	0	0	0	1	0	0
207199_at	TERT	0	0	0	0	0	1	0
206807_s_at	ADD2	1	0	0	0	0	0	0
206415_at	TLL1	0	0	0	0	1	0	0
202035_s_at	SFRP1	1	0	1	0	1	0	0
202457_s_at	PPP3CA	0	0	0	0	0	0	1
216178_x_at	ITGB1	0	0	0	0	0	1	1
219358_s_at	CENTA2	0	0	0	0	1	0	0
221841_s_at	KLF4	0	0	0	0	1	0	0
203632_s_at	GPRC5B	1	0	0	0	0	0	0
206602_s_at	HOXD3	0	0	0	0	1	0	0
201938_at	CDK2AP1	0	0	0	0	0	0	1
202862_at	FAH	0	0	0	0	0	1	0
207162_s_at	CACNA1B	0	0	0	0	1	0	0
208901_s_at	TOP1	0	0	0	0	0	1	1
203163_at	KATNB1	0	0	0	0	0	0	1
211040_x_at	GTSE1	0	0	0	0	0	0	1
217331_at	PABPC1	0	0	0	0	0	1	0
203888_at	THBD	0	0	0	0	1	0	0
203948_s_at	MPO	0	0	0	0	0	1	0
205440_s_at	NPY1R	0	0	0	0	1	0	0
201446_s_at	TIA1	1	0	0	0	0	0	0
216668_at	PABPC1	0	0	0	0	0	1	0
205646_s_at	PAX6	0	0	0	0	1	0	0
213508_at	RPS6	0	0	0	0	0	1	0
209775_x_at	SLC19A1	0	0	0	0	0	1	0
201371_s_at	CUL3	0	0	0	0	0	0	1
204465_s_at	INA	0	0	0	0	1	0	0
207328_at	ALOX15	0	0	0	0	1	0	0
210374_x_at	PTGER3	0	0	0	0	1	0	0
206622_at	TRH	0	0	0	0	1	0	0
208574_at	SOX14	0	0	0	0	1	0	0
216421_at	RPL27A	0	0	0	0	0	1	0
206748_s_at	SPAG9	0	0	1	0	0	0	0
208275_x_at	UTF1	1	0	0	0	0	0	0
204060_s_at	PRKX	1	0	0	0	0	0	0
205110_s_at	FGF13	1	0	0	0	0	0	0
31861_at	IGHMBP2	0	0	0	0	0	0	1
214360_at	SMARCA4	0	0	0	0	0	0	0
200715_x_at	RPL13A	0	0	0	0	0	1	0
200952_s_at	CCND2	0	0	0	0	0	1	0
211348_s_at	CDC14B	0	0	1	0	0	0	0
216213_at	NEK1	0	0	0	0	0	0	1
208796_s_at	CCNG1	0	0	0	0	0	0	1
203079_s_at	CUL2	0	0	0	0	0	0	1
204708_at	MAPK4	0	0	0	0	1	0	0
212360_at	AMPD2	0	0	0	0	0	1	0
207242_s_at	GRIK1	0	0	0	0	1	0	0
209842_at	SOX10	0	0	0	0	0	0	0
207209_at	CETN1	0	0	0	0	0	0	1
201921_at	GNG10	0	0	1	0	0	0	0
207014_at	GABRA2	0	0	0	0	1	0	0
202345_s_at	FABP5	1	0	0	0	0	0	0
206806_at	DGKI	0	0	0	0	1	0	0
219884_at	LHX6	0	0	0	0	1	0	0
208070_s_at	REV3L	0	0	0	0	0	0	1
221584_s_at	KCNMA1	0	0	0	0	1	0	0
200779_at	ATF4	0	0	0	0	0	1	0
90610_at	LRRN1	1	0	1	0	0	0	0
206511_s_at	SIX2	0	0	0	0	1	0	0
211827_s_at	KCND3	0	0	0	0	1	0	0
205209_at	ACVR1B	0	0	0	0	0	0	1
210419_at	BARX2	0	0	0	0	1	0	0
210487_at	DNTT	0	0	0	0	0	0	1
213867_x_at	ACTB	0	0	0	0	0	1	0
220102_at	FOXL2	0	0	0	0	1	0	0
202763_at	CASP3	1	0	0	0	0	0	0
211473_s_at	COL4A6	0	0	0	0	1	0	0
211559_s_at	CCNG2	0	0	0	0	0	0	1
211802_x_at	CACNA1G	0	0	0	0	1	0	0
212520_s_at	SMARCA4	0	0	0	0	0	0	0
221977_at	TBX2	0	0	0	0	1	0	0
200956_s_at	SSRP1	0	0	0	0	0	0	1
201752_s_at	ADD3	0	0	1	0	0	0	0
208966_x_at	IFI16	0	0	1	1	0	0	0
208389_s_at	SLC1A2	0	0	0	0	1	0	0
209194_at	CETN2	0	0	0	0	0	0	1
221359_at	GDNF	0	0	0	0	1	0	0
211277_x_at	APP	0	0	0	0	0	1	1
202401_s_at	SRF	0	0	0	0	0	0	0
213608_s_at	TIP39	0	0	0	0	1	0	0
203706_s_at	FZD7	1	0	0	0	0	0	0
204918_s_at	MLLT3	0	0	0	0	1	0	0
206282_at	NEUROD1	0	0	0	0	1	0	0
203166_at	CFDP1	0	0	0	0	0	1	0
211897_s_at	CRHR1	0	0	0	0	1	0	0
203930_s_at	MAPT	0	0	0	0	1	0	0
222161_at	NAALAD2	0	0	1	0	0	0	0
209414_at	FZR1	0	0	0	0	0	0	1
213281_at	JUN	0	0	0	0	1	1	0
219140_s_at	RBP4	0	0	0	0	1	0	0
212401_s_at	CDC2L2	0	0	0	0	0	0	1
212309_at	CLASP2	0	0	0	0	0	0	1
204234_s_at	ZNF195	1	0	0	0	0	0	0
214130_s_at	PDE4DIP	0	0	0	0	1	0	0
206474_at	PCTK2	0	0	1	0	0	0	0
209776_s_at	SLC19A1	0	0	0	0	0	1	0
200964_at	UBE1	0	0	0	0	0	0	1
201471_s_at	SQSTM1	0	0	0	0	0	1	0
219790_s_at	NPR3	0	0	0	0	1	0	0
207520_at	RPS24	1	0	0	0	0	0	0
206675_s_at	SKIL	0	0	1	0	0	0	0
217071_s_at	MTHFR	0	0	0	0	0	1	0
208196_x_at	NFATC1	0	0	0	0	0	0	1
205852_at	CDK5R2	0	0	0	0	1	0	0
206739_at	HOXC5	0	0	0	0	1	0	0
213720_s_at	SMARCA4	0	0	0	0	0	0	0
209961_s_at	HGF	0	0	0	0	0	0	1
210126_at	RUVBL1	1	0	0	0	0	0	1
201853_s_at	CDC25B	0	0	0	0	0	0	1
207676_at	ONECUT2	0	0	0	0	1	0	0
208060_at	PAX7	0	0	0	0	1	0	0
207690_at	ALX3	0	0	0	0	1	0	0
207147_at	DLX2	0	0	0	0	1	0	0
221295_at	CIDEA	0	0	0	0	1	0	0
211253_x_at	PYY	0	0	0	0	1	0	0
211273_s_at	TBX1	0	0	0	0	1	0	0
212454_x_at	HNRPDL	0	0	0	0	0	1	0
215145_s_at	CNTNAP2	1	0	0	0	0	0	0
200602_at	APP	0	0	0	0	0	1	1
211535_s_at	FGFR1	1	0	1	0	0	0	0
211492_s_at	ADRA1A	0	0	0	0	1	0	0
221336_at	ATOH1	0	0	0	0	1	0	0
214270_s_at	MAPRE3	0	0	0	0	0	0	1
212752_at	CLASP1	0	0	0	0	0	0	1
205724_at	PKP1	0	0	0	0	1	0	0
207679_at	PAX3	0	0	0	0	1	0	0
210989_at	LAMA4	0	0	1	0	0	0	0
203040_s_at	HMBS	0	0	0	0	0	1	0
211547_s_at	PAFAH1B1	0	0	0	0	0	0	1
204560_at	FKBP5	1	0	0	0	0	0	0
213649_at	SFRS7	1	0	0	0	0	0	0
206018_at	FOXG1B	0	0	0	0	0	0	0
218878_s_at	SIRT1	1	0	0	0	0	1	0
205365_at	HOXB6	0	0	0	0	1	0	0
203220_s_at	TLE1	0	0	0	0	0	0	0
206634_at	SIX3	0	0	0	0	1	0	0
208305_at	PGR	0	0	0	0	1	0	0
207767_s_at	EGR4	0	0	0	0	1	0	0
207746_at	POLQ	0	0	0	0	0	0	1
205747_at	CBLN1	0	0	0	0	1	0	0
204449_at	PDCL	0	0	1	0	0	0	0
203100_s_at	CDYL	0	0	1	0	0	0	0
216711_s_at	TAF1	0	0	0	0	0	0	1
211089_s_at	NEK3	0	0	0	0	0	0	1
203783_x_at	POLRMT	0	0	0	0	0	0	1
211491_at	ADRA1A	0	0	0	0	1	0	0
210745_at	ONECUT1	0	0	0	0	1	0	0
216990_at	GART	1	0	0	0	0	0	0
221608_at	WNT6	0	0	0	0	1	0	0
208169_s_at	PTGER3	0	0	0	0	1	0	0
210753_s_at	EPHB1	0	0	0	0	1	0	0
201696_at	SFRS4	0	0	1	0	0	0	0
211259_s_at	BMP7	0	0	1	0	0	0	0
200900_s_at	M6PR	1	0	0	0	0	0	0
204891_s_at	LCK	1	0	0	0	0	0	0
205831_at	CD2	0	0	0	0	0	1	0
219533_at	CDKN1C	0	0	0	0	0	0	1
210332_at	ACHE	0	0	0	0	0	0	1
204566_at	PPM1D	0	0	0	0	0	0	1
214289_at	PSMB1	0	0	0	0	0	1	0
213328_at	NEK1	0	0	0	0	0	0	1
202891_at	NIT1	0	0	0	0	0	1	0
221530_s_at	BHLHB3	0	0	0	0	1	0	0
213048_s_at	SET	0	0	1	0	0	0	1
209392_at	ENPP2	0	0	1	0	0	0	0
202028_s_at	CITED1	0	0	0	0	1	0	0
206891_at	ACTN3	1	0	0	0	0	0	0
215277_at	PCDH1	1	0	0	0	0	0	0
204692_at	LRRN1	1	0	1	0	0	0	0
210605_s_at	MFGE8	1	0	0	0	0	0	0
206237_s_at	NRG1	0	0	0	0	1	0	0
214178_s_at	SOX2	1	0	1	1	0	0	0
211556_at	MAPRE2	0	0	0	0	0	0	1
214022_s_at	IFITM1	1	0	0	0	0	0	0
208478_s_at	BAX	0	0	0	0	0	1	0
121_at	PAX8	0	0	0	0	1	0	0
220364_at	FLJ11235	0	0	0	0	1	0	0
204269_at	PIM2	1	0	0	0	0	1	0
212669_at	CAMK2G	0	0	0	0	0	0	1
210253_at	HTATIP2	0	0	0	0	0	0	0
201201_at	CSTB	0	0	0	0	0	1	0
221956_at	LRRN1	1	0	1	0	0	0	0
206387_at	CDX2	0	0	0	0	1	0	0
210079_x_at	KCNAB1	0	0	0	0	1	0	0
221989_at	RPL10	0	0	0	0	0	1	0
209089_at	RAB5A	0	0	1	0	0	0	0
213116_at	NEK3	0	0	0	0	0	0	1
206657_s_at	MYOD1	0	0	0	0	1	0	0
207992_s_at	AMPD3	0	0	0	0	0	1	0
214528_s_at	PAX8	0	0	0	0	1	0	0
213722_at	SOX2	1	0	1	1	0	0	0
206812_at	ADRB3	0	0	0	0	1	0	0
204926_at	INHBA	0	0	0	0	0	0	1
209552_at	PAX8	0	0	0	0	1	0	0
216320_x_at	MST1	0	0	0	0	0	1	0
208712_at	CCND1	0	0	0	0	0	1	1
216962_at	C1QBP	1	0	0	0	0	0	0
213384_x_at	PLCB3	1	0	0	0	0	0	0
217476_at	NR1D1	0	0	0	0	0	1	0
206863_x_at	HRK	0	0	0	0	1	0	0
208213_s_at	KCNAB1	0	0	0	0	1	0	0
203067_at	PDX1	0	0	0	0	1	0	0
206864_s_at	HRK	0	0	0	0	1	0	0
207005_s_at	BCL2	0	0	0	0	1	1	0
206783_at	FGF4	0	0	0	0	0	0	1
219671_at	HPCAL4	0	0	0	0	1	0	0
221805_at	NEFL	0	0	0	0	1	0	0
207818_s_at	HTR7	0	0	0	0	1	0	0
210473_s_at	CDC2L2	0	0	0	0	0	0	1
207551_s_at	MSL3L1	0	0	0	0	0	0	0
206541_at	KLKB1	1	0	0	0	0	0	0
203928_x_at	MAPT	0	0	0	0	1	0	0
210246_s_at	ABCC8	0	0	0	0	1	0	0
207177_at	PTGFR	0	0	0	0	1	0	0
214953_s_at	APP	0	0	0	0	0	1	1
221755_at	ITGB1	0	0	0	0	0	1	1
209496_at	RARRES2	1	0	0	0	0	0	0
203526_s_at	APC	0	0	0	0	0	1	0
219908_at	DKK2	0	0	0	0	1	0	0
206235_at	LIG4	0	0	0	0	0	0	1
205023_at	RAD51	0	0	0	0	0	0	1
222026_at	RBM3	0	0	0	0	0	1	0
202885_s_at	PPP2R1B	1	0	1	0	0	0	0
202400_s_at	SRF	0	0	0	0	0	0	0
44783_s_at	HEY1	0	0	0	0	1	0	0
205974_at	HOXD1	0	0	0	0	1	0	0
207548_at	GRM7	0	0	0	0	1	0	0
208430_s_at	DTNA	0	0	1	0	0	0	0
218523_at	LHPP	0	0	1	0	0	0	0
203684_s_at	BCL2	0	0	0	0	1	1	0
209932_s_at	DUT	0	0	0	0	0	0	1
214558_at	GPR12	0	0	0	0	1	0	0
207924_x_at	PAX8	0	0	0	0	1	0	0
203844_at	VHL	0	0	0	0	0	1	0
211398_at	FGFR2	0	0	1	0	0	0	0
205605_at	HOXD9	0	0	0	0	1	0	0
209168_at	GPM6B	1	0	0	0	1	0	0
205268_s_at	ADD2	1	0	0	0	0	0	0
201839_s_at	TACSTD1	1	0	0	0	0	0	0
204602_at	DKK1	0	0	1	0	1	0	0
210998_s_at	HGF	0	0	0	0	0	0	1
208232_x_at	NRG1	0	0	0	0	1	0	0
203132_at	RB1	0	0	0	0	0	0	1
208432_s_at	CACNA1E	0	0	0	0	1	0	0
205710_at	LRP2	0	0	0	0	1	0	0
204775_at	CHAF1B	0	0	0	0	0	0	1
209985_s_at	ASCL1	0	0	0	0	1	0	0
215894_at	PTGDR	0	0	0	0	1	0	0
207662_at	TBX1	0	0	0	0	1	0	0
208345_s_at	POU3F1	0	0	0	0	1	0	0
206194_at	HOXC4	0	0	0	0	1	0	0
211540_s_at	RB1	0	0	0	0	0	0	1
202892_at	CDC23	0	0	0	0	0	0	1
210199_at	CRYAA	0	0	0	0	0	0	1
209100_at	IFRD2	0	0	0	0	0	1	0
208234_x_at	FGFR2	0	0	1	0	0	0	0
200901_s_at	M6PR	1	0	0	0	0	0	0
213660_s_at	TOP3B	0	0	0	0	0	0	1
203631_s_at	GPRC5B	1	0	0	0	0	0	0
208319_s_at	RBM3	0	0	0	0	0	1	0
207694_at	POU3F4	0	0	0	0	1	0	0
208230_s_at	NRG1	0	0	0	0	1	0	0
209604_s_at	GATA3	0	0	0	0	1	0	0
210028_s_at	ORC3L	0	0	0	0	0	0	1
202294_at	STAG1	0	0	0	0	0	0	1
206693_at	IL7	0	0	0	0	1	0	0
210161_at	NFATC1	0	0	0	0	0	0	1
208333_at	LHX5	0	0	0	0	1	0	0
200061_s_at	RPS24	1	0	0	0	0	0	0
206879_s_at	NRG2	0	0	0	0	1	0	0
210758_at	PSIP1	1	0	0	0	0	0	0
200997_at	RBM4	0	1	0	0	0	0	0
211380_s_at	PRKG1	0	0	0	0	1	0	0
219883_at	KCNK4	0	0	0	0	1	0	0
210475_at	POU3F1	0	0	0	0	1	0	0
206836_at	SLC6A3	0	0	0	0	1	0	0
209157_at	DNAJA2	0	0	0	0	0	0	1
217301_x_at	RBBP4	0	0	0	0	0	0	1
202176_at	ERCC3	0	0	0	0	0	0	1
206601_s_at	HOXD3	0	0	0	0	1	0	0
205522_at	HOXD4	0	0	0	0	1	0	0
211228_s_at	RAD17	0	0	0	0	0	0	1
207588_at	MYT2	0	0	0	0	0	0	1
208593_x_at	CRHR1	0	0	0	0	1	0	0
216262_s_at	TGIF2	0	0	0	0	0	0	0
217020_at	RARB	0	0	0	0	0	1	0
209123_at	QDPR	0	0	0	0	0	1	0
210736_x_at	DTNA	0	0	1	0	0	0	0
213816_s_at	MET	0	0	0	0	0	1	0
211267_at	HESX1	1	1	1	1	0	0	0
207656_s_at	ACOX1	0	0	0	0	0	1	0
208380_at	LBX1	0	0	0	0	1	0	0
206704_at	CLCN5	0	0	0	0	1	0	0
208491_s_at	PGM5	0	0	0	0	1	0	0
203001_s_at	STMN2	0	0	0	0	1	0	0
206401_s_at	MAPT	0	0	0	0	1	0	0
208486_at	DRD5	0	0	0	0	1	0	0
213277_at	ZFP36L1	0	0	1	1	0	0	0
207686_s_at	CASP8	0	0	0	0	0	1	0
210302_s_at	MAB21L2	0	0	0	0	1	0	0
202884_s_at	PPP2R1B	1	0	1	0	0	0	0
206800_at	MTHFR	0	0	0	0	0	1	0
211314_at	CACNA1G	0	0	0	0	1	0	0
209749_s_at	ACE	0	0	0	0	0	1	0
219301_s_at	CNTNAP2	1	0	0	0	0	0	0
213465_s_at	PPP1R7	0	0	0	0	0	1	0
207144_s_at	CITED1	0	0	0	0	1	0	0
218044_x_at	PTMS	0	0	0	0	0	0	1
220317_at	LRAT	0	0	1	0	0	0	0
213588_x_at	NAP1L1	0	0	0	0	0	0	1
213443_at	TRADD	0	0	0	0	1	0	0
207174_at	GPC5	0	0	0	0	1	0	0
220116_at	KCNN2	0	0	1	0	0	0	0
203194_s_at	NUP98	0	0	0	0	0	0	1
207290_at	PLXNA2	0	0	0	0	1	0	0
208224_at	HOXB1	0	0	0	0	1	0	0
33304_at	ISG20	0	0	0	0	0	1	0
208479_at	KCNA1	0	0	0	0	1	0	0
206858_s_at	HOXC6	0	0	0	0	1	0	0
201424_s_at	CUL4A	0	0	0	0	0	0	1
200959_at	FUS	0	0	1	0	0	0	0
220136_s_at	CRYBA2	0	0	0	0	1	0	0
207558_s_at	PITX2	0	0	0	0	1	0	0
206865_at	HRK	0	0	0	0	1	0	0
209777_s_at	SLC19A1	0	0	0	0	0	1	0
208005_at	NTN1	0	0	0	0	1	0	0
209591_s_at	BMP7	0	0	1	0	0	0	0
217280_x_at	GABRA5	1	0	0	0	0	0	0
213194_at	ROBO1	1	0	0	0	0	0	0
204760_s_at	NR1D1	0	0	0	0	0	1	0
207004_at	BCL2	0	0	0	0	1	1	0
208286_x_at	POU5F1	1	1	1	1	0	0	0
213806_at	PURA	0	0	0	0	0	0	1
204421_s_at	FGF2	1	0	1	0	0	0	0
202890_at	MAP7	1	0	0	0	0	0	0
217373_x_at	MDM2	0	0	0	0	0	1	1
210375_at	PTGER3	0	0	0	0	1	0	0
216651_s_at	GAD2	0	0	0	0	1	0	0
209134_s_at	RPS6	0	0	0	0	0	1	0
215878_at	ITGB1	0	0	0	0	0	1	1
206283_s_at	TAL1	0	0	1	1	1	0	0
212920_at	REST	0	0	1	1	0	0	0
217184_s_at	LTK	0	0	0	0	1	0	0
205377_s_at	ACHE	0	0	0	0	0	0	1
206174_s_at	PPP6C	0	0	0	0	0	0	1
220166_at	CNNM1	0	0	0	0	1	0	0
212952_at	CALR	0	0	0	0	0	0	0
221990_at	PAX8	0	0	0	0	1	0	0
207188_at	CDK3	0	0	0	0	0	0	1
209587_at	PITX1	0	0	0	0	1	0	0
212306_at	CLASP2	0	0	0	0	0	0	1
213992_at	COL4A6	0	0	0	0	1	0	0
34689_at	TREX1	0	0	0	0	0	0	1
202925_s_at	PLAGL2	0	0	0	0	0	0	0
203633_at	CPT1A	0	0	1	0	0	0	0
211021_s_at	RGS14	0	0	0	0	0	0	1
222091_at	HPCAL4	0	0	0	0	1	0	0
208986_at	TCF12	0	0	0	0	0	1	0
210946_at	PPAP2A	1	0	1	0	0	0	0
211341_at	POU4F1	0	0	0	0	1	0	0
203510_at	MET	0	0	0	0	0	1	0
201431_s_at	DPYSL3	0	0	1	0	0	0	0
221384_at	UCP1	0	0	0	0	1	0	0
210930_s_at	ERBB2	1	0	0	0	0	0	0
215980_s_at	IGHMBP2	0	0	0	0	0	0	1
202751_at	TIP39	0	0	0	0	1	0	0
221350_at	HOXC8	0	0	0	0	1	0	0
205297_s_at	CD79B	0	0	0	0	0	1	0
206032_at	DSC3	0	0	0	0	1	0	0
220559_at	EN1	0	0	0	0	1	0	0
206136_at	FZD5	1	0	0	0	0	0	0
207250_at	SIX6	0	0	0	0	1	0	0
206115_at	EGR3	0	0	0	0	1	1	0
205379_at	CBR3	0	0	0	0	1	0	0
71933_at	WNT6	0	0	0	0	1	0	0
200029_at	RPL19	0	0	0	0	0	1	0
203532_x_at	CUL5	0	0	0	0	0	0	1
217477_at	PIP5K1B	0	0	0	0	1	0	0
216824_at	ARF1	0	0	0	0	0	1	0
217455_s_at	SSTR2	0	0	0	0	1	0	0
220714_at	PRDM14	1	1	1	1	0	0	0
210850_s_at	ELK1	0	0	0	0	0	1	0
217359_s_at	NCAM1	0	0	0	0	1	0	0
201473_at	JUNB	0	0	0	0	0	1	0
217400_at	PCNA	0	0	0	0	0	0	1
208930_s_at	ILF3	1	0	0	0	0	0	0
207341_at	PRTN3	0	0	0	0	0	1	0
214532_x_at	POU5F1	1	1	1	1	0	0	0
205517_at	GATA4	0	0	0	0	1	0	0
209083_at	CORO1A	0	0	0	0	0	0	1
203000_at	STMN2	0	0	0	0	1	0	0
205906_at	FOXJ1	0	0	0	0	1	0	0
211248_s_at	CHRD	0	0	0	0	1	0	0
212967_x_at	NAP1L1	0	0	0	0	0	0	1
205386_s_at	MDM2	0	0	0	0	0	1	1
215538_at	LARGE	0	0	1	0	0	0	0
214019_at	CCND1	0	0	0	0	0	1	1
215664_s_at	EPHA5	0	0	0	0	1	0	0
208971_at	UROD	0	0	0	0	0	1	0
216837_at	EPHA5	0	0	0	0	1	0	0
204359_at	FLRT2	0	0	0	0	1	0	0
205551_at	SV2B	0	0	0	0	1	0	0
208570_at	WNT1	0	0	0	0	1	0	0
203222_s_at	TLE1	0	0	0	0	0	0	0
210833_at	PTGER3	0	0	0	0	1	0	0
214514_at	MCM3AP	0	0	0	0	0	0	1
205643_s_at	PPP2R2B	1	0	0	0	0	0	0
220552_at	TRPC5	0	0	0	0	1	0	0
210371_s_at	RBBP4	0	0	0	0	0	0	1
212942_s_at	KIAA1199	0	0	0	0	1	0	0
213792_s_at	INSR	0	0	0	0	0	1	0
212044_s_at	RPL27A	0	0	0	0	0	1	0
210261_at	KCNK2	0	0	0	0	1	0	0
201187_s_at	ITPR3	1	0	0	0	0	0	0
217246_s_at	DIAPH2	1	0	0	0	0	0	0
201100_s_at	USP9X	1	0	0	0	0	0	0
204836_at	GLDC	1	0	0	0	0	0	0
201237_at	CAPZA2	0	0	1	0	0	0	0
215485_s_at	ICAM1	0	0	0	0	0	1	0
207405_s_at	RAD17	0	0	0	0	0	0	1
210793_s_at	NUP98	0	0	0	0	0	0	1
206163_at	MAB21L1	0	0	0	0	1	0	0
207851_s_at	INSR	0	0	0	0	0	1	0
209837_at	AP4M1	0	0	0	0	0	1	0
203929_s_at	MAPT	0	0	0	0	1	0	0
216503_s_at	MLLT10	0	0	1	1	0	0	0
215471_s_at	MAP7	1	0	0	0	0	0	0
201213_at	PPP1R7	0	0	0	0	0	1	0
219736_at	TRIM36	0	0	0	0	1	0	0
208277_at	PITX3	0	0	0	0	1	0	0
206189_at	UNC5C	0	0	0	0	1	0	0
210245_at	ABCC8	0	0	0	0	1	0	0
216024_at	DNM2	0	0	0	0	0	0	1
207653_at	FOXD2	0	0	0	0	1	0	0
221936_x_at	SIRT2	0	0	0	0	0	0	1
210934_at	BLK	0	0	0	0	0	1	0
209959_at	NR4A3	0	0	0	0	1	0	0
203975_s_at	CHAF1A	1	0	0	0	0	0	1
215026_x_at	SCNN1A	1	0	0	0	0	0	0
202123_s_at	ABL1	0	0	0	0	0	0	1
201667_at	GJA1	1	0	1	0	0	0	0
204280_at	RGS14	0	0	0	0	0	0	1
213705_at	MAT2A	1	0	0	0	0	0	0
211467_s_at	NFIB	0	0	0	0	0	0	1
209491_s_at	AMPD3	0	0	0	0	0	1	0
213692_s_at	VDR	0	0	0	0	1	0	0
215714_s_at	SMARCA4	0	0	0	0	0	0	0
210611_s_at	DTNA	0	0	1	0	0	0	0
215937_at	PTGDR	0	0	0	0	1	0	0
206684_s_at	ATF7	0	0	0	0	0	1	0
202996_at	POLD4	0	0	0	0	0	0	1
222049_s_at	RBP4	0	0	0	0	1	0	0
213578_at	BMPR1A	1	0	0	0	0	0	0
205286_at	TFAP2C	0	0	0	0	0	0	0
206703_at	CHRNB1	0	0	0	0	0	1	0
216509_x_at	MLLT10	0	0	1	1	0	0	0
204684_at	NPTX1	0	0	0	0	1	0	0
203616_at	POLB	0	0	0	0	0	1	0
203603_s_at	ZFHX1B	0	0	0	0	0	0	0
205287_s_at	TFAP2C	0	0	0	0	0	0	0
201900_s_at	AKR1A1	0	0	0	0	0	1	0
211493_x_at	DTNA	0	0	1	0	0	0	0
203162_s_at	KATNB1	0	0	0	0	0	0	1
215329_s_at	CDC2L2	0	0	0	0	0	0	1
206045_s_at	NOL4	0	0	0	0	1	0	0
221700_s_at	UBA52	0	0	0	0	0	1	0
210858_x_at	ATM	0	0	0	0	0	0	1
217015_at	RBBP4	0	0	0	0	0	0	1
215511_at	TCF20	0	0	1	1	0	0	0
205861_at	SPIB	0	0	0	0	0	0	0
215152_at	MYB	0	0	0	0	0	0	1
221609_s_at	WNT6	0	0	0	0	1	0	0
210786_s_at	FLI1	0	0	0	0	1	0	0
204857_at	MAD1L1	0	0	0	0	0	0	1
211942_x_at	RPL13A	0	0	0	0	0	1	0
202517_at	CRMP1	1	0	0	0	0	0	0
203842_s_at	MAPRE3	0	0	0	0	0	0	1
207848_at	AVP	0	0	0	0	0	1	0
221351_at	HTR1A	0	0	0	0	1	0	0
200769_s_at	MAT2A	1	0	0	0	0	0	0
209864_at	FRAT2	1	0	1	0	0	0	0
208225_at	FGFR2	0	0	1	0	0	0	0
208501_at	GFI1B	0	0	0	0	0	0	1
212269_s_at	MCM3AP	0	0	0	0	0	0	1
208414_s_at	HOXB3	0	0	0	0	1	0	0
209590_at	BMP7	0	0	1	0	0	0	0
210620_s_at	GTF3C2	0	0	0	0	0	0	0
201015_s_at	JUP	0	0	1	0	0	0	0
201982_s_at	PAPPA	0	0	0	0	1	0	0
210831_s_at	PTGER3	0	0	0	0	1	0	0
215531_s_at	GABRA5	1	0	0	0	0	0	0
207607_at	ASCL2	0	0	0	0	1	1	0
204441_s_at	POLA2	0	0	0	0	0	0	1
204915_s_at	SOX11	0	0	0	0	0	0	0
210945_at	COL4A6	0	0	0	0	1	0	0
213668_s_at	SOX4	0	0	0	0	0	0	0
208218_s_at	ACVR1B	0	0	0	0	0	0	1
203084_at	TGFB1	0	0	0	0	0	1	0
209700_x_at	PDE4DIP	0	0	0	0	1	0	0
211489_at	ADRA1A	0	0	0	0	1	0	0
204669_s_at	RNF24	0	0	1	0	0	0	0
212470_at	SPAG9	0	0	1	0	0	0	0
203126_at	IMPA2	0	0	0	0	0	1	0
204689_at	HHEX	0	0	1	1	1	0	0
210701_at	CFDP1	0	0	0	0	0	1	0
211289_x_at	CDC2L1	0	0	0	0	0	0	1
206072_at	UCN	0	0	0	0	1	0	0
204158_s_at	TCIRG1	0	0	0	0	0	1	0
38290_at	RGS14	0	0	0	0	0	0	1
211264_at	GAD2	0	0	0	0	1	0	0
219764_at	FZD10	0	0	1	0	1	0	0
220804_s_at	TP73	0	0	0	0	1	0	0
211265_at	PTGER3	0	0	0	0	1	0	0
203130_s_at	KIF5C	1	0	0	0	0	0	0
204535_s_at	REST	0	0	1	1	0	0	0
203962_s_at	NEBL	0	0	1	0	0	0	0
208251_at	KCNC4	0	0	0	0	1	0	0
216961_s_at	C1QBP	1	0	0	0	0	0	0
205973_at	FEZ1	0	0	1	0	1	0	0
204798_at	MYB	0	0	0	0	0	0	1
207978_s_at	NR4A3	0	0	0	0	1	0	0
210303_at	MAB21L2	0	0	0	0	1	0	0
210380_s_at	CACNA1G	0	0	0	0	1	0	0
208214_at	ADRB1	0	0	0	0	1	0	0
220679_s_at	CDH7	0	0	0	0	1	0	0
204512_at	HIVEP1	0	0	0	0	0	0	0
205375_at	MDFI	0	0	0	0	0	0	0
216277_at	BUB1	1	0	0	0	0	0	1
204414_at	LARGE	0	0	1	0	0	0	0
220605_s_at	SIRT2	0	0	0	0	0	0	1
217379_at	RPL10	0	0	0	0	0	1	0
211086_x_at	NEK1	0	0	0	0	0	0	1
204255_s_at	VDR	0	0	0	0	1	0	0
207732_s_at	DLG3	1	0	0	0	0	0	0
210755_at	HGF	0	0	0	0	0	0	1
206358_at	PRM1	0	0	0	0	0	0	1
216971_s_at	PLEC1	0	0	0	0	1	0	0
206228_at	PAX2	0	0	0	0	1	0	0
208157_at	SIM2	0	0	0	0	1	0	0
211576_s_at	SLC19A1	0	0	0	0	0	1	0
206248_at	PRKCE	0	0	0	0	1	0	0
206780_at	GAD2	0	0	0	0	1	0	0
215099_s_at	RXRB	0	0	0	0	0	1	0
215438_x_at	GSPT1	0	0	0	0	0	0	1
206229_x_at	PAX2	0	0	0	0	1	0	0
212391_x_at	RPS3A	0	0	1	0	0	0	0
206306_at	RYR3	0	0	0	0	1	0	0
207792_at	OPRD1	0	0	0	0	1	0	0
207279_s_at	NEBL	0	0	1	0	0	0	0
206046_at	ADAM23	1	0	0	0	0	0	0
200659_s_at	PHB	0	0	0	0	0	1	1
204898_at	SAP30	0	0	0	0	0	0	0
203847_s_at	AKAP8	0	0	0	0	0	0	1
208195_at	TTN	0	0	0	0	0	0	1
219098_at	MYBBP1A	0	0	0	0	0	0	0
208330_at	ALX4	0	0	0	0	1	0	0
208530_s_at	RARB	0	0	0	0	0	1	0
217684_at	TYMS	0	0	0	0	0	0	1
217358_at	LGALS3	0	0	0	0	1	0	0
203179_at	GALT	0	0	0	0	0	1	0
209662_at	CETN3	0	0	0	0	0	0	1
205243_at	SLC13A3	1	0	0	0	0	0	0
206335_at	GALNS	0	0	0	0	0	1	0
202750_s_at	TIP39	0	0	0	0	1	0	0
207585_s_at	RPL36A	0	0	0	0	0	1	0
215407_s_at	ASTN2	0	0	0	0	1	0	0
220737_at	RPS6KA6	0	0	0	0	1	0	0
203740_at	MPHOSPH6	0	0	0	0	0	0	1
214300_s_at	TOP3A	0	0	0	0	0	0	1
213864_s_at	NAP1L1	0	0	0	0	0	0	1
213719_s_at	SMARCA4	0	0	0	0	0	0	0
207965_at	NEUROG3	0	0	0	0	1	0	0
212037_at	PNN	1	0	0	0	0	0	0
208442_s_at	ATM	0	0	0	0	0	0	1
206893_at	SALL1	1	0	1	1	0	0	0
205152_at	SLC6A1	0	0	0	0	1	0	0
206960_at	GPR23	0	1	0	0	0	0	0
218724_s_at	TGIF2	0	0	0	0	0	0	0
210122_at	PRM2	0	0	0	0	0	0	1
208814_at	HSPA4	1	0	0	0	0	0	0
220454_s_at	SEMA6A	1	0	0	0	0	0	0
221360_s_at	GHSR	0	0	0	0	1	0	0
206281_at	ADCYAP1	0	0	0	0	1	0	0
206129_s_at	ARSB	0	0	0	0	0	1	0
220394_at	FGF20	0	0	0	0	1	0	0
206745_at	HOXC11	0	0	0	0	1	0	0
205604_at	HOXD9	0	0	0	0	1	0	0
220738_s_at	RPS6KA6	0	0	0	0	1	0	0
219380_x_at	POLH	0	0	0	0	0	0	1
203949_at	MPO	0	0	0	0	0	1	0
211463_at	ZIC4	0	0	0	0	1	0	0
213849_s_at	PPP2R2B	1	0	0	0	0	0	0
210810_s_at	SLC6A5	0	0	0	0	1	0	0
218839_at	HEY1	0	0	0	0	1	0	0
216506_x_at	MLLT10	0	0	1	1	0	0	0
202611_s_at	CRSP2	0	0	0	0	0	0	0
205656_at	PCDH17	0	0	0	0	1	0	0
207143_at	CDK6	0	0	0	0	0	0	1
202388_at	RGS2	0	0	0	0	0	1	0
200793_s_at	ACO2	0	0	0	0	0	1	0
215685_s_at	DLX2	0	0	0	0	1	0	0
211260_at	BMP7	0	0	1	0	0	0	0
208487_at	LMX1B	0	0	0	0	1	0	0
201418_s_at	SOX4	0	0	0	0	0	0	0
220053_at	GDF3	1	1	0	0	0	0	0
206729_at	TNFRSF8	0	0	0	0	0	1	0
206395_at	DGKG	0	0	0	0	1	0	0
202111_at	SLC4A2	0	0	0	0	0	1	0
211401_s_at	FGFR2	0	0	1	0	0	0	0
213302_at	PFAS	1	0	0	0	0	0	0
203449_s_at	TERF1	1	0	0	0	0	0	1
221065_s_at	CHST8	0	0	0	0	1	0	0
216914_at	CDC25C	0	0	0	0	0	0	1
203275_at	IRF2	0	0	0	0	0	1	0
214299_at	TOP3A	0	0	0	0	0	0	1
205080_at	RARB	0	0	0	0	0	1	0
219046_s_at	PKNOX2	0	0	0	0	1	0	0
210832_x_at	PTGER3	0	0	0	0	1	0	0
213807_x_at	MET	0	0	0	0	0	1	0
204358_s_at	FLRT2	0	0	0	0	1	0	0
207469_s_at	PIR	0	0	0	0	1	0	0
216928_at	TAL1	0	0	1	1	1	0	0
214365_at	NTRK1	0	0	0	0	1	0	0
211832_s_at	MDM2	0	0	0	0	0	1	1
201254_x_at	RPS6	0	0	0	0	0	1	0
205453_at	HOXB2	0	0	0	0	1	0	0
205366_s_at	HOXB6	0	0	0	0	1	0	0
210220_at	FZD2	0	0	0	0	1	0	0
217006_x_at	FASN	0	0	0	0	0	1	0
210905_x_at	POU5F1	1	1	1	1	0	0	0
206935_at	PCDH8	0	0	0	0	1	0	0
209844_at	HOXB13	0	0	0	0	1	0	0
217303_s_at	ADRB3	0	0	0	0	1	0	0
216979_at	NR4A3	0	0	0	0	1	0	0
216059_at	PAX3	0	0	0	0	1	0	0
212390_at	PDE4DIP	0	0	0	0	1	0	0
211886_s_at	TBX5	0	0	0	0	1	0	0
206456_at	GABRA5	1	0	0	0	0	0	0
207295_at	SCNN1G	0	0	0	0	1	0	0
210271_at	NEUROD2	0	0	0	0	1	0	0
212392_s_at	PDE4DIP	0	0	0	0	1	0	0
213601_at	SLIT1	0	0	0	0	1	0	0
207468_s_at	SFRP5	0	0	0	0	1	0	0
207635_s_at	KCNH1	0	0	0	0	1	0	0
215711_s_at	WEE1	0	0	0	0	0	1	1
210504_at	KLF1	0	0	0	0	0	1	0
203085_s_at	TGFB1	0	0	0	0	0	1	0
219505_at	CECR1	1	0	0	0	0	0	0
202648_at	RPS19	0	0	0	0	0	1	0
207349_s_at	UCP3	0	0	0	0	0	1	0
214148_at	FOXM1	0	0	0	0	0	1	0
205977_s_at	EPHA1	1	1	1	0	0	0	0
209747_at	TGFB3	0	0	0	0	0	1	0
213721_at	SOX2	1	0	1	1	0	0	0
209415_at	FZR1	0	0	0	0	0	0	1
211219_s_at	LHX2	0	0	0	0	1	0	0
208500_x_at	FOXD3	1	0	0	0	1	0	0
215632_at	NEUROG1	0	0	0	0	1	0	0
200935_at	CALR	0	0	0	0	0	0	0
208605_s_at	NTRK1	0	0	0	0	1	0	0
206756_at	CHST7	1	0	0	0	0	0	0
207869_s_at	CACNA1G	0	0	0	0	1	0	0
210834_s_at	PTGER3	0	0	0	0	1	0	0
205408_at	MLLT10	0	0	1	1	0	0	0
202612_s_at	CRSP2	0	0	0	0	0	0	0
210372_s_at	TPD52L1	0	0	0	0	0	0	1
207152_at	NTRK2	0	0	0	0	1	0	0
210310_s_at	FGF5	0	0	0	0	1	0	0
214571_at	FGF3	0	0	0	0	1	0	0
219914_at	ECEL1	0	0	0	0	1	0	0
213718_at	RBM4	0	1	0	0	0	0	0
208223_s_at	ACVR1B	0	0	0	0	0	0	1
202672_s_at	ATF3	0	0	0	0	1	0	0
202037_s_at	SFRP1	1	0	1	0	1	0	0
207362_at	SLC30A4	0	0	0	0	1	0	0
210381_s_at	CCKBR	0	0	0	0	0	1	0
202621_at	IRF3	0	0	0	0	0	1	0
219105_x_at	ORC6L	0	0	0	0	0	0	1
221126_at	RIG	0	0	0	0	0	1	0
214315_x_at	CALR	0	0	0	0	0	0	0
210259_s_at	DLX4	0	0	0	0	1	0	0
213416_at	ITGA4	0	0	0	0	1	0	0
203129_s_at	KIF5C	1	0	0	0	0	0	0
206573_at	KCNQ3	0	0	0	0	1	0	0
213672_at	MARS	1	0	0	0	0	0	0
211070_x_at	DBI	0	0	0	0	0	1	0
214262_at	C1QBP	1	0	0	0	0	0	0
214521_at	HES2	0	0	0	0	1	0	0
204198_s_at	RUNX3	0	0	0	0	0	0	0
206603_at	SLC2A4	0	0	0	0	0	1	0
219528_s_at	BCL11B	0	0	0	0	0	0	0
203798_s_at	VSNL1	1	0	0	0	0	0	0
215305_at	PDGFRA	0	0	0	0	1	0	0
214251_s_at	NUMA1	0	0	0	0	0	0	1
215990_s_at	BCL6	0	0	0	0	0	0	1
219317_at	POLI	0	0	0	0	0	0	1
203617_x_at	ELK1	0	0	0	0	0	1	0
219845_at	BARX1	0	0	0	0	1	0	0
207237_at	KCNA3	0	0	0	0	1	0	0
213824_at	OLIG2	0	0	0	0	1	0	0
219813_at	LATS1	0	0	0	0	0	0	1
210706_s_at	RNF24	0	0	1	0	0	0	0
207454_at	GRIK3	0	0	0	0	1	0	0
213963_s_at	SAP30	0	0	0	0	0	0	0
211008_s_at	UBE2I	0	0	0	0	0	0	1
205875_s_at	TREX1	0	0	0	0	0	0	1
210311_at	FGF5	0	0	0	0	1	0	0
207680_x_at	PAX3	0	0	0	0	1	0	0
216955_at	TAF1	0	0	0	0	0	0	1
219139_s_at	RBP4	0	0	0	0	1	0	0
200932_s_at	DCTN2	0	0	0	0	0	0	1
208222_at	ACVR1B	0	0	0	0	0	0	1
220441_at	FLJ13236	0	0	0	0	1	0	0
209611_s_at	SLC1A4	0	0	0	0	1	0	0
208750_s_at	ARF1	0	0	0	0	0	1	0
200951_s_at	CCND2	0	0	0	0	0	1	0
219789_at	NPR3	0	0	0	0	1	0	0
215127_s_at	RBMS1	0	0	0	0	0	0	1
206939_at	DCC	0	0	0	0	1	0	0
210471_s_at	KCNAB1	0	0	0	0	1	0	0
207060_at	EN2	0	0	0	0	1	0	0
215131_at	GPRC5B	1	0	0	0	0	0	0
204178_s_at	RBM14	0	0	0	0	0	0	1
222086_s_at	WNT6	0	0	0	0	1	0	0
211226_at	GALR2	0	0	0	0	1	0	0
201753_s_at	ADD3	0	0	1	0	0	0	0
210406_s_at	RAB6C	0	0	0	0	1	0	0
205358_at	GRIA2	0	0	0	0	1	0	0
207826_s_at	ID3	0	0	0	0	0	1	0
201993_x_at	HNRPDL	0	0	0	0	0	1	0
209600_s_at	ACOX1	0	0	0	0	0	1	0
210091_s_at	DTNA	0	0	1	0	0	0	0
