Symbol	CloneID	Class	Cross validation support (%)	Parametric p-value	t-value	Foldchange
ABCB9	36371	AT	100	1,00E-07	6,81	3,28
2-Sep	729542	AT	100	2,67E-01	21,11	0,75
5-Sep	448163	AT	100	1,00E-07	7,03	4,96
AAAS	740617	AT	99	3,00E-07	5,36	3,34
ABCA3	52740	AT	97	4,99E-01	0,68	1,13
ABCA8	284828	AT	97	1,86E-01	21,33	0,74
ABCB1	1837488	AT	97	2,26E-01	21,22	0,72
ABCB8	238705	AT	97	3,51E-01	20,94	0,84
ABCC3	208097	AT	96	1,54E-01	1,43	1,64
ABCF2	1086914	AT	96	1,00E-07	6,91	3,37
BATF	1929371	AT	83	1,00E-07	10,52	6,03
C18orf51	742649	AT	62	1,00E-07	9,87	7,47
CARD11	665651	AT	46	1,00E-07	10,85	4,72
CBFA2T2	43629	AT	39	1,00E-07	10,18	10,03
CD38	1352408	AT	29	1,00E-07	10,18	7,22
CD79A	1056782	AT	25	1,00E-07	11,14	8,58
CD79B	155717	AT	25	1,00E-07	11,91	10,51
CXCL6	2108870	AT	14	1,00E-07	10,13	4,29
EPPB9	668454	AT	7	1,00E-07	9,67	9,03
DKFZp667B0210	1844689	AT	3	1,00E-07	9,30	4,83
PLXNB2	1420676	FTA	65	6,00E-07	5,21	1,70
TBC1D17	739955	FTA	62	4,00E-07	5,27	1,56
ZNF76	745003	FTA	59	8,00E-07	5,15	1,51
KIAA1196	738938	FTA	52	1,40E-06	5,01	1,52
ASGR1	25883	FTA	48	1,25E-05	4,51	1,75
BCL2L11	300194	FTA	42	6,00E-06	4,68	1,42
DAP	725371	FTA	41	6,20E-06	4,67	1,51
CABIN1	1844968	FTA	40	1,12E-05	4,53	1,59
FLJ14981	24532	FTA	31	1,84E-04	3,83	1,50
RAD51L1	295412	FTA	30	4,23E-05	4,21	1,66
TSPAN1	376003	FTA	26	3,52E-05	4,25	1,57
745465	745465	FTA	25	2,58E-02	2,25	1,24
PLCG1	1174287	FTA	25	8,36E-05	24,04	0,67
COL18A1	359202	FTA	24	3,20E-05	4,28	1,60
RPS6KA2	22711	FTA	23	3,77E-05	4,24	1,57
CaMKIINalpha	173820	FTA	22	9,52E-04	3,37	1,35
KLF1	208991	FTA	16	3,01E-03	3,01	1,49
BAT3	24392	FTA	13	8,11E-04	3,41	1,42
PDK4	487379	FTA	11	1,00E-02	22,61	0,70
24065	24065	FTA	6	4,52E-04	23,58	0,75
KRTHB5	364569	FTAb	86	1,00E-07	6,02	1,94
METRN	487475	FTAb	86	1,00E-07	5,68	2,15
DCI	667892	FTAb	74	6,00E-07	5,19	1,63
IFI30	740931	FTAb	68	4,90E-06	24,73	0,41
ALCAM	172828	FTAb	64	1,21E-05	24,51	0,68
ADAMTS2	364844	FTAb	55	1,61E-04	3,86	1,41
ETF1	146976	FTAb	54	1,12E-04	3,96	1,54
TP53I11	667514	FTAb	44	1,22E-04	3,94	1,94
487086	487086	FTAb	42	1,52E-04	23,88	0,67
666315	666315	FTAb	35	5,63E-04	3,52	1,52
GRB10	564994	FTAb	33	1,80E-04	3,83	1,42
ISG20	740604	FTAb	33	3,51E-05	24,26	0,60
SPARC	267358	FTAb	33	1,09E-04	3,97	1,47
HAS3	667533	FTAb	28	1,07E-04	3,97	1,52
USP13	666007	FTAb	20	9,96E-05	3,99	1,56
KRT4	1173570	FTAb	13	2,87E-04	3,71	1,65
LHFP	591534	FTAb	9	2,24E-03	23,11	0,74
PCDHB15	730593	FTAb	9	1,06E-03	23,33	0,74
TPM2	740620	FTAb	9	9,35E-03	2,63	1,45
DKFZp434M202	743118	FTAb	2	5,77E-03	22,80	0,76
C22orf9	667250	FTC	89	2,00E-07	25,43	0,34
SUCLG2	687551	FTC	83	7,00E-07	25,18	0,27
LAPTM4A	726684	FTC	77	4,00E-07	25,26	0,24
KIAA1576	743426	FTC	76	1,00E-07	5,70	3,33
NR2F2	72744	FTC	65	2,60E-06	4,87	3,11
CHST3	665327	FTC	62	2,90E-06	24,85	0,32
PAI-RBP1	236055	FTC	55	5,30E-06	24,71	0,29
729896	729896	FTC	54	3,00E-07	5,34	3,22
ZBTB16	2467442	FTC	52	4,72E-05	4,18	4,68
ZNF364	471834	FTC	52	5,80E-06	24,69	0,39
GHITM	25077	FTC	50	5,30E-06	24,71	0,31
LRP8	415554	FTC	49	1,43E-04	3,90	2,74
CEECAM1	666784	FTC	45	2,67E-04	3,73	2,22
HIST1H4C	682451	FTC	43	1,57E-05	24,45	0,25
TIE1	743043	FTC	35	5,46E-05	4,14	2,52
SH3RF2	744797	FTC	22	5,37E-03	2,82	2,18
MGC5395	238840	FTC	15	5,07E-04	3,55	2,66
EMX2	365121	FTC	14	6,95E-03	22,73	0,51
LRRC28	26519	FTC	13	1,51E-03	23,23	0,40
GFRA3	2716748	FTC	11	4,52E-03	2,88	1,93
TTC19	136366	GD	72	1,57E-04	3,87	1,87
ATP6V1G2	726424	GD	61	1,91E-04	3,82	2,22
23817	23817	GD	61	3,65E-04	23,64	0,52
178161	178161	GD	52	6,99E-04	3,46	2,53
BDKRB2	665674	GD	50	6,16E-03	2,78	2,15
744385	744385	GD	48	1,37E-02	2,49	1,70
LOC150837	258698	GD	47	5,84E-04	3,51	1,81
SSX1	262894	GD	47	5,97E-04	3,50	1,76
DHX57	24623	GD	46	1,69E-03	23,19	0,59
RAI14	731711	GD	46	8,19E-03	2,68	1,56
180851	180851	GD	45	5,36E-03	22,82	0,61
MGC5566	53119	GD	43	1,74E-03	3,18	1,85
D21S2056E	740140	GD	36	2,44E-03	3,08	1,72
729489	729489	GD	31	1,28E-03	3,28	2,95
KIAA1737	122063	GD	29	1,78E-03	3,18	1,67
MLH3	250771	GD	21	8,59E-03	2,66	1,59
53081	53081	GD	18	3,35E-03	2,98	1,77
TERF1	135773	GD	16	2,81E-02	2,22	1,45
DCXR	724596	GD	15	3,39E-03	22,97	0,61
136686	136686	GD	15	6,29E-02	1,87	1,48
FLJ11127	668625	MNG	88	2,30E-06	4,90	1,54
RODH	471641	MNG	83	1,51E-05	4,46	2,57
MGC17299	713422	MNG	59	6,54E-05	4,10	1,37
NR2F2	72744	MNG	57	3,10E-04	3,69	1,40
ZNF83	486356	MNG	50	3,72E-04	3,64	1,32
744505	744505	MNG	43	2,51E-04	3,74	1,38
745187	745187	MNG	42	1,15E-03	23,31	0,78
CAV1	309645	MNG	41	3,38E-04	3,66	1,59
CNTN6	257773	MNG	41	2,34E-04	3,76	1,38
C10orf116	740941	MNG	40	2,82E-04	3,71	1,72
CALM1	594510	MNG	39	1,21E-03	23,30	0,77
726782	726782	MNG	39	3,97E-04	3,62	1,38
250463	250463	MNG	28	6,76E-03	2,74	1,29
731726	731726	MNG	28	3,90E-04	3,62	1,52
TTC17	665668	MNG	28	5,24E-04	3,54	1,31
PRKCA	768246	MNG	25	9,12E-04	23,38	0,71
NR4A1	1073288	MNG	19	1,88E-03	23,16	0,64
PDLIM1	135689	MNG	14	9,76E-04	3,36	1,48
731292	731292	MNG	11	2,65E-02	22,24	0,68
SLC17A2	207920	MNG	9	2,70E-02	22,23	0,67
MLL	80688	OTA	76	1,00E-07	28,18	0,55
ALDH1A3	486189	OTA	67	1,00E-07	6,38	1,79
CLECSF12	258865	OTA	63	1,00E-07	7,66	3,51
485104	485104	OTA	60	1,00E-07	7,32	2,25
DCN	666410	OTA	49	1,00E-07	27,19	0,50
PROZ	430471	OTA	47	1,00E-07	7,05	2,76
CHRDL2	485872	OTA	46	1,00E-07	6,72	1,58
B3GNTL1	53341	OTA	39	9,00E-07	5,10	2,04
SNRP70	729971	OTA	39	1,00E-07	27,00	0,52
HSPC159	365045	OTA	38	1,00E-07	6,86	1,70
C4A	724366	OTA	32	1,00E-07	26,30	0,39
SLC6A8	725877	OTA	31	1,00E-07	27,00	0,23
OBSCN	730926	OTA	29	1,00E-07	6,95	1,55
731616	731616	OTA	27	1,00E-07	6,88	2,42
DC12	724895	OTA	24	1,00E-07	6,67	1,71
UBA52	530069	OTA	16	4,40E-06	24,75	0,29
KCNQ2	179534	OTA	14	1,00E-07	6,43	1,77
HCNGP	365934	OTA	11	1,92E-05	4,40	1,40
C9orf72	726849	OTA	10	4,40E-06	24,75	0,69
GNAI1	753215	OTA	6	8,90E-06	4,59	1,48
SDHA	40304	OTC	95	1,00E-07	6,29	3,16
DNALI1	782688	OTC	72	1,00E-07	25,53	0,24
382423	382423	OTC	50	1,50E-06	5,00	3,52
ATP11C	667991	OTC	47	2,30E-05	4,36	2,17
C1QBP	173371	OTC	46	2,70E-06	4,86	2,47
DCN	666410	OTC	43	6,80E-06	24,65	0,29
MT1F	78353	OTC	41	3,70E-06	24,79	0,16
KIAA0543	175080	OTC	38	9,15E-05	4,01	2,03
FBXO46	471664	OTC	37	1,67E-05	4,44	2,85
CD33	1917430	OTC	35	1,06E-05	4,55	3,71
TH	813654	OTC	32	8,32E-04	3,41	1,95
742061	742061	OTC	31	1,99E-05	4,39	2,73
IDH3B	723755	OTC	27	1,90E-05	4,41	2,27
359454	359454	OTC	23	1,31E-05	24,50	0,27
SST	39593	OTC	23	1,34E-03	3,26	1,81
DHRS6	364412	OTC	20	4,03E-04	23,61	0,48
136933	136933	OTC	19	6,25E-03	2,77	2,19
TPM2	740620	OTC	18	1,59E-05	24,45	0,30
TM7SF3	666928	OTC	14	3,58E-04	3,65	2,00
PREB	740347	OTC	5	1,29E-02	22,51	0,33
LRRIQ2	487152	OTUM	59	1,29E-04	3,92	2,01
LRRC28	26519	OTUM	53	2,04E-04	23,80	0,43
NDUFC1	796513	OTUM	53	2,65E-03	23,05	0,61
NUMBL	1855110	OTUM	53	2,94E-04	23,70	0,56
667527	667527	OTUM	48	2,31E-04	3,77	2,45
MAK	382002	OTUM	43	3,71E-04	3,64	2,14
PCGF4	740457	OTUM	43	3,06E-04	3,69	2,61
IFITM3	713623	OTUM	42	1,74E-02	2,40	1,63
CLGN	1049033	OTUM	40	1,52E-03	3,23	1,86
DEFB1	665086	OTUM	40	9,17E-04	3,38	2,79
669098	669098	OTUM	35	9,47E-04	3,37	1,85
GNAS	382791	OTUM	31	6,58E-04	3,47	2,75
PTTG1	742935	OTUM	29	7,53E-03	22,71	0,52
USP14	376462	OTUM	28	9,21E-03	22,64	0,65
SNF7DC2	730401	OTUM	25	1,36E-02	2,49	1,51
C21orf84	730814	OTUM	19	1,24E-03	3,29	2,08
TCTE3	136862	OTUM	19	2,48E-02	22,27	0,69
TH	813654	OTUM	19	3,81E-02	22,09	0,69
BAK1	235938	OTUM	16	1,12E-03	3,32	1,80
PAX6	230882	OTUM	12	1,28E-02	22,52	0,66
CDH3	359051	PTC	99	1,00E-07	9,16	3,95
DPP4	343987	PTC	98	1,00E-07	8,72	4,22
CLDN1	594279	PTC	86	1,00E-07	7,88	8,98
2-Sep	729542	PTC	83	2,60E-01	1,13	1,20
ABCC3	208097	PTC	74	1,00E-07	6,30	3,48
ECM1	301122	PTC	67	1,00E-07	8,24	6,00
TSC	745490	PTC	60	1,00E-07	7,70	4,65
QPCT	711918	PTC	57	1,00E-07	7,27	3,36
ADAMTS9	376153	PTC	48	6,40E-06	4,66	1,95
687667	687667	PTC	48	1,00E-07	7,10	3,74
SLPI	378813	PTC	46	1,00E-07	7,03	2,98
MATN1	1624260	PTC	43	1,00E-07	26,74	0,42
CITED1	265558	PTC	40	1,00E-07	6,84	4,88
CCND1	324079	PTC	38	1,00E-07	6,39	2,55
136976	136976	PTC	23	1,00E-07	6,15	2,11
PET112L	743125	PTC	20	1,00E-07	6,27	1,96
DAF	627107	PTC	16	1,00E-07	5,68	1,89
GSS	140405	PTC	7	1,00E-07	5,73	2,05
CASP3	823680	PTC	5	6,00E-07	5,20	2,08
CD9	727251	PTC	1	1,45E-05	4,47	1,57
687667	687667	TUM	94	1,00E-07	6,33	3,90
CREB3L2	136399	TUM	63	4,90E-06	24,73	0,48
EIF1AY	380394	TUM	55	4,02E-05	24,22	0,57
	738970	TUM	51	1,64E-05	4,44	1,63
CITED1	265558	TUM	49	1,21E-05	4,51	3,53
KLF1	208991	TUM	46	3,72E-05	24,24	0,43
SNCB	50202	TUM	45	4,68E-05	4,18	1,99
FLJ10748	726830	TUM	44	4,24E-05	4,21	1,71
ANK2	2139315	TUM	43	1,31E-03	3,27	1,68
IGFBP3	269873	TUM	39	9,68E-05	4,00	2,06
WDR1	714196	TUM	37	2,06E-04	23,80	0,65
IFNAR2	123950	TUM	36	2,56E-04	23,74	0,61
SCNN1A	741305	TUM	36	2,37E-05	24,35	0,41
TSC	745490	TUM	27	1,95E-04	3,81	2,61
NBL1	503874	TUM	24	2,47E-04	23,75	0,35
ETF1	146976	TUM	18	6,36E-04	3,48	1,63
ICOSLG	2074228	TUM	18	1,12E-03	3,32	1,55
NCB5OR	743367	TUM	15	2,03E-03	23,14	0,56
ZNF415	23939	TUM	14	4,94E-03	22,85	0,63
KLK2	1102600	TUM	9	1,39E-03	23,25	0,66
