RNA1	Other base	Group recurrence (n=37) Mean (range; standard deviation)	Group recurrence (n=37) Variance	Group recurrence (n=37) Median	Group no recurrence (n=40) Mean (range; standard deviation)	Group no recurrence (n=40) Variance	Group no recurrence (n=40) Median	Wilcoxon sum rank test2 W	Wilcoxon sum rank test2 P	Welchs t test3 Absolute t	Welchs t test3 Degrees of freedom	Welchs t test3 P
hsa-let-7a		1.5 (0.08-4.22; 1.01)	1.02	1.38	1.04 (0.06-5.33; 1.21)	1.46	0.54	1281	0.0044	1.81	74	0.0738
hsa-let-7a-2		0.79 (0.42-1.15; 0.18)	0.03	0.8	0.84 (0.56-1.24; 0.17)	0.03	0.84	1640	0.4147	1.17	73	0.2387
hsa-let-7b		1.37 (0.1-4.15; 0.89)	0.8	1.17	1 (0.1-5.39; 1.03)	1.07	0.71	1291	0.0061	1.68	74	0.095
hsa-let-7c		1.21 (0.21-2.26; 0.42)	0.17	1.19	1.03 (0.39-2.48; 0.43)	0.18	0.98	1340	0.0249	1.89	74	0.0647
hsa-let-7d		1.19 (0.46-2.69; 0.5)	0.25	1.14	0.96 (0.39-2.93; 0.53)	0.28	0.77	1303	0.0088	2.01	74	0.048
hsa-let-7d		1.08 (0.79-1.63; 0.22)	0.05	1.02	1.09 (0.69-2.44; 0.36)	0.13	1.01	1510	0.6102	0.27	64	0.7986
hsa-let-7e		1.14 (0.74-1.65; 0.21)	0.05	1.13	1.07 (0.74-1.65; 0.2)	0.04	1.02	1401	0.105	1.5	73	0.1352
hsa-let-7i		1.43 (0.17-3.54; 0.81)	0.66	1.27	0.88 (0.14-5.02; 0.89)	0.79	0.62	1201	0.0003	2.83	74	0.0047
hsa-mir-1		1.24 (0.7-2.11; 0.39)	0.15	1.21	0.98 (0.48-1.51; 0.26)	0.07	0.96	1277	0.0039	3.4	63	0.001
hsa-mir-100		1.39 (0.2-5.37; 1.13)	1.27	1.08	0.79 (0.2-4.27; 0.66)	0.43	0.67	1240	0.0011	2.81	57	0.0036
hsa-mir-101		1.46 (0.39-5.81; 1)	1.01	1.23	0.9 (0.15-2.68; 0.62)	0.38	0.85	1239	0.0011	2.93	58	0.0028
hsa-mir-103		1.3 (0.59-2.58; 0.47)	0.22	1.19	1.04 (0.6-2.6; 0.44)	0.19	0.85	1263	0.0025	2.56	73	0.0127
hsa-mir-105		1.45 (0.35-7.65; 1.25)	1.57	1.07	0.77 (0.19-2.34; 0.54)	0.29	0.63	1173	0.0001	3.05	47	0.0001
hsa-mir-106a		1.23 (0.22-5.59; 1.17)	1.36	0.77	0.88 (0.13-12.93; 2.04)	4.14	0.3	1211	0.0004	0.95	63	0.4135
hsa-mir-106b		1.37 (0.17-5.56; 1.03)	1.06	1.15	0.82 (0.15-5; 0.86)	0.74	0.5	1246	0.0014	2.52	70	0.0098
hsa-mir-107		1.22 (0.66-2.33; 0.36)	0.13	1.15	1.14 (0.74-2.02; 0.38)	0.14	0.94	1421	0.1564	0.95	74	0.3421
hsa-mir-10a		1.48 (0.37-10.89; 1.77)	3.14	1.06	0.96 (0.23-6.28; 1.02)	1.04	0.7	1282	0.0046	1.56	56	0.1188
hsa-mir-124-1		0.98 (0.42-2.07; 0.41)	0.16	0.88	1.15 (0.27-6.01; 0.99)	0.98	0.91	1555	0.9593	0.98	52	0.3692
hsa-mir-124-2		1.09 (0.57-2.42; 0.37)	0.14	1	1.09 (0.56-3.06; 0.47)	0.22	0.98	1524	0.7136	0.02	73	0.9869
hsa-mir-125a		1.22 (0.96-1.74; 0.18)	0.03	1.2	1.36 (0.77-2.1; 0.31)	0.1	1.35	1751	0.0515	2.35	63	0.0225
hsa-mir-125a		1.39 (0.38-3.59; 0.76)	0.58	1.2	0.9 (0.51-1.82; 0.31)	0.1	0.81	1235	0.0009	3.64	46	0.0005
hsa-mir-125b-1		1.62 (0.16-7.24; 1.47)	2.15	1.29	0.87 (0.3-2.47; 0.5)	0.25	0.75	1291	0.0061	2.97	43	0.0016
hsa-mir-125b-1		1.04 (0.67-1.83; 0.31)	0.09	0.96	1.35 (0.59-2.45; 0.48)	0.23	1.24	1869	0.0016	3.44	66	0.0011
hsa-mir-125b-2		0.9 (0.66-1.16; 0.11)	0.01	0.91	1.02 (0.58-2.19; 0.27)	0.07	0.96	1790	0.019	2.71	53	0.0045
hsa-mir-126		1.57 (0.25-4.33; 1.02)	1.05	1.17	0.9 (0.14-2.93; 0.74)	0.54	0.63	1238	0.001	3.28	64	0.0014
hsa-mir-126		1.38 (0.43-3.21; 0.72)	0.52	1.08	0.89 (0.2-2.37; 0.49)	0.24	0.87	1264	0.0025	3.48	63	0.0009
hsa-mir-129-1		0.89 (0.49-1.82; 0.29)	0.08	0.83	1.19 (0.58-2.39; 0.42)	0.18	1.25	1870	0.0016	3.66	69	0
hsa-mir-129-2		1.13 (0.62-2.75; 0.35)	0.12	1.07	1 (0.67-1.8; 0.22)	0.05	0.98	1316	0.0129	2.09	59	0.0308
hsa-mir-130a		1.68 (0.33-9.21; 1.7)	2.89	1.23	0.78 (0.23-2.54; 0.63)	0.4	0.47	1181	0.0001	3.04	45	0.0007
hsa-mir-130b		0.99 (0.59-2.18; 0.32)	0.1	0.91	1 (0.52-1.81; 0.28)	0.08	0.97	1634	0.4506	0.26	71	0.7914
hsa-mir-130b		1.09 (0.61-1.77; 0.3)	0.09	1.1	1.25 (0.71-2.4; 0.38)	0.14	1.17	1732	0.0795	2.06	73	0.045
hsa-mir-136		1.4 (0.9-2.65; 0.28)	0.08	1.36	1.41 (0.89-2.57; 0.32)	0.1	1.37	1572	0.9026	0.16	74	0.8741
hsa-mir-138-1		0.96 (0.18-1.96; 0.45)	0.2	0.94	0.86 (0.12-2.64; 0.59)	0.35	0.83	1450	0.2621	0.81	72	0.4222
hsa-mir-141		1.59 (0.04-5.05; 1.08)	1.16	1.51	0.84 (0.14-5.77; 0.97)	0.94	0.51	1161	0	3.24	72	0.0011
hsa-mir-142		1.43 (0.24-4.45; 0.97)	0.93	1.17	1.08 (0.11-4.08; 0.92)	0.84	0.8	1362	0.0435	1.65	73	0.1068
hsa-mir-142		1.46 (0.26-4; 0.93)	0.86	1.2	0.97 (0.17-2.71; 0.74)	0.55	0.66	1283	0.0047	2.55	68	0.0131
hsa-mir-143		1.63 (0.14-8.08; 1.68)	2.84	1.15	0.87 (0.16-3.64; 0.74)	0.55	0.65	1311	0.0111	2.51	48	0.0109
hsa-mir-145		1.45 (0.28-6.94; 1.4)	1.96	1.1	0.88 (0.2-3.54; 0.72)	0.52	0.64	1322	0.0152	2.23	52	0.0266
hsa-mir-146a		1.37 (0.52-3.86; 0.69)	0.48	1.13	1.18 (0.29-4.72; 0.9)	0.8	0.89	1360	0.0414	1.07	72	0.2912
hsa-mir-146b		1.06 (0.79-1.64; 0.2)	0.04	1.01	1.27 (0.75-2.2; 0.28)	0.08	1.24	1921	0.0002	3.68	70	0.0004
hsa-mir-146b		1.57 (0.37-4.21; 0.91)	0.82	1.44	1.03 (0.2-3.34; 0.85)	0.72	0.72	1244	0.0013	2.71	73	0.0085
hsa-mir-147b		1.19 (0.66-4.22; 0.57)	0.33	1.11	1.16 (0.73-2.7; 0.37)	0.14	1.11	1585	0.7988	0.21	60	0.8555
hsa-mir-149		0.95 (0.57-1.28; 0.17)	0.03	0.93	1.1 (0.67-1.54; 0.23)	0.05	1.09	1822	0.0076	3.22	71	0.0022
hsa-mir-150		0.88 (0.55-1.17; 0.14)	0.02	0.89	1.04 (0.63-1.42; 0.21)	0.04	1.04	1912	0.0003	3.85	67	0.0003
hsa-mir-151		1.51 (0.7-4.16; 0.8)	0.64	1.28	1.17 (0.4-3.99; 0.83)	0.7	1.01	1298	0.0076	1.86	74	0.0691
hsa-mir-155		1.08 (0.53-1.99; 0.31)	0.09	1.03	1.24 (0.74-2.49; 0.32)	0.11	1.18	1796	0.0161	2.28	74	0.0228
hsa-mir-15a		1.46 (0.31-8.79; 1.42)	2.02	1.03	0.8 (0.16-2.33; 0.63)	0.4	0.52	1220	0.0005	2.58	48	0.0026
hsa-mir-15b		1.31 (0.21-4.5; 1.06)	1.13	1.07	0.83 (0.14-5.59; 1.04)	1.09	0.42	1260	0.0022	2	74	0.0466
hsa-mir-16-1		1.49 (0.13-6.28; 1.24)	1.53	1.24	0.78 (0.09-3.08; 0.77)	0.6	0.46	1234	0.0009	2.99	59	0.0023
hsa-mir-17		1.24 (0.24-5.56; 1.17)	1.37	0.8	0.9 (0.14-12.9; 2.03)	4.12	0.34	1210	0.0004	0.93	63	0.428
hsa-mir-181a-1		1.45 (0.48-5.17; 1.02)	1.05	1.22	0.88 (0.28-2.7; 0.54)	0.29	0.67	1224	0.0006	3	53	0.0025
hsa-mir-181a-2		0.85 (0.2-1.57; 0.35)	0.12	0.86	0.77 (0.15-1.38; 0.33)	0.11	0.8	1476	0.3918	1.03	73	0.3014
hsa-mir-181b-1		1.46 (0.66-4.67; 0.83)	0.7	1.23	1 (0.51-2.48; 0.42)	0.17	0.86	1201	0.0003	3.02	51	0.0022
hsa-mir-183		1.26 (0.5-4.79; 0.88)	0.77	0.93	0.88 (0.39-3.45; 0.56)	0.32	0.68	1265	0.0026	2.25	60	0.0238
hsa-mir-183		0.9 (0.51-1.3; 0.16)	0.02	0.89	1 (0.55-1.49; 0.21)	0.04	0.97	1770	0.0323	2.3	72	0.0242
hsa-mir-184		0.97 (0.59-1.26; 0.16)	0.03	0.97	1.11 (0.66-1.71; 0.21)	0.04	1.13	1871	0.0015	3.35	72	0.0016
hsa-mir-185		1.29 (0.77-3.42; 0.49)	0.24	1.17	1.03 (0.67-2.33; 0.34)	0.11	0.92	1262	0.0024	2.64	62	0.0075
hsa-mir-185		0.95 (0.5-1.69; 0.28)	0.08	0.93	1.11 (0.48-1.96; 0.38)	0.14	1.1	1735	0.0744	2.07	71	0.0392
hsa-mir-186		1.46 (0.77-3.12; 0.48)	0.23	1.34	1.22 (0.5-2.5; 0.49)	0.24	1.12	1354	0.0357	2.2	74	0.0276
hsa-mir-187		0.86 (0.15-1.63; 0.37)	0.14	0.83	0.8 (0.12-2.02; 0.47)	0.22	0.72	1469	0.3535	0.61	73	0.5329
hsa-mir-1908		0.96 (0.72-1.36; 0.14)	0.02	0.95	1.05 (0.73-1.47; 0.16)	0.02	1.05	1813	0.0099	2.68	74	0.0091
hsa-mir-191		1.56 (0.31-5.9; 1.1)	1.2	1.26	0.87 (0.18-4.75; 0.88)	0.77	0.52	1183	0.0001	3.03	68	0.0021
hsa-mir-193a		1.6 (0.4-7.04; 1.31)	1.72	1.19	0.91 (0.3-3.42; 0.69)	0.48	0.69	1203	0.0003	2.87	53	0.0022
hsa-mir-193a		0.94 (0.6-1.53; 0.23)	0.05	0.91	1.07 (0.58-1.53; 0.23)	0.05	1.07	1820	0.008	2.35	74	0.021
hsa-mir-193b		1.13 (0.49-3.02; 0.51)	0.26	1	1.04 (0.54-3.94; 0.61)	0.37	0.86	1403	0.1094	0.73	74	0.4852
hsa-mir-193b		1.02 (0.61-1.55; 0.24)	0.06	0.97	1.22 (0.76-2.25; 0.32)	0.11	1.25	1829	0.0061	3.06	72	0.0041
hsa-mir-194		0.96 (0.61-1.94; 0.32)	0.1	0.87	1.29 (0.49-2.77; 0.47)	0.22	1.22	1913	0.0003	3.63	68	0.0007
hsa-mir-195		1.31 (0.27-4.82; 1.03)	1.07	0.92	0.78 (0.2-2.14; 0.58)	0.34	0.52	1275	0.0037	2.71	55	0.0067
hsa-mir-195		1.03 (0.77-1.62; 0.24)	0.06	0.93	1.24 (0.67-2.39; 0.39)	0.15	1.17	1834	0.0052	2.81	65	0.0061
hsa-mir-196a		0.92 (0.53-1.67; 0.21)	0.04	0.88	0.82 (0.44-1.13; 0.16)	0.03	0.82	1353	0.0348	2.13	67	0.0307
hsa-mir-197		1 (0.45-1.49; 0.2)	0.04	1	0.94 (0.34-1.52; 0.26)	0.07	0.98	1511	0.6174	1	72	0.3258
hsa-mir-198		1.08 (0.6-2.24; 0.37)	0.14	0.98	1.11 (0.53-1.93; 0.34)	0.12	1.01	1631	0.4691	0.38	73	0.7041
hsa-mir-199a-1		1.5 (0.31-5.25; 1.3)	1.69	1.09	0.77 (0.15-3.69; 0.72)	0.52	0.48	1212	0.0004	3.03	55	0.0026
hsa-mir-199a-2		1.65 (0.28-5.43; 1.43)	2.05	1.28	0.78 (0.15-3.81; 0.78)	0.6	0.5	1212	0.0004	3.25	54	0.0013
hsa-mir-19a		1.46 (0.31-5.39; 1.07)	1.14	1.15	0.92 (0.15-6.97; 1.14)	1.29	0.62	1212	0.0004	2.16	74	0.0318
hsa-mir-19b-1		1.46 (0.28-5.73; 1.09)	1.19	1.12	0.85 (0.17-5.79; 0.97)	0.94	0.5	1198	0.0002	2.6	72	0.0081
hsa-mir-200a		1.26 (0.06-4.4; 1.04)	1.09	0.84	0.92 (0.14-11.8; 1.84)	3.39	0.4	1250	0.0016	1.01	62	0.3645
hsa-mir-200b		1.51 (0.05-4.57; 1.18)	1.39	1.13	0.96 (0.11-9.55; 1.5)	2.25	0.56	1233	0.0009	1.79	73	0.0698
hsa-mir-200b		0.88 (0.58-1.27; 0.16)	0.03	0.86	1.17 (0.65-1.76; 0.27)	0.07	1.22	2004	0	5.62	64	0
hsa-mir-200c		1.59 (0.06-4.31; 1.06)	1.11	1.48	0.93 (0.12-5.37; 0.9)	0.82	0.64	1213	0.0004	2.94	71	0.0028
hsa-mir-202		0.96 (0.16-2.01; 0.47)	0.22	1.03	1.08 (0.17-2.54; 0.55)	0.3	1.09	1653	0.343	1.03	74	0.303
hsa-mir-208a		0.93 (0.64-1.51; 0.18)	0.03	0.91	1.01 (0.66-1.33; 0.18)	0.03	0.99	1752	0.0503	1.85	74	0.066
hsa-mir-20a		1.32 (0.16-5.64; 1.16)	1.34	0.85	0.97 (0.14-13.26; 2.08)	4.32	0.38	1243	0.0012	0.92	62	0.4363
hsa-mir-20b		1.17 (0.65-2.22; 0.33)	0.11	1.05	1.03 (0.57-1.57; 0.26)	0.07	1.05	1415	0.1393	2.11	69	0.0385
hsa-mir-21		1.63 (0.06-10.13; 1.76)	3.09	1.18	0.76 (0.05-3.88; 0.85)	0.73	0.46	1211	0.0004	2.72	51	0.0027
hsa-mir-21		1.41 (0.61-4.95; 0.81)	0.66	1.21	0.85 (0.36-1.93; 0.36)	0.13	0.82	1171	0.0001	3.86	48	0
hsa-mir-214		0.96 (0.15-1.71; 0.4)	0.16	0.89	0.88 (0.18-1.82; 0.43)	0.19	0.91	1493	0.4945	0.91	74	0.369
hsa-mir-215		1.15 (0.46-8.22; 1.25)	1.57	0.94	0.87 (0.35-2.29; 0.43)	0.18	0.78	1394	0.0906	1.32	43	0.1736
hsa-mir-22		1.72 (0.19-5.13; 1.16)	1.34	1.66	0.91 (0.21-3.57; 0.68)	0.46	0.74	1211	0.0004	3.67	57	0.0004
hsa-mir-22		1.21 (0.54-2.48; 0.4)	0.16	1.15	0.95 (0.46-1.55; 0.31)	0.1	0.87	1281	0.0044	3.08	67	0.0018
hsa-mir-220b		1.05 (0.74-1.59; 0.2)	0.04	1.02	1.04 (0.62-1.5; 0.22)	0.05	1.02	1554	0.9512	0.3	74	0.7704
hsa-mir-220c		1 (0.46-2.11; 0.38)	0.14	0.86	1.26 (0.5-2.78; 0.59)	0.34	1.07	1742	0.0635	2.27	67	0.0252
hsa-mir-221		1.59 (0.36-10.79; 1.75)	3.06	1.16	0.88 (0.25-3.15; 0.64)	0.41	0.67	1187	0.0001	2.32	44	0.0038
hsa-mir-221		1.09 (0.8-1.68; 0.17)	0.03	1.11	1.16 (0.67-2; 0.29)	0.09	1.12	1626	0.501	1.26	63	0.2136
hsa-mir-222		1.69 (0.3-12.16; 1.97)	3.88	1.21	0.92 (0.26-3.09; 0.65)	0.42	0.73	1231	0.0008	2.25	43	0.0039
hsa-mir-223		1.34 (0.37-3.56; 0.75)	0.56	1.08	0.98 (0.25-4.26; 0.79)	0.63	0.7	1256	0.0019	2.06	74	0.0413
hsa-mir-23a		1.56 (0.12-5.59; 1.24)	1.54	1.12	0.83 (0.09-4.53; 0.98)	0.96	0.52	1218	0.0005	2.84	68	0.0051
hsa-mir-23b		1.48 (0.11-5.75; 1.25)	1.55	1.17	0.88 (0.09-5.7; 1.1)	1.22	0.46	1273	0.0034	2.23	72	0.0263
hsa-mir-24-1		1.59 (0.08-5.61; 1.34)	1.79	1.26	0.84 (0.06-4.28; 0.94)	0.89	0.37	1265	0.0026	2.83	64	0.0051
hsa-mir-24-1		1.18 (0.8-1.76; 0.21)	0.04	1.14	1.22 (0.77-2.23; 0.34)	0.11	1.1	1520	0.6834	0.56	66	0.5685
hsa-mir-25		1.44 (0.58-4.33; 0.76)	0.58	1.25	0.88 (0.3-3.81; 0.64)	0.41	0.76	1128	0	3.44	70	0.0004
hsa-mir-25		0.85 (0.42-1.23; 0.17)	0.03	0.82	1.01 (0.54-1.61; 0.21)	0.05	1.04	1864	0.0019	3.46	73	0.0007
hsa-mir-26a-1		1.47 (0.1-4.09; 1.04)	1.08	1.3	0.87 (0.08-3.13; 0.83)	0.69	0.5	1268	0.0029	2.79	68	0.007
hsa-mir-26b		1.5 (0.09-4.21; 1.08)	1.17	1.29	0.87 (0.08-2.83; 0.82)	0.67	0.49	1275	0.0037	2.86	66	0.0057
hsa-mir-27a		1.52 (0.16-4.26; 0.96)	0.92	1.31	0.79 (0.12-3.9; 0.77)	0.59	0.58	1166	0.0001	3.67	69	0.0005
hsa-mir-27b		1.56 (0.2-5.37; 1.12)	1.27	1.26	0.84 (0.13-4.54; 0.95)	0.9	0.45	1200	0.0002	2.99	70	0.0031
hsa-mir-296		0.99 (0.6-1.68; 0.24)	0.06	0.92	1.24 (0.72-2.09; 0.33)	0.11	1.18	1913	0.0003	3.87	70	0.0001
hsa-mir-296		1.5 (1.07-2.86; 0.44)	0.19	1.35	1.49 (0.99-2.6; 0.36)	0.13	1.44	1585	0.7988	0.08	70	0.9373
hsa-mir-297		1.12 (0.53-1.64; 0.25)	0.06	1.16	1.22 (0.7-2.01; 0.26)	0.07	1.2	1714	0.1164	1.78	74	0.0817
hsa-mir-298		1.02 (0.36-1.59; 0.25)	0.06	0.99	0.96 (0.39-1.52; 0.29)	0.08	0.95	1471	0.3642	1.03	74	0.3006
hsa-mir-299		0.96 (0.5-1.51; 0.31)	0.1	0.92	1.15 (0.48-2.57; 0.39)	0.15	1.1	1771	0.0315	2.35	73	0.0187
hsa-mir-299		0.89 (0.51-1.87; 0.3)	0.09	0.89	1.16 (0.46-1.94; 0.38)	0.14	1.12	1872	0.0015	3.47	72	0.0001
hsa-mir-29a		1.44 (0.07-7.81; 1.48)	2.2	1.14	0.78 (0.07-2.86; 0.71)	0.51	0.47	1314	0.0121	2.48	50	0.0101
hsa-mir-29b-1		1.45 (0.18-8.96; 1.58)	2.48	1.02	0.79 (0.1-3.09; 0.77)	0.59	0.44	1268	0.0029	2.28	51	0.0138
hsa-mir-29c		1.25 (0.23-3.8; 0.85)	0.73	1.07	0.85 (0.15-2.88; 0.71)	0.51	0.53	1313	0.0118	2.23	70	0.0285
hsa-mir-300		0.89 (0.5-1.27; 0.2)	0.04	0.91	1.09 (0.7-1.61; 0.22)	0.05	1.07	1913	0.0003	4.17	74	0.0001
hsa-mir-302c		0.99 (0.68-1.64; 0.22)	0.05	0.95	1.1 (0.61-2; 0.27)	0.07	1.02	1748	0.0553	1.95	74	0.0522
hsa-mir-302d		0.9 (0.55-1.18; 0.16)	0.02	0.93	1 (0.56-1.44; 0.2)	0.04	1.04	1789	0.0196	2.35	72	0.0207
hsa-mir-30a		1.42 (0.3-5.04; 0.96)	0.92	1.22	0.93 (0.17-4.74; 0.89)	0.79	0.61	1253	0.0017	2.33	73	0.0213
hsa-mir-30b		1.17 (0.06-4.15; 0.95)	0.9	0.95	0.91 (0.03-6.51; 1.37)	1.88	0.29	1314	0.0121	0.97	69	0.348
hsa-mir-30b		0.89 (0.43-1.3; 0.23)	0.05	0.87	1.1 (0.64-1.98; 0.28)	0.08	1.1	1879	0.0011	3.62	74	0.0001
hsa-mir-30c-1		1.25 (0.13-2.99; 0.82)	0.67	1.09	0.89 (0.11-4.48; 0.98)	0.96	0.42	1304	0.0091	1.77	74	0.0799
hsa-mir-30c-1		1 (0.57-1.47; 0.22)	0.05	0.96	1.27 (0.68-1.93; 0.3)	0.09	1.28	1959	0	4.6	71	0
hsa-mir-30c-2		1.08 (0.73-1.41; 0.17)	0.03	1.09	1.1 (0.78-1.71; 0.23)	0.05	1.07	1550	0.9188	0.47	72	0.6399
hsa-mir-30d		1.45 (0.49-5.37; 0.94)	0.88	1.21	1.09 (0.27-6.36; 1.16)	1.36	0.7	1241	0.0011	1.48	73	0.1519
hsa-mir-30e		1.47 (0.36-3.23; 0.77)	0.6	1.3	0.96 (0.2-3.25; 0.74)	0.55	0.68	1255	0.0019	2.96	73	0.0043
hsa-mir-32		1.04 (0.46-1.69; 0.3)	0.09	0.99	1.14 (0.62-1.89; 0.26)	0.07	1.12	1731	0.0813	1.47	72	0.1456
hsa-mir-320a		1.52 (0.44-3.41; 0.71)	0.51	1.33	1.12 (0.38-2.48; 0.47)	0.22	1.09	1291	0.0061	2.9	61	0.0043
hsa-mir-326		0.85 (0.46-1.66; 0.31)	0.1	0.78	1.04 (0.47-1.97; 0.31)	0.1	1.03	1836	0.0049	2.69	74	0.0085
hsa-mir-331		1.35 (0.5-3.37; 0.59)	0.34	1.21	0.96 (0.53-2.35; 0.39)	0.15	0.88	1202	0.0003	3.45	61	0.0006
hsa-mir-331		0.94 (0.58-1.53; 0.2)	0.04	0.94	1.04 (0.57-1.89; 0.29)	0.08	0.96	1690	0.185	1.8	69	0.0775
hsa-mir-338		1.19 (0.64-2.01; 0.35)	0.13	1.15	1.38 (0.51-3.21; 0.63)	0.39	1.31	1652	0.3482	1.65	62	0.1009
hsa-mir-339		1.38 (0.58-4.09; 0.85)	0.73	1.08	0.93 (0.47-3.2; 0.47)	0.22	0.82	1217	0.0005	2.8	55	0.0041
hsa-mir-340		1.15 (0.37-1.65; 0.29)	0.08	1.18	0.97 (0.44-1.97; 0.32)	0.1	0.94	1264	0.0025	2.65	74	0.0102
hsa-mir-340		0.91 (0.54-1.43; 0.22)	0.05	0.88	1.21 (0.65-2.54; 0.41)	0.17	1.15	1922	0.0002	3.97	60	0
hsa-mir-34a		1.28 (0.23-4.36; 0.75)	0.57	1.1	0.91 (0.25-3.18; 0.63)	0.39	0.65	1277	0.0039	2.35	70	0.0189
hsa-mir-34b		1.02 (0.21-1.56; 0.34)	0.11	1.08	0.89 (0.25-1.51; 0.38)	0.15	0.93	1403	0.1094	1.66	74	0.102
hsa-mir-34c		1.39 (0.4-8.53; 1.39)	1.94	0.96	1.1 (0.42-7.57; 1.26)	1.58	0.7	1348	0.0307	0.94	72	0.3799
hsa-mir-361		1.43 (1.05-2.44; 0.29)	0.09	1.37	1.53 (1.12-2.51; 0.3)	0.09	1.53	1722	0.0986	1.47	74	0.152
hsa-mir-361		1.25 (0.4-3.41; 0.51)	0.26	1.22	1.05 (0.43-2.21; 0.42)	0.17	1.03	1365	0.0468	1.92	69	0.0557
hsa-mir-365-1		1.45 (0.61-3.35; 0.63)	0.39	1.26	1.02 (0.5-3.79; 0.61)	0.38	0.83	1184	0.0001	3.05	74	0.0021
hsa-mir-371		0.81 (0.51-1.39; 0.19)	0.04	0.79	0.9 (0.51-1.93; 0.25)	0.06	0.87	1748	0.0553	1.8	73	0.0717
hsa-mir-374a		1.5 (0.33-5.22; 0.93)	0.87	1.18	0.84 (0.19-2.55; 0.59)	0.35	0.67	1199	0.0002	3.66	60	0
hsa-mir-374b		1.07 (0.31-1.36; 0.23)	0.05	1.13	1.12 (0.41-1.68; 0.37)	0.13	1.21	1698	0.1594	0.77	65	0.4363
hsa-mir-378		1.24 (0.61-2.24; 0.36)	0.13	1.13	1.23 (0.5-8.73; 1.25)	1.55	0.99	1310	0.0108	0.02	45	0.9987
hsa-mir-381		0.79 (0.18-1.29; 0.26)	0.07	0.86	0.81 (0.19-1.85; 0.36)	0.13	0.78	1563	0.9756	0.37	70	0.7234
hsa-mir-382		1.01 (0.59-1.5; 0.19)	0.04	1.03	1.11 (0.56-2.3; 0.32)	0.1	1.04	1682	0.2136	1.65	64	0.1053
hsa-mir-422a		1.48 (0.8-4.71; 0.67)	0.46	1.33	1.19 (0.86-2.66; 0.42)	0.18	1.02	1253	0.0017	2.22	59	0.0209
hsa-mir-423		0.98 (0.74-1.75; 0.2)	0.04	0.95	0.96 (0.67-1.51; 0.17)	0.03	0.92	1517	0.6611	0.52	70	0.605
hsa-mir-423		0.95 (0.71-1.28; 0.14)	0.02	0.94	1.09 (0.72-1.53; 0.21)	0.04	1.09	1851	0.003	3.42	68	0.0012
hsa-mir-424		1.31 (0.35-8.57; 1.32)	1.73	1.07	0.87 (0.27-2.46; 0.51)	0.26	0.71	1308	0.0102	1.92	45	0.0204
hsa-mir-451		1.28 (0.14-5.21; 1.28)	1.64	0.78	1 (0.09-12.4; 2.05)	4.19	0.35	1311	0.0111	0.72	66	0.523
hsa-mir-452		1.12 (0.6-3.98; 0.57)	0.32	1.02	1 (0.56-1.86; 0.28)	0.08	0.97	1452	0.2708	1.21	51	0.2426
hsa-mir-483		1.06 (0.38-1.86; 0.33)	0.11	0.99	1.19 (0.53-2.91; 0.53)	0.28	1.06	1622	0.5273	1.29	66	0.1938
hsa-mir-485		0.88 (0.5-1.41; 0.21)	0.04	0.84	1.02 (0.64-1.55; 0.23)	0.05	1.01	1807	0.0118	2.76	74	0.0079
hsa-mir-486		1.03 (0.64-1.58; 0.23)	0.05	0.99	1.18 (0.57-2.94; 0.43)	0.19	1.05	1732	0.0795	1.94	60	0.0547
hsa-mir-487b		0.93 (0.3-2.27; 0.41)	0.17	0.86	0.78 (0.2-2.73; 0.58)	0.33	0.54	1320	0.0144	1.37	70	0.1766
hsa-mir-488		1 (0.68-1.2; 0.12)	0.01	1.01	1.07 (0.6-1.5; 0.16)	0.03	1.06	1750	0.0527	2.02	71	0.0454
hsa-mir-490		0.93 (0.58-1.32; 0.18)	0.03	0.92	1.03 (0.73-1.69; 0.24)	0.06	0.99	1743	0.0621	2.21	70	0.0306
hsa-mir-490		0.94 (0.41-1.54; 0.27)	0.07	0.91	1.13 (0.45-1.79; 0.38)	0.15	1.2	1799	0.0148	2.59	69	0.0111
hsa-mir-491		1.11 (0.17-2.26; 0.43)	0.19	1.11	0.92 (0.2-2.22; 0.47)	0.22	0.89	1372	0.0553	1.77	74	0.0805
hsa-mir-492		0.94 (0.5-1.73; 0.25)	0.06	0.89	1.05 (0.53-2.28; 0.37)	0.13	0.94	1694	0.1719	1.57	69	0.1148
hsa-mir-494		0.79 (0.13-1.39; 0.31)	0.1	0.82	0.72 (0.13-1.31; 0.33)	0.11	0.68	1475	0.3861	1.03	74	0.3049
hsa-mir-498		0.94 (0.64-1.3; 0.17)	0.03	0.91	1.11 (0.65-1.6; 0.25)	0.06	1.1	1858	0.0024	3.44	67	0.0009
hsa-mir-500		1.22 (0.92-1.88; 0.22)	0.05	1.16	1.22 (0.85-2.96; 0.34)	0.11	1.15	1516	0.6537	0	67	0.9969
hsa-mir-503		0.94 (0.66-1.47; 0.16)	0.02	0.93	0.93 (0.62-1.72; 0.2)	0.04	0.89	1517	0.6611	0.13	73	0.899
hsa-mir-505		1.14 (0.68-1.6; 0.2)	0.04	1.14	1.13 (0.63-1.66; 0.24)	0.06	1.15	1569	0.9269	0.05	74	0.9615
hsa-mir-508		0.8 (0.46-1.4; 0.2)	0.04	0.75	0.92 (0.49-1.6; 0.25)	0.06	0.88	1790	0.019	2.43	73	0.016
hsa-mir-509-3		1.03 (0.5-1.85; 0.25)	0.06	0.98	1.02 (0.52-1.63; 0.26)	0.07	1.03	1567	0.9431	0.07	74	0.9469
hsa-mir-509		0.86 (0.46-1.49; 0.22)	0.05	0.83	0.93 (0.42-1.46; 0.24)	0.06	0.93	1743	0.0621	1.38	74	0.1709
hsa-mir-510		0.83 (0.53-1.19; 0.17)	0.03	0.81	1.04 (0.54-1.59; 0.22)	0.05	1.04	1955	0.0001	4.52	72	0.0001
hsa-mir-513a		1.11 (0.12-1.95; 0.49)	0.24	1.15	0.96 (0.11-2.1; 0.52)	0.28	1.03	1426	0.1719	1.29	74	0.1982
hsa-mir-516a		0.89 (0.42-1.76; 0.28)	0.08	0.86	0.95 (0.42-1.94; 0.31)	0.1	0.9	1660	0.3079	1.03	74	0.3078
hsa-mir-516b		0.9 (0.56-1.26; 0.18)	0.03	0.9	1.05 (0.61-1.43; 0.19)	0.04	1.04	1853	0.0028	3.39	74	0.001
hsa-mir-518a		1.05 (0.57-1.84; 0.31)	0.09	1.02	1.24 (0.69-2.56; 0.39)	0.15	1.22	1786	0.0212	2.34	73	0.021
hsa-mir-518a,hsa-mir-527		0.93 (0.61-1.63; 0.21)	0.04	0.9	0.96 (0.61-1.85; 0.27)	0.07	0.91	1590	0.7597	0.68	72	0.5009
hsa-mir-518b		1.03 (0.54-1.98; 0.31)	0.1	0.95	1.21 (0.57-2.02; 0.35)	0.13	1.14	1791	0.0185	2.34	74	0.0199
hsa-mir-518c		1.05 (0.72-1.39; 0.17)	0.03	1.02	0.99 (0.64-1.46; 0.22)	0.05	0.98	1438	0.2136	1.18	72	0.2405
hsa-mir-518e,hsa-mir-519a,hsa-mir-519b,hsa-mir-519c,hsa-mir-522,hsa-mir-523		1.01 (0.52-1.85; 0.28)	0.08	0.97	1.01 (0.52-1.97; 0.29)	0.08	0.97	1562	0.9837	0.03	74	0.9802
hsa-mir-519d		1.08 (0.56-1.78; 0.3)	0.09	1.05	1.13 (0.56-2.97; 0.55)	0.3	0.98	1512	0.6246	0.55	61	0.5907
hsa-mir-519e		0.81 (0.47-1.26; 0.17)	0.03	0.78	0.98 (0.59-1.58; 0.22)	0.05	0.97	1918	0.0003	3.9	73	0.0002
hsa-mir-520d		0.79 (0.5-1.1; 0.13)	0.02	0.75	0.82 (0.52-1.3; 0.17)	0.03	0.8	1613	0.5889	0.81	73	0.4233
hsa-mir-524		1.14 (0.88-1.77; 0.19)	0.04	1.13	1.08 (0.82-1.66; 0.21)	0.04	1.03	1352	0.0339	1.31	74	0.1984
hsa-mir-525		0.9 (0.59-1.43; 0.17)	0.03	0.9	1.04 (0.7-1.5; 0.17)	0.03	1.03	1902	0.0005	3.56	74	0.0002
hsa-mir-526b		1.08 (0.56-2.22; 0.34)	0.11	1	1.06 (0.63-2.28; 0.35)	0.12	1	1562	0.9837	0.25	74	0.8073
hsa-mir-526b		0.84 (0.58-1.25; 0.14)	0.02	0.81	0.91 (0.48-1.32; 0.17)	0.03	0.95	1755	0.0468	1.86	73	0.0682
hsa-mir-542		1.08 (0.26-1.69; 0.38)	0.15	1.09	0.97 (0.17-1.97; 0.47)	0.22	1.02	1449	0.2578	1.17	74	0.2426
hsa-mir-542		0.94 (0.48-1.62; 0.31)	0.1	0.93	1.22 (0.52-1.99; 0.38)	0.14	1.23	1871	0.0015	3.59	74	0.0007
hsa-mir-548b		0.92 (0.49-1.31; 0.2)	0.04	0.9	1.08 (0.62-1.66; 0.26)	0.07	1.05	1806	0.0121	2.9	73	0.0047
hsa-mir-549		0.92 (0.63-1.55; 0.17)	0.03	0.91	1.02 (0.72-1.54; 0.18)	0.03	1.03	1821	0.0078	2.38	74	0.0204
hsa-mir-550-1		1.2 (0.64-2.12; 0.32)	0.1	1.19	1.09 (0.68-1.51; 0.21)	0.04	1.05	1434	0.1989	1.75	60	0.0851
hsa-mir-550-1		0.67 (0.21-1.27; 0.24)	0.06	0.72	0.78 (0.26-1.44; 0.33)	0.11	0.75	1681	0.2173	1.56	71	0.1193
hsa-mir-551a		0.88 (0.45-1.29; 0.19)	0.04	0.88	1 (0.53-1.42; 0.22)	0.05	1.06	1820	0.008	2.54	74	0.0121
hsa-mir-551b		0.89 (0.48-1.56; 0.21)	0.05	0.86	0.97 (0.47-1.71; 0.28)	0.08	0.99	1733	0.0778	1.46	72	0.1473
hsa-mir-551b		0.96 (0.63-1.23; 0.16)	0.03	0.93	1.03 (0.68-1.69; 0.22)	0.05	0.99	1697	0.1625	1.74	70	0.0845
hsa-mir-552		0.92 (0.32-1.64; 0.28)	0.08	0.9	1 (0.48-1.79; 0.3)	0.09	0.98	1676	0.2369	1.18	74	0.2394
hsa-mir-553		1.02 (0.65-1.41; 0.17)	0.03	0.99	1.18 (0.7-1.64; 0.22)	0.05	1.15	1904	0.0005	3.67	73	0.0001
hsa-mir-557		0.84 (0.43-2.84; 0.46)	0.21	0.73	0.96 (0.35-2.75; 0.46)	0.21	0.88	1735	0.0744	1.17	74	0.2564
hsa-mir-574		1.05 (0.29-1.81; 0.33)	0.11	1.02	0.98 (0.24-1.89; 0.4)	0.16	1.03	1497	0.5207	0.84	73	0.4073
hsa-mir-574		1.06 (0.39-1.71; 0.3)	0.09	1.09	1.19 (0.53-2.05; 0.31)	0.1	1.16	1717	0.1094	1.85	74	0.0705
hsa-mir-576		1.08 (0.56-1.72; 0.25)	0.06	1.12	1.09 (0.59-1.88; 0.27)	0.07	1.1	1551	0.9269	0.25	74	0.7941
hsa-mir-583		0.96 (0.54-1.56; 0.2)	0.04	0.93	1.02 (0.63-2.01; 0.23)	0.05	0.99	1699	0.1564	1.39	74	0.1685
hsa-mir-584		0.86 (0.39-1.42; 0.29)	0.09	0.88	1.1 (0.49-1.98; 0.35)	0.12	1.14	1855	0.0026	3.25	74	0.0019
hsa-mir-585		1.01 (0.54-1.77; 0.3)	0.09	0.9	1.24 (0.62-2.38; 0.4)	0.16	1.25	1824	0.0071	2.85	71	0.0057
hsa-mir-586		0.98 (0.43-1.42; 0.23)	0.05	1.02	1.16 (0.69-1.63; 0.24)	0.06	1.23	1877	0.0012	3.35	74	0.0007
hsa-mir-596		0.87 (0.43-1.44; 0.25)	0.06	0.87	1.06 (0.56-2.05; 0.34)	0.12	0.98	1786	0.0212	2.79	71	0.0062
hsa-mir-600		0.95 (0.6-1.96; 0.25)	0.06	0.88	0.9 (0.52-1.98; 0.3)	0.09	0.8	1405	0.114	0.79	74	0.429
hsa-mir-602		0.75 (0.25-1.07; 0.2)	0.04	0.76	0.8 (0.25-1.19; 0.22)	0.05	0.86	1663	0.2937	1.02	74	0.3093
hsa-mir-611		1.42 (0.88-3.46; 0.49)	0.24	1.29	1.56 (0.8-2.52; 0.4)	0.16	1.55	1768	0.0339	1.34	69	0.1875
hsa-mir-612		1.04 (0.67-1.74; 0.23)	0.05	1.03	1.25 (0.78-1.92; 0.25)	0.06	1.3	1910	0.0004	3.74	74	0.0003
hsa-mir-615		0.93 (0.66-1.41; 0.22)	0.05	0.84	1.1 (0.6-1.85; 0.29)	0.09	1.08	1820	0.008	2.83	71	0.0061
hsa-mir-617		0.95 (0.48-1.74; 0.32)	0.1	0.85	1.2 (0.67-1.95; 0.3)	0.09	1.17	1906	0.0004	3.51	73	0.0008
hsa-mir-620		1.07 (0.32-1.57; 0.3)	0.09	1.13	0.93 (0.3-1.39; 0.31)	0.1	0.95	1364	0.0457	2.13	74	0.0373
hsa-mir-622		1.07 (0.6-2; 0.36)	0.13	0.98	1.33 (0.69-2.2; 0.37)	0.14	1.35	1854	0.0027	3.19	74	0.0024
hsa-mir-623		0.9 (0.53-1.42; 0.27)	0.07	0.85	1.23 (0.51-2.31; 0.43)	0.18	1.17	1904	0.0005	4.1	65	0.0001
hsa-mir-625		1.01 (0.61-1.47; 0.2)	0.04	0.99	1.13 (0.66-1.83; 0.25)	0.06	1.14	1781	0.0242	2.31	73	0.0255
hsa-mir-625		1.07 (0.72-1.94; 0.27)	0.07	1.05	1.14 (0.61-1.76; 0.29)	0.09	1.11	1693	0.1751	1.13	74	0.2586
hsa-mir-628		1.01 (0.3-1.42; 0.24)	0.06	1.05	1.02 (0.43-1.82; 0.32)	0.1	1.02	1572	0.9026	0.23	72	0.8181
hsa-mir-629		0.91 (0.57-1.4; 0.18)	0.03	0.91	0.92 (0.42-1.58; 0.26)	0.07	0.87	1555	0.9593	0.21	70	0.8412
hsa-mir-630		0.98 (0.67-1.43; 0.22)	0.05	0.95	1.23 (0.71-1.76; 0.25)	0.06	1.22	1957	0.0001	4.65	74	0
hsa-mir-631		0.75 (0.34-2.07; 0.32)	0.1	0.66	1.05 (0.41-2.44; 0.51)	0.26	0.97	1865	0.0019	3.21	66	0.0017
hsa-mir-634		0.93 (0.41-1.3; 0.2)	0.04	0.93	1 (0.55-1.52; 0.25)	0.06	1.02	1661	0.3031	1.33	73	0.1914
hsa-mir-635		0.88 (0.58-1.2; 0.15)	0.02	0.87	1.02 (0.62-1.55; 0.23)	0.05	0.99	1866	0.0018	3.26	66	0.0015
hsa-mir-636		0.97 (0.68-1.57; 0.2)	0.04	0.95	1.08 (0.72-1.69; 0.23)	0.05	1.05	1782	0.0236	2.32	74	0.0225
hsa-mir-637		1 (0.43-1.87; 0.33)	0.11	0.95	1.04 (0.39-1.88; 0.37)	0.13	0.99	1594	0.7289	0.46	74	0.6542
hsa-mir-638		0.95 (0.56-1.68; 0.27)	0.07	0.88	1.23 (0.47-2.08; 0.37)	0.14	1.21	1908	0.0004	3.77	71	0.0004
hsa-mir-640		0.83 (0.52-1.36; 0.23)	0.05	0.81	1.02 (0.49-2.08; 0.31)	0.09	0.99	1840	0.0043	3.09	72	0.002
hsa-mir-642		0.9 (0.52-1.4; 0.22)	0.05	0.88	1.09 (0.67-1.75; 0.25)	0.06	1.08	1868	0.0017	3.49	74	0.0011
hsa-mir-645		1.03 (0.68-1.64; 0.23)	0.05	1.01	1.3 (0.6-2.13; 0.43)	0.19	1.23	1831	0.0057	3.46	60	0.0008
hsa-mir-647		0.93 (0.71-1.28; 0.14)	0.02	0.93	0.94 (0.62-1.46; 0.16)	0.02	0.93	1620	0.5407	0.35	74	0.7349
hsa-mir-657		0.91 (0.52-1.34; 0.21)	0.04	0.9	1.14 (0.58-1.85; 0.27)	0.07	1.12	1928	0.0002	4.25	72	0
hsa-mir-658		0.9 (0.63-1.19; 0.12)	0.02	0.9	0.88 (0.65-1.13; 0.13)	0.02	0.89	1517	0.6611	0.68	74	0.5045
hsa-mir-659		0.97 (0.51-2.14; 0.4)	0.16	0.83	1.02 (0.46-2.16; 0.36)	0.13	0.92	1662	0.2984	0.54	72	0.5952
hsa-mir-663		0.81 (0.39-1.47; 0.25)	0.06	0.77	0.97 (0.42-1.66; 0.33)	0.11	0.91	1778	0.0262	2.49	72	0.0141
hsa-mir-665		0.91 (0.3-1.67; 0.3)	0.09	0.89	1.09 (0.41-1.89; 0.34)	0.12	1.03	1797	0.0157	2.43	74	0.0174
hsa-mir-668		1.06 (0.38-1.83; 0.31)	0.1	1.09	1.06 (0.5-3.68; 0.59)	0.34	0.87	1437	0.2098	0.04	60	0.97
hsa-mir-671		0.89 (0.55-1.55; 0.28)	0.08	0.79	0.98 (0.44-1.54; 0.3)	0.09	0.93	1693	0.1751	1.37	74	0.1707
hsa-mir-675		0.82 (0.4-1.56; 0.3)	0.09	0.77	0.94 (0.35-1.42; 0.26)	0.07	0.98	1760	0.0414	1.78	71	0.0755
hsa-mir-708		1.46 (0.54-5.08; 0.95)	0.91	1.21	1.02 (0.41-5.04; 0.75)	0.56	0.81	1208	0.0003	2.27	68	0.0186
hsa-mir-720		1.21 (0.46-3.39; 0.53)	0.28	1.14	0.98 (0.43-3.59; 0.58)	0.34	0.84	1315	0.0125	1.83	74	0.0699
hsa-mir-765		1.13 (0.58-1.75; 0.24)	0.06	1.1	1.13 (0.7-2.09; 0.27)	0.07	1.07	1525	0.7212	0.14	74	0.8842
hsa-mir-766		1.02 (0.66-1.62; 0.21)	0.04	0.98	1.11 (0.66-2.33; 0.31)	0.1	1.06	1702	0.1477	1.61	68	0.1129
hsa-mir-874		0.82 (0.39-1.24; 0.21)	0.05	0.82	1.02 (0.5-2.18; 0.34)	0.11	0.97	1841	0.0042	3.14	66	0.0026
hsa-mir-877		1.05 (0.77-1.43; 0.16)	0.03	1.05	1.22 (0.75-1.79; 0.25)	0.06	1.16	1877	0.0012	3.7	66	0.0005
hsa-mir-885		0.95 (0.69-1.16; 0.13)	0.02	0.99	1.04 (0.61-1.53; 0.23)	0.05	1.04	1753	0.0491	2.18	61	0.032
hsa-mir-886		1.26 (0.17-5.21; 1.21)	1.46	0.71	0.83 (0.22-4.34; 0.82)	0.68	0.52	1383	0.0711	1.82	62	0.0688
hsa-mir-886		1.09 (0.17-3.9; 0.97)	0.93	0.73	0.95 (0.2-8.42; 1.33)	1.78	0.54	1446	0.2451	0.52	71	0.6583
hsa-mir-887		0.94 (0.56-1.93; 0.27)	0.07	0.85	0.87 (0.44-3.23; 0.47)	0.22	0.77	1360	0.0414	0.81	63	0.4559
hsa-mir-888		1 (0.19-1.97; 0.33)	0.11	1.07	0.84 (0.23-1.75; 0.38)	0.14	0.87	1355	0.0366	1.94	74	0.0548
hsa-mir-890		1.07 (0.79-1.53; 0.14)	0.02	1.04	1.1 (0.67-1.57; 0.19)	0.04	1.1	1670	0.2621	0.82	71	0.4109
hsa-mir-891a		0.92 (0.63-1.48; 0.18)	0.03	0.9	1.17 (0.67-3.05; 0.44)	0.2	1.05	1896	0.0006	3.36	52	0.0001
hsa-mir-920		1.02 (0.66-1.95; 0.25)	0.06	0.97	1.18 (0.64-2.21; 0.35)	0.12	1.12	1821	0.0078	2.37	71	0.0208
hsa-mir-921		0.92 (0.23-1.59; 0.29)	0.09	0.93	0.95 (0.28-1.65; 0.36)	0.13	1	1637	0.4324	0.51	74	0.6141
hsa-mir-92b		0.75 (0.36-1.36; 0.24)	0.06	0.75	0.99 (0.44-2.04; 0.31)	0.1	0.94	1915	0.0003	3.71	72	0.0006
hsa-mir-93		1.45 (0.3-4.81; 1.04)	1.08	1.12	0.83 (0.19-6.26; 1.01)	1.01	0.53	1164	0.0001	2.67	74	0.0052
hsa-mir-933		1 (0.64-1.65; 0.22)	0.05	0.98	0.92 (0.65-1.41; 0.2)	0.04	0.92	1391	0.0849	1.66	73	0.0999
hsa-mir-934		1.02 (0.46-1.39; 0.2)	0.04	1.04	1 (0.53-1.54; 0.24)	0.06	1.02	1515	0.6464	0.31	74	0.7633
hsa-mir-938		0.86 (0.53-2.03; 0.32)	0.1	0.79	1.08 (0.51-3.34; 0.64)	0.41	0.81	1704	0.1421	1.91	58	0.0572
hsa-mir-939		0.91 (0.57-1.26; 0.17)	0.03	0.92	1.05 (0.61-1.47; 0.18)	0.03	1.06	1859	0.0023	3.29	74	0.0015
hsa-mir-943		0.89 (0.45-1.67; 0.28)	0.08	0.86	1.08 (0.43-1.68; 0.3)	0.09	1.05	1856	0.0025	2.96	74	0.0033
hsa-mir-99a		1.18 (0.52-3.77; 0.76)	0.57	0.92	0.85 (0.44-2.23; 0.31)	0.1	0.78	1353	0.0348	2.47	46	0.0111
hsa-mir-99b		0.96 (0.41-1.51; 0.26)	0.07	0.92	0.85 (0.48-1.1; 0.12)	0.01	0.83	1347	0.0299	2.43	49	0.0175
hsa-mir-99b		1 (0.67-1.76; 0.28)	0.08	0.92	1.15 (0.65-3.18; 0.45)	0.2	1.01	1744	0.0607	1.75	66	0.0855
	miRPlus_11239	0.95 (0.6-1.4; 0.17)	0.03	0.93	1.1 (0.64-1.86; 0.26)	0.07	1.04	1813	0.0099	2.88	67	0.0048
	miRPlus_17848	1.22 (0.33-4.65; 1)	0.99	0.79	0.9 (0.31-4.91; 0.85)	0.71	0.63	1373	0.0566	1.53	70	0.13
	miRPlus_17869	0.92 (0.62-1.4; 0.2)	0.04	0.88	0.98 (0.53-1.45; 0.2)	0.04	0.99	1715	0.114	1.43	74	0.1597
	miRPlus_17892	0.89 (0.39-1.56; 0.26)	0.07	0.92	1.03 (0.47-1.92; 0.37)	0.14	1.05	1727	0.0886	1.86	70	0.0645
	miRPlus_17952	0.87 (0.53-1.37; 0.17)	0.03	0.87	1.02 (0.6-1.46; 0.18)	0.03	0.99	1916	0.0003	3.74	74	0.0007
	miRPlus_17955	0.87 (0.65-1.34; 0.15)	0.02	0.84	0.98 (0.58-1.58; 0.2)	0.04	0.93	1813	0.0099	2.74	72	0.0069
	miRPlus_27560	0.94 (0.53-1.56; 0.27)	0.07	0.89	1.15 (0.49-1.89; 0.36)	0.13	1.15	1827	0.0065	2.99	72	0.0052
	miRPlus_28302	1.19 (0.4-2.03; 0.47)	0.22	1	0.9 (0.45-1.6; 0.27)	0.08	0.82	1278	0.004	3.22	56	0.0009
	miRPlus_42487	1.49 (1-2.67; 0.33)	0.11	1.49	1.38 (0.87-2; 0.27)	0.07	1.39	1433	0.1954	1.68	69	0.0954
	miRPlus_42521	0.99 (0.67-1.54; 0.18)	0.03	0.97	1.11 (0.71-1.66; 0.25)	0.06	1.12	1795	0.0166	2.6	71	0.0111
	miRPlus_42526	1.13 (0.84-1.47; 0.15)	0.02	1.12	1.15 (0.88-1.51; 0.15)	0.02	1.13	1589	0.7675	0.31	74	0.7562
	miRPlus_42745	0.94 (0.63-1.44; 0.2)	0.04	0.9	1.09 (0.59-1.54; 0.24)	0.06	1.11	1861	0.0021	3	74	0.0038
	miRPlus_42780	1.04 (0.66-1.83; 0.31)	0.1	0.97	0.97 (0.59-1.98; 0.35)	0.12	0.87	1411	0.1287	0.96	74	0.3435
	miRPlus_42793	0.97 (0.64-1.46; 0.19)	0.04	0.92	1.05 (0.7-1.63; 0.23)	0.05	1.04	1732	0.0795	1.73	73	0.0885
	miRPlus_42838	0.86 (0.47-1.29; 0.2)	0.04	0.87	1.07 (0.51-1.91; 0.3)	0.09	1.09	1911	0.0003	3.73	68	0.0001
	miRPlus_42856	1.31 (0.63-2.28; 0.42)	0.17	1.23	1.17 (0.69-1.95; 0.29)	0.09	1.14	1438	0.2136	1.64	63	0.1011
