Target ID	UniGene ID	GenBank ID	Entrez ID	t-test	fold change (clear cell/nose)
TACSTD1		4070575	4072	0.000886525	123.1483668
MMP7		3800088	4316	0.000123133	80.13184214
SPP1		3840154	6696	0.000181362	70.5524781
GPX3		5490019	2878	0.001254583	68.88910147
CDH1		1300113	999	0.000661332	66.26926589
DEFB1		4920040	1672	0.002361915	65.00791812
SPP1		3460070	6696	0.000226588	62.28567804
HLADMB		4900731	3109	9.72E-05	54.61603436
CLDN16		5960102	10686	0.000189259	52.71416529
MMP7		2350537	4316	0.000382751	48.71127862
DLX5		3370767	1749	1.69E-05	46.47153671
PRODH		5860689	5625	0.000190862	45.79964491
FXYD2		6860154	486	0.001364066	44.43773346
LOC642299		6020561	642299	1.77E-06	41.81573889
GLDC		4210397	2731	1.89E-05	41.12514127
S100A4		3990458	6275	0.006966244	40.83419675
NCALD		60093	83988	0.000348807	40.43128358
EFHD1		1980484	80303	0.000254067	36.63364812
C1ORF106		7100021	55765	1.64E-05	33.23832401
NELL2		7550358	4753	0.000538759	32.89532823
LAD1		1170349	3898	0.001110443	31.03927258
SLC3A1		4480300	6519	0.001573993	28.72295537
FOLR1		6650068	2348	0.000523654	27.95462724
IMPA2		2340241	3613	2.46E-06	26.89699316
KCNJ16		3370544	3773	3.24E-05	26.67915039
SCIN		730592	85477	0.006783056	26.34242824
SEMA6A		7050682	57556	0.005981162	26.10157274
TM4SF18		5080128	116441	0.004288778	25.99224514
UGT2B7		1190064	7364	0.000192655	25.9100337
VTCN1		1090048	79679	0.0009534	25.79211978
NCALD		520553	83988	0.00057991	25.45946502
UGT2B7		5420450	7364	0.000523263	24.79090823
FOLR1		3840709	2348	0.000330483	24.49958262
RASL11B		3370129	65997	4.74E-05	23.68658802
ZIC2		510368	7546	0.000191766	22.5190709
EVI1		730544	2122	4.36E-07	22.40756796
IRX3		5690408	79191	0.006278839	21.65080794
LOC651957		5560707	651957	0.00015133	20.87629115
UGT1A6		6370703	54578	0.007869413	20.7773569
CDCA7		2070520	83879	2.12E-08	18.65834237
NLF2		5860093	388125	0.004399485	17.72487051
ITGB2		3890373	3689	0.000170519	17.59950008
TM4SF18		7400291	116441	0.005821564	17.21416709
SCNN1A		7040487	6337	0.007064782	17.17271987
CD24		5090347	934	0.001287112	16.94689604
UCP2		6580059	7351	4.34E-05	14.99239732
PDE9A		830563	5152	0.000362632	14.71160458
BAIAP2L2		6280605	80115	7.01E-05	14.63875093
FGF18		5810528	8817	0.005228867	14.29793453
CRB3		7400524	92359	0.000475922	14.25432145
TCF2		3520632	6928	6.94E-06	13.79300492
ITGB2		7200156	3689	0.000389089	13.7868165
GDA		4060347	9615	4.65E-05	13.6085087
GDF15		5090671	9518	0.002780557	13.59826523
HOOK1		3120053	51361	0.000681889	13.31216275
ERBB3		4560288	2065	0.002312885	13.26731594
FGFR3		6520139	2261	0.008269408	13.10333859
LOC728811		160326	728811	0.000332223	12.85816299
	Hs.125395	290372	0	3.01E-05	12.71576624
HGD		2100358	3081	0.0001728	12.6187869
UGT1A6		5670328	54578	0.00832363	12.3354607
NLRP2		1510170	55655	0.007351056	12.29927743
VAV3		6560279	10451	0.006399566	12.25197956
PGBD5		3850129	79605	0.000137652	12.24915487
AGPAT9		2060477	84803	2.25E-05	12.21720899
CD24		610437	934	0.003267743	11.97426685
MYEOV		6100360	26579	5.10E-05	11.91095956
WNT7A		3870131	7476	0.003764034	11.52247769
KCNG3		5390435	170850	0.000306567	11.50449961
PRAME		4480301	23532	0.000339095	11.45930027
LOC644612		6020112	644612	0.000428541	11.34444932
SLCO4A1		4560736	28231	4.13E-06	11.26129153
OGDHL		3400685	55753	0.003017111	11.0920405
C9ORF140		1010470	89958	8.02E-07	11.05130275
FLJ12684		3370377	79584	1.10E-05	11.01126822
PSAT1		4850674	29968	6.41E-06	10.92583718
SNTB1		3420739	6641	0.000776583	10.89275684
ELF3		1510300	1999	0.000325121	10.81356576
MGC13057		4900309	84281	0.000552768	10.67637437
TNNC1		2690343	7134	0.003325845	10.66011263
KCNQ2		1510075	3785	0.009180832	10.65612766
CYP4F11		2260274	57834	0.002365836	10.57535775
VAV3		6130326	10451	0.000109563	10.5179263
SEMA4A		2850576	64218	0.003757912	10.40510859
ICAM2		730156	3384	0.005787511	10.20027155
C8ORF4		5570731	56892	0.000807798	10.11200139
C9ORF58		4010647	83543	0.000293319	10.01008485
CYP2C18		4860307	1562	0.002107381	9.884454648
FUT4		7160373	2526	0.000474876	9.829681192
C1ORF186		730338	440712	0.000167173	9.556292352
SHISA2		7650523	387914	0.000190503	9.211686021
LOC100101266		6450193	0	3.29E-05	9.211474292
HOXD1		3890735	3231	0.001958046	9.186068694
CP		6940364	1356	0.001456178	9.164405912
FBLN1		580739	2192	0.003657405	9.161288279
MERTK		7550066	10461	1.12E-05	9.000331483
DUSP5		5390161	1847	1.10E-06	8.961486429
RCOR2		2140553	283248	2.53E-05	8.861802262
AKR1C3		7210632	8644	0.006276201	8.728781929
IGF2BP3		1770243	10643	1.49E-06	8.476537159
UNC5A		1980634	90249	0.004177782	8.416996803
SLC45A4		3310632	57210	0.000736736	8.400467005
TSPAN1		2510358	10103	0.000139228	7.929701079
CRB3		4670402	92359	0.00127506	7.892269383
JAG1		1010376	182	5.30E-05	7.859168785
ACSM3		6580735	6296	1.79E-05	7.845677156
BCMO1		3890072	53630	0.000122056	7.786173706
SLC34A2		4490037	10568	0.002519273	7.700263708
LITAF		3180672	9516	0.002855236	7.660005849
CHKA		3460424	1119	2.10E-07	7.559303492
TOP2A		3990619	7153	1.26E-05	7.426588953
KCNJ2		60719	3759	5.06E-05	7.413924334
TMEM97		3420541	27346	2.16E-05	7.38990738
TRIM55		3800500	84675	0.009554951	7.380250211
FLJ22184		7550368	80164	0.000324527	7.364587985
NKD2		7210647	85409	0.001266251	7.188604431
CCNE1		3990026	898	0.001344836	7.145654987
FGFR4		70520	2264	2.39E-05	7.055360349
AURKA		4730605	6790	5.63E-05	7.048065219
APBB1IP		1820722	54518	0.003977324	7.027358091
AURKA		5420309	6790	5.38E-05	6.968440333
ASRGL1		6770270	80150	0.00232971	6.888763498
FAM107B		6040603	83641	5.36E-05	6.881223637
BCL2		4150201	596	0.002336103	6.878655427
CMTM8		2480037	152189	7.61E-07	6.850693479
PLS1		6330187	5357	0.000342657	6.823639832
LRRC26		7150270	389816	0.002698818	6.813620484
TJP3		3450524	27134	2.58E-05	6.788787242
E2F2		5340338	1870	3.14E-05	6.755741434
C1ORF116		730491	79098	0.004209495	6.697561116
CNKSR3		5420731	154043	3.80E-06	6.68918901
ARG2		5720725	384	0.008071903	6.668035974
MLXIPL		5560148	51085	0.003324438	6.648119532
DEPDC1B		7330338	55789	2.71E-06	6.640975881
KIAA1026		4640184	23254	0.000415364	6.624474146
KIF12		4490358	113220	0.000100782	6.551262166
WDR91		7150367	29062	9.75E-07	6.548546926
PRAME		2690519	23532	0.000169258	6.494371816
SFN		3710040	2810	0.005008558	6.467832789
TNF		2640301	7124	0.005229031	6.457444222
LOC389816		2140541	389816	0.006449641	6.386629984
C9ORF58		5420482	83543	0.000964371	6.371935174
LOC388564		5860050	388564	0.001755019	6.359672999
CENTA2		3990433	55803	0.001866221	6.28704452
SLC44A3		4230500	126969	0.000967983	6.168447209
SPSB2		380551	84727	0.000532621	6.142063849
CCNE1		2070131	898	0.000707434	6.140145317
DLL3		4210382	10683	5.86E-06	6.139404217
NUAK2		840356	81788	9.11E-05	6.077664449
RGS20		6400403	8601	0.000733009	6.07578259
ATP6V1B1		2850482	525	0.001504792	6.053698472
CDCA5		130022	113130	0.000158008	6.009529092
SLC25A15		5310615	10166	0.00010498	5.979783854
SLC4A11		7150209	83959	0.001987549	5.930299272
KIAA1712		5690181	80817	5.76E-06	5.894154371
PNKD		4730349	25953	0.000347024	5.856583383
LOC642559		5820538	642559	0.001542798	5.832659465
WNT7B		1500500	7477	0.000385023	5.777411843
KLHL13		7380142	90293	0.000650193	5.776896755
C5ORF39		7330523	389289	3.05E-05	5.747549864
F12		3610735	2161	0.00048352	5.717533234
LINCR		6220494	93082	0.00902061	5.705419447
GGT1		6940341	2678	0.000609976	5.702239914
GRB7		5900243	2886	0.006024917	5.636957702
KIFC1		5090095	3833	8.63E-05	5.620420967
ABCC4		2450201	10257	2.07E-05	5.618508175
KIAA0101		5090754	9768	0.000348602	5.54631237
AURKB		6770026	9212	0.00046601	5.531662228
METTL7B		5310142	196410	0.006754449	5.513512362
CAPN12		3710253	147968	0.000658373	5.509418559
HOXB7		2470328	3217	0.001318203	5.499513293
CCDC99		520528	54908	9.28E-07	5.459287013
LRG1		6660162	116844	0.001201177	5.44290153
CKB		4150066	1152	3.78E-05	5.402268812
EML1		1170093	2009	0.000363548	5.371973809
GPR160		7510367	26996	1.91E-05	5.304768806
SLC7A5		270152	8140	0.002330784	5.293988078
MAP7		5820491	9053	0.003929785	5.291297143
FAM149A		50463	25854	0.002181049	5.262420178
ABHD3		5050241	171586	6.84E-05	5.258910052
CITED4		5810142	163732	0.008639539	5.241262325
PODXL2		3360669	50512	0.000104201	5.236680154
MGAT4A		6220593	11320	0.000123496	5.211098816
SYNE2		160121	23224	0.000226015	5.20278047
ASB9		4480091	140462	0.000307851	5.166836567
SLC20A2		6590037	6575	0.002272261	5.159544272
LOC387882		5810743	387882	9.36E-06	5.154143388
CTH		60138	1491	0.000380552	5.153616293
TKT		6860202	7086	2.46E-08	5.135004226
MCM2		6770408	4171	8.60E-06	5.120417276
CDC25B		4760338	994	0.000613452	5.012211267
LOC728014		4760601	728014	3.81E-05	5.001140494
KNTC1		3190524	9735	6.07E-07	4.991623521
	Hs.384600	1340482	0	0.001246269	4.961789162
RHPN2		5960475	85415	0.00189666	4.930372136
RNASET2		2850100	8635	3.57E-05	4.917310199
MGLL		3830327	11343	1.09E-06	4.91545884
BCL2L1		670673	598	9.08E-05	4.886336
CCNE1		870497	898	0.005315764	4.872021804
LOC651816		1570746	651816	0.00034155	4.847919687
ABHD11		6110592	83451	0.000111841	4.836848027
SYTL2		6760037	54843	0.001298506	4.818311546
MCM4		6020170	4173	0.000124471	4.795786837
CDKN2AIP		5090440	55602	0.00184484	4.789411476
EHF		5090132	26298	0.007190599	4.785450155
PRRG2		3060605	5639	0.005137946	4.755386393
C12ORF56		6040452	115749	0.006269038	4.754883518
BIN1		650553	274	0.001073807	4.748138928
TMEM27		1820184	57393	0.007390401	4.742241181
	Hs.355933	520747	0	3.62E-05	4.741675644
CENPA		2600392	1058	0.000104095	4.735469568
HES6		610201	55502	0.001777798	4.732529619
TMC6		4290209	11322	0.006182972	4.716041107
DCPS		1500129	28960	0.000497218	4.713573578
FAM80B		6960333	57494	6.46E-05	4.711146595
FOXC1		5090750	2296	0.005954602	4.70124902
TACC2		3140743	10579	0.001024337	4.689931496
SYNE2		10634	23224	1.06E-05	4.686670879
BIN1		5130440	274	0.00129233	4.670700282
TSPAN33		4250753	340348	0.00813212	4.588390753
UHRF1		2940110	29128	0.00603143	4.586848651
C20ORF177		770221	63939	3.69E-08	4.583923388
CENPM		1450192	79019	7.19E-05	4.568990948
GGT1		4260092	2678	0.001255616	4.563190305
STMN1		3460707	3925	7.50E-07	4.528315134
C19ORF48		2850630	84798	9.72E-08	4.525383545
MITF		3190427	4286	3.69E-06	4.493263008
GCHFR		5670475	2644	0.008034276	4.450839081
CDT1		2630433	81620	3.58E-06	4.450663256
TBC1D8		620619	11138	1.10E-06	4.446427871
HS3ST1		4230332	9957	0.000199461	4.441399358
TXNDC12		7160274	51060	0.000113352	4.441388437
MGC61598		3800482	441478	0.000257499	4.429362461
NETO2		1580161	81831	0.00087218	4.425043643
UGT2B7		6400221	7364	0.001885999	4.422313902
TROAP		4760646	10024	7.83E-06	4.415375832
PRIM1		2140273	5557	0.000140377	4.408518288
LOC731049		4610608	731049	0.000392702	4.398497191
GRTP1		360706	79774	9.55E-05	4.391900387
EML1		6250612	2009	0.000620784	4.384132208
ACVR1B		4570240	91	0.00098934	4.37111286
SLC34A2		4760296	10568	0.001328079	4.36758327
MGLL		160612	11343	4.48E-06	4.360353316
LOC648814		7550025	648814	0.000276001	4.36004042
FBL		4880360	2091	2.49E-07	4.350962563
MTHFD2		6620689	10797	0.000129135	4.339495096
RBKS		4200209	64080	0.000667593	4.337365478
FBXL16		6840390	146330	0.002479095	4.33638394
C10ORF58		5960168	84293	1.07E-06	4.331722284
KAZALD1		1450202	81621	6.91E-05	4.315854901
KIF13B		5290209	23303	0.000222772	4.302576705
SEMA4D		4880408	10507	0.000848086	4.295995232
LOC646817		4050315	646817	0.00317798	4.284084022
L2HGDH		7040433	79944	4.80E-11	4.271731004
ARID3A		6510553	1820	0.000577052	4.266215975
C1ORF135		150129	79000	0.00011518	4.263232106
HRK		290437	8739	0.009506262	4.259313547
ST3GAL4		4200754	6484	0.000198659	4.250576892
C17ORF58		3440703	284018	0.001084721	4.250065477
GPR110		7000255	266977	0.001889521	4.250062844
AHCY		3710537	191	1.23E-08	4.23683886
SDC1		6590592	6382	3.98E-06	4.234266054
	Hs.553187	6620390	0	0.0044096	4.230875071
C11ORF1		610400	64776	4.27E-07	4.224069578
CDCA8		4830634	55143	0.000530663	4.211532542
ECH1		5360553	1891	0.000753632	4.207241213
SLC29A2		20609	3177	0.000319093	4.20048311
C8ORF31		2450142	286122	0.002160353	4.200001179
ISG20		6330132	3669	0.004508442	4.191263614
TSPAN12		2370671	23554	0.001765214	4.180315565
CENPF		4780129	1063	0.000136457	4.179936841
POU4F1		7400598	5457	0.0012001	4.179400973
ARID3B		5960670	10620	1.21E-08	4.171483933
PCBD1		3850600	5092	0.000595453	4.163970692
CSF2RA		4010719	1438	0.002532005	4.163288593
GGT1		830224	2678	0.000272302	4.15298963
FCGBP		130609	8857	0.009367696	4.132694056
TIMELESS		4180050	8914	7.19E-08	4.120045877
RAPGEF3		4050300	10411	0.004949495	4.116926738
SLC25A29		6760154	123096	0.000435347	4.116109462
BRI3BP		6840348	140707	6.30E-05	4.112903912
PSRC1		1070762	84722	0.000155123	4.089863666
C17ORF58		3450176	284018	0.001300021	4.086079429
CTH		1470576	1491	7.65E-05	4.079554098
ASB9		130110	140462	0.000839825	4.068929249
PLEKHA1		3930541	59338	0.001135964	4.046538228
LOC731314		4120538	731314	0.000358519	4.035650952
AVPI1		990500	60370	5.14E-05	4.032934854
CKS1B		4210088	1163	9.89E-05	4.027061879
LOC644624		7380397	644624	0.002615286	4.017368995
C19ORF48		2650349	84798	8.10E-06	4.007127245
FLJ35767		2680390	400629	9.46E-05	4.002711229
NP		6840075	4860	0.000553812	4.002029053
PPP2R5A		5870746	5525	0.000336861	4.000386758
PCK2		1780446	5106	0.001038543	3.998885985
DDIT3		830619	1649	0.00266974	3.994625
LOC642252		360059	642252	0.000195396	3.985702065
MLXIPL		5870010	51085	0.000757057	3.965315948
ASF1B		2630673	55723	0.000676174	3.965003871
LOC652545		1190070	652545	1.17E-07	3.961051065
PRKAB1		1260440	5564	0.001421584	3.959554694
LOC728014		3930326	728014	0.000199924	3.954471954
LOC728441		4230075	728441	0.001497076	3.94163491
ZNRF3		1340253	84133	5.57E-05	3.93559313
SUSD4		6020070	55061	0.002841937	3.927892883
SLC45A4		7150753	57210	0.000762868	3.926945312
EIF4E3		4850670	317649	0.002409493	3.926447014
CLCF1		5290397	23529	0.000866863	3.916225073
LOC728226		5910079	728226	0.000870272	3.914117686
EEF2K		3420300	29904	0.001770461	3.912702641
C21ORF70		2600519	85395	2.83E-07	3.911602458
FAM83D		150543	81610	0.002070913	3.896576274
TYMS		5910364	7298	8.41E-05	3.894119762
NUP62CL		7100541	54830	0.00335952	3.893496148
HMGB2		7610537	3148	0.000177383	3.886474837
SULT1C2		1470689	6819	0.000360776	3.885784375
MID1IP1		150438	58526	0.000390005	3.882691356
ARSE		3940630	415	0.0015147	3.882601733
CBX2		6590278	84733	0.004387467	3.882450681
CTH		6220504	1491	8.22E-05	3.864126432
CTDSPL		1770170	10217	0.000928245	3.863320836
UBE2C		4260368	11065	0.003884459	3.856876152
SLC5A6		5050040	8884	3.39E-06	3.838013028
CDC45L		2320170	8318	0.002782551	3.831937249
PLAGL2		4180209	5326	2.01E-07	3.822476767
SESTD1		670202	91404	0.003574207	3.822033724
ASB13		5050575	79754	0.00013558	3.819163013
TLCD1		1430681	116238	6.21E-05	3.805416067
PCBD1		3140021	5092	2.30E-07	3.778249853
THOC3		2480328	84321	5.91E-05	3.772627532
SPIRE2		6040014	84501	2.06E-06	3.760789015
TSEN54		4890092	283989	2.04E-06	3.748189438
CKS1B		2450358	1163	0.000426086	3.742799678
BRP44L		1990563	51660	1.51E-07	3.726023345
GPSM2		1070292	29899	0.001419807	3.720680682
SBK1		3850767	388228	0.004706895	3.713141202
KRT86		4280672	3892	1.82E-05	3.704495221
GUSB		3610553	2990	2.83E-05	3.703691328
TK1		4730196	7083	4.48E-05	3.700921788
NGEF		1170450	25791	0.004359091	3.699171212
UPP1		7570673	7378	2.51E-05	3.67686871
QPRT		2940291	23475	0.002199347	3.67467529
SLC3A2		5420575	6520	0.00791762	3.67400218
SYTL2		2100274	54843	0.005214591	3.664699072
MRPS12		5310465	6183	0.000400845	3.664207128
HMMR		4060064	3161	0.003501415	3.663431685
GGTLC2		840475	91227	0.00159908	3.65698838
RALY		7200333	22913	8.20E-05	3.650169112
WDR40B		2140397	139170	0.00912493	3.649678051
CENPN		3890475	55839	0.00076423	3.649264465
SMOX		3710553	54498	2.69E-07	3.647885077
KIF2C		1470647	11004	0.000258624	3.643021731
KIAA0513		5870301	9764	0.002622889	3.631007018
ANKRD34B		3390451	340120	0.001461972	3.611766441
POR		1230754	5447	0.001442128	3.604956987
SLC39A4		4040750	55630	0.004036734	3.601875376
C18ORF56		1450682	494514	4.26E-05	3.601197498
GULP1		3870072	51454	0.002958604	3.592156692
RFC4		7210435	5984	0.000139211	3.587556321
PRIM1		6200390	5557	1.48E-05	3.587411115
PECR		6200255	55825	0.000251664	3.576371957
KIF20A		1050195	10112	0.001360867	3.575154038
HEXIM2		1070358	124790	5.39E-06	3.568858297
E2F5		6650196	1875	8.38E-08	3.56658283
RPUSD1		6290181	113000	1.14E-06	3.564381445
TRIM45		6290431	80263	7.69E-06	3.558836997
FBXO5		4010097	26271	0.000210844	3.551304715
OIP5		7000161	11339	0.002064569	3.548603487
LOC346887		7150491	346887	2.84E-06	3.546358119
ARHGAP8		6760482	23779	0.000828378	3.545477388
BRI3BP		6450474	140707	2.87E-05	3.545476641
PELI2		3840491	57161	0.000294719	3.54328507
TMEM139		1850170	135932	0.006436235	3.538625283
GAS2L3		6400356	283431	3.65E-05	3.536193194
MYLIP		4830424	29116	0.000157906	3.535687858
CCDC51		4290259	79714	0.002031135	3.528120348
RAD51AP1		4150196	10635	0.002387955	3.521800543
RIPK2		4150520	8767	0.001912233	3.520325635
SPC25		1070411	57405	0.000154577	3.51633547
DNMT3B		6060653	1789	0.0001127	3.513705358
BCL2L12		6420379	83596	5.44E-05	3.51113964
C11ORF75		4900747	56935	0.000268935	3.507142594
LRPPRC		6380064	10128	2.02E-06	3.504133396
CSE1L		4920139	1434	0.000654389	3.495135801
CEBPA		1430280	1050	0.00944137	3.488403826
SAC3D1		4210692	29901	3.56E-07	3.487043695
MRRF		1980138	92399	3.86E-06	3.472970279
TRIB1		4810520	10221	0.006438138	3.469417473
LOC644624		6940730	644624	0.000255177	3.46606622
TPX2		6290358	22974	0.002655775	3.465201714
CEBPG		4230431	1054	0.000324982	3.465076973
PAFAH1B3		1510521	5050	7.75E-05	3.445822055
SFMBT1		2650433	51460	4.48E-06	3.439318424
DCI		2100079	1632	0.002730782	3.436746519
CCNB2		5360070	9133	0.009817819	3.432618627
OTX1		1740438	5013	2.27E-10	3.430431295
PILRB		1570039	29990	0.000183678	3.426143314
POLE		2000010	5426	4.08E-07	3.419173199
MLLT6		4640392	4302	1.12E-05	3.416733147
VGF		2850619	7425	0.008699757	3.413544246
LOC440928		1340100	440928	0.000605514	3.40868836
C1ORF97		6510360	84791	7.70E-05	3.403229149
SLC25A29		2710463	123096	0.000738986	3.396468057
PCBD1		4860184	5092	1.35E-07	3.392140512
TRIM9		2120112	114088	0.008547853	3.390259782
HIST3H2A		1500192	92815	0.001071045	3.383952337
FAM64A		5870193	54478	0.002590351	3.379973924
TFAP2A		4640204	7020	0.001126555	3.377613995
PAQR4		3460132	124222	0.001347105	3.367204195
SLC25A15		6590546	10166	0.000716029	3.363775982
BIK		6280440	638	0.002212554	3.363491674
DIAPH1		3940670	1729	6.49E-06	3.356806335
FAM100B		520278	283991	5.77E-06	3.356250358
KIAA1026		1990427	23254	0.000720097	3.354351902
KREMEN2		1690360	79412	0.007356082	3.342562984
NUAK2		380202	81788	0.00377097	3.337136012
SCARB1		1170338	949	6.26E-07	3.329520747
MCM7		730274	4176	0.000237532	3.32919457
LOC81691		3060703	81691	0.000108186	3.327542857
LOC145837		4050674	145837	0.000219637	3.327442618
LBR		5080524	3930	0.000170222	3.324684021
ETV4		70209	2118	0.000164135	3.323320338
TMEM99		3310471	147184	2.96E-05	3.317593592
ZNF695		1710044	57116	1.14E-05	3.313250054
PTK6		6330608	5753	0.003054691	3.310627326
CENPM		3930324	79019	0.000108119	3.298856927
C9ORF142		4180445	286257	2.06E-07	3.297790956
HES4		5260070	57801	0.009048465	3.297234954
TOP1MT		4220239	116447	4.49E-05	3.297003104
C21ORF70		620440	85395	6.73E-07	3.296468172
CMTM7		2140239	112616	0.000100457	3.293165921
EIF2C2		290468	27161	0.000496258	3.291348506
FER1L3		6510707	26509	2.47E-05	3.287287687
LOC728715		6770746	728715	4.40E-06	3.284510964
TNFSF9		5420441	8744	0.004742206	3.28417748
LOC143666		2600136	143666	2.01E-05	3.283724276
LOC644624		2570356	644624	0.000449648	3.275006449
MERTK		4730315	10461	0.000127497	3.274364333
	Hs.535392	5090021	0	0.001513177	3.271216178
CBS		1230047	875	0.000750384	3.271080139
IL17RB		1070152	55540	0.007052839	3.269880717
WDR51A		6660446	25886	6.01E-06	3.255475831
ZNF581		3890482	51545	1.11E-05	3.252412762
TTK		5870725	7272	0.007514505	3.24995248
PKMYT1		2510678	9088	4.87E-06	3.247774685
IPO4		4830500	79711	3.62E-07	3.246423895
EZH2		4180524	2146	3.56E-06	3.236937953
TACC2		5570286	10579	0.000567154	3.23540869
FRAT2		7330026	23401	3.13E-06	3.228662401
MPZL2		4810026	10205	0.006259701	3.226640921
RAB3IP		1990390	117177	2.38E-06	3.223681394
CENPM		6100079	79019	0.000324815	3.2221727
	Hs.551128	5900246	0	0.003636636	3.221604731
	Hs.279842	6960300	0	5.77E-08	3.22141798
ANKRD57		2510224	65124	0.003650367	3.212227651
SRGAP3		1230487	9901	0.009067364	3.20903136
STK40		3840521	83931	9.96E-06	3.206067424
C7ORF20		2900504	51608	0.000102902	3.20312067
DNMT3B		4390746	1789	0.000735015	3.201343938
C14ORF72		2850176	145200	0.000697476	3.177400341
MUTYH		5670037	4595	3.63E-05	3.177247986
DECR2		380148	26063	1.79E-05	3.171345308
FGFR4		6660240	2264	0.00013974	3.170241267
SEMA4B		5080280	10509	0.006321359	3.167285757
ACSM3		3840632	6296	1.75E-06	3.16390587
	Hs.538259	4890324	0	0.002955324	3.154325562
POLE2		1170326	5427	0.001896991	3.149329631
KIF11		4060176	3832	0.001809796	3.147304272
C17ORF53		4570224	78995	0.000456176	3.145077553
SNF1LK		1690678	150094	0.007181442	3.138325038
C14ORF94		4810112	54930	1.19E-07	3.137467578
CCDC59		1780730	29080	1.40E-07	3.132303242
HMGCR		6550603	3156	0.005775182	3.131750827
ZMYND19		4860437	116225	1.40E-05	3.130038381
H1F0		630278	3005	0.000470029	3.128929744
ADPRHL1		3390735	113622	0.006059241	3.127977198
CSF2RA		1980689	1438	0.006283053	3.126160967
LOC653479		1710280	653479	5.51E-06	3.124272636
TGFBR3		3190379	7049	0.007651905	3.123931603
LOC728554		1430093	728554	3.10E-07	3.123521275
CMTM6		1470520	54918	1.10E-05	3.116536115
PDXK		5890131	8566	0.00022578	3.116065135
LOC650826		1230066	650826	0.000197187	3.114142929
IRX5		3310022	10265	0.009089933	3.103602068
APPL2		4180100	55198	5.89E-06	3.10109314
GUCY1B3		360102	2983	0.004025774	3.098886239
FZD9		6200132	8326	0.00424515	3.096691871
SLC25A25		10487	114789	0.000104064	3.096494034
CCDC90A		6270373	63933	2.33E-06	3.070283939
MFHAS1		4260243	9258	0.000686213	3.067619943
DGCR5		60491	0	0.001852587	3.065904987
DKFZP564J102		6200176	25854	0.002276749	3.061895424
LASS6		5690064	253782	9.33E-08	3.061707529
CDC25A		2480341	993	0.000126751	3.060587801
WDR68		4220180	10238	4.41E-05	3.056393762
CCDC86		650300	79080	4.70E-05	3.05159873
UCKL1		3930086	54963	1.68E-05	3.048334009
C19ORF51		3520612	352909	0.004033643	3.041980943
C11ORF54		2470463	28970	0.000978773	3.039938265
BCL2L12		7550753	83596	0.000202824	3.037616997
CPM		2510152	1368	0.000297852	3.035678811
TRIP13		5700373	9319	0.003750244	3.034185752
ABHD11		1940068	83451	0.000673615	3.032279834
MELK		160097	9833	0.001391688	3.031786436
FOXM1		990730	2305	0.000190894	3.029664454
TIGA1		150441	114915	0.002047566	3.026125464
TFAM		650326	7019	0.000185374	3.025167512
LYAR		6220148	55646	0.00309711	3.010377223
ORC1L		6660333	4998	9.58E-06	3.009518913
RPLP0		1470349	6175	2.22E-06	3.008592514
CKAP2L		6380324	150468	0.006041448	3.005748268
CDK2		4590064	1017	0.000355319	3.00049902
ZWINT		3800474	11130	0.005259037	3.000429204
WARS		3710068	7453	0.005654942	3.000407575
LOC647859		6040546	647859	0.005337257	2.998233101
TMEM116		2070736	89894	1.86E-05	2.994192952
LACTB2		4050711	51110	0.001595355	2.991763612
PLS1		6840739	5357	0.003028666	2.991332392
CYFIP2		6100768	26999	0.001747047	2.981797319
CDK5RAP3		650601	80279	0.003595717	2.980489901
MRPS2		5080347	51116	1.97E-08	2.980182377
SFMBT1		1780152	51460	1.76E-06	2.979628736
NPM3		1050619	10360	3.48E-05	2.976207886
THOC6		3450364	79228	7.15E-06	2.97614354
PSPH		3800520	5723	0.000551685	2.960963836
C17ORF58		650168	284018	0.006965272	2.960145816
FOXD2		510180	2306	3.80E-06	2.959523076
CCNB1IP1		6450397	57820	0.000736568	2.949028859
C8ORF55		1470706	51337	7.79E-05	2.946823979
LAPTM4B		580132	55353	1.46E-05	2.944431018
PIM3		2190452	415116	9.07E-05	2.938446205
BOLA2		6370468	552900	1.32E-05	2.935497661
SYTL1		2760437	84958	0.001745817	2.929529007
PKN3		4730170	29941	6.14E-08	2.928886452
LMNB2		7570148	84823	2.71E-05	2.925049269
MCM5		7330253	4174	3.92E-05	2.924944325
GPR110		6650202	266977	0.004177949	2.924712025
PLK4		3190470	10733	0.001764834	2.92092663
C12ORF45		7510608	121053	1.64E-07	2.918802269
GTF2IRD1		4200577	9569	0.000149073	2.916163699
NT5DC3		6330348	51559	0.000151141	2.910640315
CAPN12		6400022	147968	0.002152371	2.910406922
RACGAP1		2190010	29127	0.000295402	2.909045252
POLM		7570553	27434	0.005040775	2.907741371
TMEM118		4860086	84900	0.004944091	2.90519053
LOC652838		540433	652838	0.000333377	2.90480937
PRKCH		3290731	5583	0.001135537	2.902078076
RPS6KA5		6220438	9252	0.000751619	2.901964453
USP42		7400465	84132	1.09E-06	2.896694911
ACSM3		4180292	6296	4.18E-07	2.894412685
HAPLN3		4900086	145864	0.002517983	2.893217614
IQCD		7210255	115811	0.00011497	2.892306726
	Hs.163426	380471	0	1.01E-05	2.892178427
MTMR12		6590685	54545	0.003033332	2.892041147
C7ORF55		1660608	154791	0.000648642	2.889107579
CDKN1B		130309	1027	2.14E-05	2.888401442
C3ORF26		520224	84319	0.000114251	2.886850694
CGI96		3130598	27341	2.99E-05	2.883909854
TMEM205		7210528	374882	0.000109616	2.882592761
SNHG4		6520592	0	0.000272473	2.88075143
MRPS9		4830731	64965	6.60E-06	2.880630029
ATP6V1E2		4010477	90423	1.84E-05	2.87626225
SHMT1		2690528	6470	0.004433551	2.873629571
CAD		3360402	790	5.07E-06	2.871997545
RFC3		3890309	5983	0.003018035	2.869728751
LOC644334		4040066	644334	0.000753422	2.869183236
SNHG3RCC1		3710373	751867	0.000123678	2.858430083
LETMD1		4150575	25875	1.13E-05	2.856027213
MCM7		1470195	4176	5.30E-05	2.855314748
	Hs.579530	990719	0	0.005655429	2.855006166
GPATCH4		1820544	54865	6.83E-05	2.854344143
RPS6KA1		4730739	6195	0.000375276	2.853415741
TMEM56		540647	148534	0.000782198	2.849316291
AKAP7		5340504	9465	2.74E-05	2.844151365
CHKA		6330170	1119	1.38E-05	2.841168219
DLG7		240221	9787	0.004708849	2.83899964
HIST1H4C		3890349	8364	6.65E-07	2.837145167
TAF4		770520	6874	7.40E-06	2.836972219
CENPE		6100564	1062	0.005524033	2.83217415
MED30		1230292	90390	0.000152735	2.826250196
LLGL2		4280468	3993	0.000198314	2.822888181
FHDC1		3360349	85462	0.003690571	2.822567846
TRAP1		4670092	10131	3.38E-06	2.822097168
MRPL11		4670424	65003	5.69E-06	2.820790081
ADIPOR2		6960685	79602	1.57E-05	2.817431971
CSNK2A2		6110187	1459	7.54E-05	2.817187682
MRPL12		5080546	6182	9.38E-06	2.81677635
RFC5		4890731	5985	9.45E-05	2.814509428
COQ2		5720128	27235	1.61E-06	2.806923225
RAB3IP		1410603	117177	0.000933889	2.80677302
C11ORF82		2570019	220042	0.009684823	2.802613739
BRI3BP		7160601	140707	8.03E-05	2.801043089
IMPDH2		4590026	3615	0.000113559	2.800156798
CENPA		4760577	1058	0.000132622	2.796961887
ZFP36L2		7050300	678	0.000396397	2.79639183
CHTF18		1770689	63922	0.000809634	2.792199312
HIC2		5820672	23119	0.000129523	2.786655625
C3ORF26		3610372	84319	0.0015442	2.78611936
XRCC3		670014	7517	0.000979219	2.783298429
RRP1B		6480609	23076	3.74E-06	2.782758143
LIG1		5050113	3978	0.000264795	2.780758506
LOC388275		2940066	388275	3.45E-05	2.778216082
S100A13		5870577	6284	0.003656059	2.772829706
STOX1		5560706	219736	0.000428493	2.767832565
SH2D5		3450458	400745	0.000210088	2.766562734
	Hs.7572	6400390	0	9.78E-06	2.764065011
POP5		4560528	51367	8.30E-05	2.763719286
NOXA1		630181	10811	0.002881894	2.763344951
PIWIL4		4540333	143689	0.000404598	2.759020269
TMPO		3400630	7112	0.000180546	2.756421887
PANK1		5080521	53354	0.000304466	2.750977686
LRRC28		3140537	123355	9.57E-08	2.750183931
JAG2		6560056	3714	0.009848141	2.743885942
XRCC6		6380347	2547	8.85E-06	2.741961625
PRC1		2070494	9055	0.003281203	2.73986773
PA2G4		5270280	5036	0.000121101	2.73951953
MCM6		5690274	4175	0.000136692	2.737279812
MANEAL		3850685	149175	0.001605207	2.737226695
P2RX4		2060605	5025	0.004604428	2.734641556
KIF4A		1430129	24137	0.001002526	2.732184954
SNRPF		650301	6636	5.18E-06	2.729302437
MTFR1		6770348	9650	0.000810575	2.726908987
LGTN		5340414	1939	9.05E-05	2.722415623
UGT2B11		5560170	10720	0.003466045	2.722131107
SMOX		270068	54498	3.44E-05	2.7202042
ERP29		830730	10961	0.004885197	2.718336823
RTKN		6100382	6242	0.002131021	2.714294186
RIPK4		5860138	54101	4.99E-05	2.713473065
KIAA1553		5900047	57673	4.09E-10	2.713173975
TPK1		1050079	27010	0.005928703	2.711501036
CNOT10		1300463	25904	5.35E-08	2.71124993
CYC1		1770520	1537	0.000111707	2.710689966
MCM4		2630711	4173	0.000923949	2.708157935
CDC25C		4200451	995	0.000701704	2.703698813
SLC6A6		2810280	6533	0.000676468	2.702125484
CCDC49		730253	54883	0.000238476	2.700907645
RNF19B		130403	127544	5.48E-06	2.700602719
WARS		4860224	7453	0.005376457	2.699687176
PPP1R3B		5870608	79660	0.008506704	2.699406218
NTN1		150494	9423	0.00225377	2.698052683
PXMP2		540131	5827	3.16E-05	2.696756375
LGR4		4560609	55366	0.00054327	2.69597055
DBNDD1		7210674	79007	5.19E-05	2.693896154
MTA3		2710471	57504	5.98E-05	2.685470784
PHKA2		1050059	5256	2.00E-05	2.684357802
CLCC1		3610722	23155	0.001350509	2.683964573
FBXO17		7100064	115290	0.000166284	2.68057497
SLC35B1		5290692	10237	7.29E-06	2.677475954
NSUN5		5340458	55695	2.48E-05	2.675366992
SYT14		4120259	255928	0.00030088	2.673593518
PHF17		7150189	79960	0.004506156	2.672062204
PYCR1		6520681	5831	0.002224046	2.671636416
SCD		2140128	6319	0.001869159	2.66874032
EIF2A		5820068	83939	2.35E-06	2.662033153
PAX8		5560593	7849	0.004395864	2.661992691
PLEKHG2		1690170	64857	0.003380493	2.660307612
DUS3L		6270475	56931	1.05E-05	2.657712114
THOC5		3440167	8563	9.16E-07	2.656721935
POU5F1P1		6450746	0	0.008925652	2.656216072
GALIG		1660647	81625	0.00108526	2.654942274
TTC32		5670114	130502	0.000132864	2.654629079
N4BP2		2650408	55728	1.02E-05	2.647059567
PDCD2		6860452	5134	1.83E-05	2.646570808
USP1		3400008	7398	7.91E-06	2.645707294
C9ORF164		6280082	349236	0.000765122	2.644656962
SMC4		5910689	10051	0.004688673	2.644420058
FOXRED2		160181	80020	1.36E-05	2.644263471
MAGMAS		6380220	51025	8.97E-07	2.643389108
ITPKA		6560546	3706	0.002261039	2.642381217
GPHN		1110544	10243	9.19E-05	2.641759194
FAM54A		4220544	113115	0.000377084	2.639920197
COL4A3BP		4120707	10087	0.007160899	2.639909051
CLIP2		730523	7461	0.004531983	2.638797293
FEN1		3370703	2237	0.000205443	2.635845742
LOC729148		5670397	729148	0.000116308	2.634473676
AXIN1		3460754	8312	1.64E-06	2.63322627
CPT1A		5290358	1374	0.004921019	2.631738214
HNF4G		1430014	3174	0.001880752	2.628996214
EXO1		1770646	9156	0.003024435	2.625330744
ACN9		520575	57001	0.000322729	2.625063599
EEF1E1		50301	9521	3.29E-05	2.623041433
MCM3		6650053	4172	0.001936373	2.6212418
	Hs.166545	730220	0	8.71E-07	2.620727775
PRKCE		1690039	5581	0.000136164	2.617565404
FER1L3		3170273	26509	3.34E-05	2.614515795
KHSRP		7000470	8570	4.74E-06	2.614356156
SSH2		2810468	85464	0.003588609	2.610627601
WDR4		3930703	10785	0.002942345	2.608837863
TOP1MT		7610671	116447	0.000142311	2.608578144
TCF2		6860390	6928	0.000369406	2.606423123
PTPN6		6400465	5777	0.003447904	2.605981859
NHS		2970020	4810	0.003809253	2.605815503
C5AR1		6450092	728	0.003410987	2.604310194
LOC728564		5810465	728564	5.94E-06	2.603671951
CCDC109A		4050382	90550	0.000421951	2.603405521
MTL5		7550719	9633	0.003924679	2.603374566
C16ORF59		6560725	80178	7.53E-05	2.603281053
PQBP1		3400196	10084	2.67E-05	2.600633294
ARMC7		730020	79637	0.002050627	2.60032707
GTSE1		6980382	51512	0.002047259	2.596766238
C1ORF97		6020315	84791	4.17E-05	2.596411843
ETV4		990577	2118	0.00299066	2.594490466
FAM135A		5820113	57579	4.82E-06	2.594306
ZNF618		7550523	114991	0.00257875	2.594258939
CNNM4		6020400	26504	8.25E-05	2.593438594
TMEM149		5670139	79713	0.000338442	2.593290751
LAPTM4B		6650348	55353	2.17E-05	2.587943786
TMEM38B		7550243	55151	5.54E-06	2.585510413
TRIM28		3890600	10155	4.88E-05	2.585203356
CS		2140408	1431	2.68E-06	2.582220135
RGS10		1440209	6001	0.002516057	2.579217908
	Hs.98330	380301	0	0.003869128	2.578639385
NT5C3L		3400408	115024	0.000119035	2.578538676
MATR3		1710731	9782	0.000421266	2.577402261
PKP4		5890440	8502	3.45E-05	2.576338745
HEATR2		5290037	54919	5.94E-06	2.576030255
LOC642946		5080201	642946	0.00618972	2.575268759
WDR8		1940605	49856	0.000180144	2.574463367
IMP4		6560041	92856	2.54E-06	2.56907837
PDCD2L		4590424	84306	5.20E-05	2.568835579
C2ORF15		2900600	150590	0.000117222	2.565994154
EBPL		5490477	84650	1.58E-05	2.565761792
TCF2		2630491	6928	6.76E-05	2.564618541
GMCL1		110095	64395	6.37E-05	2.563963915
C20ORF45		7000403	51012	8.06E-05	2.563960805
PCCB		540056	5096	2.13E-06	2.562893123
CABC1		6220180	56997	0.000480416	2.562792658
ALKBH2		1340537	121642	1.16E-05	2.56267255
VARS2		1500753	57176	0.001234036	2.558363061
LOC644096		3930349	644096	3.30E-05	2.557534043
WDR67		6040554	93594	0.007489887	2.556256716
TH1L		6250017	51497	3.69E-05	2.555890407
MTL5		2360121	9633	0.005403867	2.551057819
FAM125B		650619	89853	0.00761431	2.550830665
CCND3		6380370	896	0.006275992	2.550783493
SNRPF		460114	6636	1.57E-05	2.550138325
SLBP		3290291	7884	0.002573397	2.548351021
RRP9		3460634	9136	0.008155642	2.545099721
CELSR3		6350437	1951	0.000663939	2.5446474
TEAD4		4040746	7004	0.000229818	2.539394348
	Hs.568777	2340414	0	0.00017421	2.538327181
ATP5D		1110377	513	0.007600382	2.53733955
GGA2		2190121	23062	0.001617778	2.536820459
FASN		5310634	2194	0.000386702	2.536476326
ZNF364		7380382	27246	2.28E-08	2.53635539
GUSBL1		5670672	0	9.48E-06	2.528383938
CMTM4		2230630	146223	0.000763958	2.528022811
GRAMD4		6380112	23151	0.000168214	2.525799128
PDCL3		460750	79031	6.91E-05	2.525477412
STRBP		5340692	55342	2.75E-05	2.522780462
IVNS1ABP		6760671	10625	4.76E-06	2.521040692
C21ORF57		6380187	54059	0.00530356	2.520568867
TRIM7		6330397	81786	0.000726382	2.520398003
PCK2		1510114	5106	0.000822085	2.51872353
LMNB1		3420593	4001	5.55E-05	2.516980646
LOC199800		5960735	199800	6.17E-06	2.506291212
NBN		3610343	4683	0.009027853	2.506026181
MCM3APAS		6380438	0	0.000824963	2.504836983
STOML2		6650458	30968	2.33E-05	2.503631472
LOC728193		6590553	728193	0.000380333	2.502726768
PDGFB		4040397	5155	0.00438825	2.50153261
POLQ		4060056	10721	0.008875093	2.500404782
CMTM7		4250048	112616	0.000638985	2.500089682
PANK1		6620133	53354	0.000749084	2.499869117
RAD9A		2370102	5883	0.000218411	2.496148178
PPM1B		3450681	5495	0.000233591	2.496135727
MBOAT5		2370291	10162	0.00365815	2.495835917
NCAPD2		2680497	9918	0.000354693	2.494544093
FOXRED2		6180487	80020	1.66E-06	2.492919608
CDC25C		3460152	995	0.00129852	2.492897727
	Hs.105791	6100446	0	6.12E-05	2.492448501
FANCG		4220612	2189	4.49E-05	2.491912279
NPAS1		2900373	4861	0.004959072	2.491369333
ONECUT2		6350192	9480	0.007128186	2.490851058
TH1L		4390288	51497	4.65E-05	2.487815969
SNORD25		7200082	0	0.000813017	2.486995887
	Hs.137274	830537	0	0.006430804	2.486243237
THOC4		460286	10189	0.002807862	2.48505071
ONECUT2		2480431	9480	0.008488758	2.483574406
SMARCC2		6510402	6601	4.85E-05	2.483249704
IVNS1ABP		4280228	10625	9.76E-05	2.482737121
ADA		7210192	100	1.67E-05	2.482054597
LOC650369		1690465	650369	2.04E-05	2.481785311
HSZFP36		5220041	55552	7.14E-05	2.480991189
TOMM40		1740494	10452	5.91E-05	2.47757676
SLC25A16		4260689	8034	0.000594488	2.476097093
HELLS		4540768	3070	6.56E-05	2.47209129
IVNS1ABP		5560338	10625	0.000415638	2.470417899
COG2		6550647	22796	0.000618427	2.466797285
CDK2		2350286	1017	0.000816644	2.465347795
DYNLL2		3400551	140735	5.53E-05	2.464661456
EXOSC1		1260753	51013	0.002992529	2.464312017
EMG1		4850091	10436	2.19E-05	2.462123883
FBXO17		2140047	115290	0.000241783	2.461539805
NDUFAF2		5720398	91942	2.62E-06	2.461479695
CCDC34		7040184	91057	0.000141268	2.461261115
USP36		7160612	57602	0.000548014	2.460567187
C15ORF39		870110	56905	0.000769418	2.458823839
RPS15A		7100717	6210	9.92E-07	2.456904887
MFSD5		6900600	84975	2.05E-05	2.456617296
LOC728037		7380619	728037	8.24E-05	2.455844088
CSRP2BP		1070551	57325	6.72E-05	2.455781196
ARL6IP2		2850494	64225	0.0004644	2.455649202
C6ORF52		6040156	347744	0.002658505	2.45344946
KCTD13		2100189	253980	2.95E-07	2.450228681
C1ORF131		4760692	128061	6.79E-06	2.445171185
SON		1110017	6651	0.000914282	2.445152532
TGIF1		3140369	7050	0.000107038	2.440111149
C7ORF20		6560608	51608	0.000184792	2.438849653
RAVER2		6370039	55225	9.88E-06	2.437449214
RRS1		4120437	23212	0.000688295	2.436660272
RNASEH2A		4230068	10535	2.66E-05	2.436372506
FZD3		1470121	7976	6.22E-05	2.435505184
SNRPB		4860243	6628	0.000282257	2.434969434
SHMT2		10341	6472	0.000278369	2.429595733
CCDC138		6960189	165055	0.002035663	2.426968205
LSM2		4540349	57819	0.00054633	2.425945751
GLIS3		3140494	169792	9.81E-05	2.424771647
TMEM177		3930278	80775	4.05E-05	2.424612659
CCDC97		6650201	90324	0.000662462	2.423618672
C10ORF76		730593	79591	0.000275592	2.423587625
FAM136A		3890671	84908	1.10E-05	2.423153543
MCM3		6290494	4172	0.001710844	2.421998845
FLJ46906		3940050	441172	0.007468893	2.421123475
CSPG5		160397	10675	0.002781988	2.416691684
GAS8		6860291	2622	0.001533637	2.416020848
KIAA0802		7330673	23255	0.00153991	2.414696233
HDGF		6110474	3068	2.62E-07	2.41343886
ATIC		1770546	471	8.05E-06	2.413414494
HINT2		1570370	84681	0.004983013	2.413260167
CCDC45		2070593	90799	0.001071953	2.412924047
WBSCR22		6370538	114049	0.000116933	2.411685812
ZNF518A		4220161	9849	2.30E-05	2.410908758
UBQLN4		3610487	56893	0.003047429	2.40914635
POGK		6220368	57645	3.85E-06	2.406497449
PSMB3		3710332	5691	1.35E-06	2.405659641
SNORA10		4610201	0	0.000269045	2.404883055
SUV39H1		20195	6839	0.000783318	2.404679687
GNPDA1		2600059	10007	0.000188904	2.404058285
PPP1R9A		5260307	55607	5.99E-05	2.403845959
CHRNA5		1570224	1138	0.00564095	2.403352825
RALY		1340092	22913	0.00022324	2.403272616
BARD1		5080561	580	0.006815571	2.403200719
PITPNM1		6960215	9600	0.000707357	2.402493777
MRPS15		3400674	64960	1.02E-06	2.401585524
FOXM1		2650364	2305	4.74E-05	2.401181412
MYO9A		1690288	4649	0.001654142	2.396660932
GMCL1		3290717	64395	0.002314643	2.395878691
CPM		4590603	1368	0.000179199	2.3956821
CNFN		7570494	84518	0.003593395	2.393327594
UGT2B17		6860392	7367	0.001875962	2.391170087
SETDB1		6450722	9869	3.79E-07	2.390744004
EP400		6330195	57634	3.19E-06	2.38915742
L3MBTL2		5870646	83746	0.000243447	2.385938059
MPHOSPH10		2350563	10199	1.49E-06	2.384066069
TBRG4		830341	9238	0.000207151	2.38397705
ATP5S		5560053	27109	1.34E-08	2.383925251
ZNF443		6370376	10224	2.90E-05	2.382411148
ALG13		6660411	55849	0.000536839	2.380402294
SP2		1260201	6668	3.36E-05	2.377392286
CBFA2T2		2940762	9139	0.00215634	2.377275824
EZH2		60639	2146	5.75E-05	2.374472819
EBAG9		4900270	9166	6.53E-05	2.374193771
MND1		3870372	84057	0.000240901	2.37324519
CSPP1		3870608	79848	2.69E-05	2.373048687
TTC13		4490014	79573	0.003965487	2.37258572
ATAD2		1410242	29028	0.009172214	2.371860219
TRAK1		4570707	22906	0.005614546	2.371783893
KLHL13		6550328	90293	0.000944318	2.371258601
ZFAND1		7000037	79752	0.000496688	2.370132999
ATP5L		6370411	10632	2.46E-06	2.367868891
ONECUT2		110189	9480	0.000986177	2.364565727
SARS2		4730168	54938	0.000203508	2.364345707
LOC158318		5890026	158318	2.53E-05	2.362605852
TIMM10		3310376	26519	0.002422608	2.361456007
C9ORF100		6370528	84904	0.000103332	2.360983996
SERPINB1		3190112	1992	0.009388008	2.359283329
RAPGEF6		3390504	51735	2.07E-05	2.357101606
C20ORF20		7380634	55257	4.06E-06	2.356473141
CCDC23		630086	374969	1.24E-06	2.355898202
NUP210		2320215	23225	0.000275242	2.355552239
GPATCH4		4610136	54865	0.004302322	2.35534573
CHD7		1580487	55636	4.34E-05	2.354419575
TYSND1		1940288	219743	0.000354699	2.354243825
ALKBH7		3310324	84266	0.000137193	2.353179084
ZXDC		5700132	79364	8.49E-06	2.353086127
SPATA2		4200608	9825	3.12E-07	2.352866159
NVL		2900551	4931	6.49E-06	2.350830887
STARD7		4210750	56910	8.24E-07	2.348972195
MPHOSPH9		6590707	10198	1.22E-06	2.348164934
NSMCE2		2480719	286053	0.001171864	2.345228206
YOD1		4590020	55432	1.32E-07	2.34440985
LETMD1		1850379	25875	0.000236495	2.343425637
BAPX1		1780075	579	0.003443492	2.342312542
TFDP2		7200678	7029	0.009689774	2.342172648
MYO19		5910020	80179	0.001843192	2.341905579
PTPN3		1470746	5774	0.000168715	2.341351788
H1FX		7610538	8971	5.62E-05	2.340959905
TMEM55B		5220152	90809	2.70E-06	2.340446474
PAX6		1740100	5080	0.009470509	2.340120859
TMEM194		1110494	23306	0.000559605	2.338799119
SFXN4		1820706	119559	2.14E-06	2.338499243
ECE2		4230368	9718	0.000218333	2.336770062
LOC145853		7150280	145853	2.97E-06	2.336504418
ADCK2		1780647	90956	0.007142831	2.335841527
HMGB3		7570050	3149	4.61E-05	2.334687561
PPTC7		1090546	160760	0.001025612	2.334613213
MRPS24		2680767	64951	4.62E-05	2.334599127
FOXRED1		1240309	55572	0.001111518	2.334516084
WWC1		1090575	23286	5.25E-05	2.332037181
MAD2L2		2510278	10459	6.53E-06	2.330025213
SGK2		780132	10110	0.006760906	2.329311688
FLJ39827		5420400	139285	0.00309675	2.329069178
C5ORF34		770102	375444	0.003104744	2.328020587
QSOX2		290441	169714	0.000368234	2.326106711
GPR110		6960367	266977	0.007789769	2.324058534
NRM		5670059	11270	7.76E-06	2.323473845
SULT1C2		6900075	6819	0.004904342	2.322619763
MGC40489		3420400	0	0.004623587	2.322534433
RGS10		3830092	6001	0.0059491	2.321695662
NCAPD3		1570551	23310	0.000544711	2.319573965
CBARA1		1010465	10367	0.00356583	2.319379266
ACY1		1400341	95	0.000210845	2.318753286
PSMC3IP		7650592	29893	0.000759639	2.318463295
FLJ22184		7210576	80164	9.59E-05	2.316741708
	Hs.493947	6330215	0	0.000280469	2.315666897
RAD54B		3190349	25788	0.000456308	2.315198693
LOC727762		7210184	727762	0.000263508	2.313906051
WDR34		6200195	89891	1.99E-05	2.313395067
	Hs.128708	870026	0	0.005591888	2.313348131
STAG3L4		6380612	64940	0.009293203	2.31101182
IMPDH1		3120431	3614	0.000501449	2.309686706
MGC24039		1190047	160518	0.009561822	2.309144617
SETBP1		5310079	26040	0.000105361	2.308582957
ERCC3		6840040	2071	2.72E-06	2.307778199
LHX6		7550193	26468	0.007557627	2.307491568
BANF1		150767	8815	4.57E-06	2.306144296
MRRF		3390577	92399	3.00E-05	2.30581447
TEAD4		3290286	7004	2.47E-06	2.304487785
RPUSD3		6660195	285367	2.74E-05	2.302954584
ZNF594		620292	84622	0.001742544	2.302759556
CCDC21		1990730	64793	3.58E-06	2.302380306
MASTL		20521	84930	6.82E-05	2.300817347
DDX18		6060201	8886	0.000346662	2.300345121
RPL8		1050709	6132	0.009665653	2.299578626
KIAA1804		460743	84451	5.71E-05	2.299328041
KLHL23		4070358	151230	0.003625626	2.299312017
	Hs.25892	3130358	0	1.02E-05	2.298691326
RDM1		5820056	201299	0.005009784	2.298626395
MELK		2340392	9833	0.009646839	2.298151434
MCEE		5290408	84693	3.64E-05	2.297984951
C11ORF59		290035	55004	5.52E-05	2.297943088
ANKRD20A1		6450661	84210	0.000127847	2.296981086
SLC16A10		7550192	117247	0.003687397	2.296785726
SRD5A1		1050278	6715	0.000409845	2.295241712
CKAP5		630333	9793	6.11E-06	2.293023304
C14ORF130		3290209	55148	0.001332406	2.291437995
C7ORF44		5090687	55744	0.001056859	2.291203613
NIBP		5890072	83696	0.003542441	2.291123439
DDX56		7380653	54606	2.79E-05	2.288764258
PHOSPHO2		5810086	493911	0.000648138	2.288552634
ATP6V0A2		620092	23545	4.83E-05	2.287562856
C11ORF54		3360370	28970	0.000466823	2.284657375
ZCCHC11		4260093	23318	0.000926126	2.284048402
C2ORF34		4120356	79823	1.48E-05	2.282655855
NYSAR48		6280674	93323	8.53E-06	2.281412453
THOP1		770672	7064	2.63E-05	2.281311639
ACACA		2630692	31	0.004209133	2.279785056
HSPA14		6660497	51182	0.000719299	2.278106723
KIAA0664		7400711	23277	0.000933222	2.27711261
SETD1A		2510674	9739	1.21E-05	2.276254119
CHAF1B		4610731	8208	0.000933038	2.275063959
LOC728226		4560767	728226	0.007154733	2.274940427
C14ORF105		6060189	55195	0.000977875	2.274326443
BCCIP		2940040	56647	0.000865086	2.270218522
CDC25C		20605	995	0.000597704	2.269925064
MRPS27		6110561	23107	3.08E-06	2.268560967
ACTL6A		5080603	86	7.44E-05	2.267486591
DMN		2760735	23336	4.49E-05	2.266636855
C14ORF147		1410050	171546	3.30E-05	2.266292623
C16ORF33		4760450	79622	0.000634391	2.266086539
PTPN2		3990731	5771	0.001047118	2.265839985
LOC442329		3370670	442329	0.008967932	2.261798483
POLD1		290731	5424	1.38E-05	2.258118888
HNRNPAB		1820398	3182	0.000100371	2.25795066
ATP5G1		5870446	516	0.002787229	2.25701132
TSPAN15		5080075	23555	0.003859677	2.255318952
ARRB1		5670673	408	0.003169551	2.253248302
PROSC		1050039	11212	5.81E-06	2.2521651
GLIS3		6560017	169792	0.001145177	2.25179746
KIAA1688		4850300	80728	1.34E-05	2.251097426
TAF15		10176	8148	0.000107568	2.251018907
NUP155		6060685	9631	0.000176599	2.250371732
RPA3		4150458	6119	0.005271315	2.249876935
DYRK2		6560523	8445	0.00136244	2.249842695
PAQR7		4150017	164091	0.001927675	2.248744103
UQCRFS1		7510014	7386	0.000575307	2.248426308
WDR20		3130494	91833	0.000678327	2.248273187
HMBS		7320021	3145	0.000691783	2.247758464
LTBR		4640064	4055	0.001726208	2.246922243
TSGA14		6280609	95681	0.009570618	2.24664483
ZDHHC7		5360154	55625	0.003771491	2.245714082
ANKRD39		6220553	51239	0.000192374	2.243915385
THEM2		1580427	55856	0.00013346	2.242846572
RPS26		6590377	6231	2.30E-06	2.24220389
MBD6		1770343	114785	0.000108907	2.240201891
NAT10		1170554	55226	0.001954787	2.238946243
PI4KAP2		1240136	375133	0.000896222	2.237231726
LIPT1		2970088	51601	4.44E-05	2.236244796
HIP1R		1260274	9026	0.000282695	2.234916479
FBXO46		2360328	23403	8.32E-06	2.234416788
HSPA9		430630	3313	0.000347635	2.23353896
SLC29A1		5910424	2030	0.004499824	2.233437689
LOC441408		4390504	441408	0.001400367	2.233286234
GTF3C5		1510438	9328	0.00063448	2.233088244
CKLF		1660528	51192	0.003260538	2.232990932
CASC3		2970463	22794	0.000120501	2.232510699
SFXN4		730092	119559	4.05E-06	2.232413461
NTHL1		2070184	4913	0.006866101	2.231423204
GOT1		5690373	2805	0.002078423	2.230474246
RBM4B		1710639	83759	0.000202809	2.229238633
CNNM3		6180463	26505	0.000331084	2.228894614
PGD		2900594	5226	0.000124904	2.228702503
GPI		4220064	2821	0.000483448	2.228271215
RHBDL1		510092	9028	0.002255638	2.227192519
CPT2		5360653	1376	1.08E-05	2.226387663
C21ORF66		3800091	94104	1.28E-07	2.226180335
RCC1		2570292	1104	0.001671868	2.226053631
SCYL1		1470376	57410	4.37E-07	2.225103332
CENPO		4560682	79172	0.001108978	2.224210106
APOOL		4250270	139322	4.52E-05	2.224034302
C6ORF155		20121	79940	0.001021901	2.22353766
C7ORF47		1240592	221908	3.92E-05	2.222914257
CNOT3		380309	4849	1.77E-06	2.222663593
CCNB1IP1		510114	57820	0.005185711	2.222393913
ANKRD16		3450274	54522	0.000123948	2.222032174
PHF5A		450598	84844	2.80E-06	2.220806765
MCM10		7570181	55388	0.005088017	2.220388478
C2ORF29		5700523	55571	8.26E-05	2.218964519
C1ORF181		150681	54680	0.002950757	2.218178712
OBFC2B		270196	79035	1.36E-06	2.216426482
AFTPH		2070600	54812	0.000108793	2.216138269
PABPC4		5310278	8761	0.000190034	2.216093861
ORAI1		5700717	84876	4.46E-05	2.215713956
MLL4		4060608	9757	4.43E-05	2.215539689
NUP93		5310068	9688	0.000452969	2.214549267
RBMX		6180537	27316	9.31E-06	2.212287217
C4ORF14		5220068	84273	1.15E-06	2.21124793
TMEM69		1230397	51249	1.45E-06	2.210561762
DGAT1		3610039	8694	2.03E-06	2.210085373
KLHL8		7100349	57563	0.00025144	2.20957524
E2F6		7510707	1876	0.000106451	2.208457394
COX15		4200100	1355	1.51E-05	2.207173316
AATF		6020372	26574	3.16E-05	2.206012608
FANCD2		2690240	2177	0.003152491	2.205984017
ABLIM1		3610315	3983	0.008036205	2.205516156
CRAMP1L		5340066	57585	2.17E-06	2.204871463
BLM		2450717	641	0.001185941	2.203216531
CMTM4		2120634	146223	0.001246602	2.201198957
CRSP2		6370563	9282	0.005657548	2.200853941
DFFA		2750639	1676	0.001562086	2.199735656
NOLC1		5960132	9221	3.26E-05	2.198414884
MID1IP1		6580121	58526	0.002332983	2.192309113
	Hs.92308	1340669	0	4.62E-06	2.191080045
IFRD2		4200152	7866	0.00010003	2.190839644
WBP11		5960278	51729	0.000157455	2.190503306
TCFL5		1510154	10732	2.72E-06	2.190248908
CHRAC1		610300	54108	9.81E-05	2.189916589
	Hs.369017	3940678	0	3.78E-06	2.189604909
DPM3		7320435	54344	0.000748545	2.188249417
BCDIN3D		7400246	144233	0.002093124	2.187389753
XRCC1		4590139	7515	5.79E-06	2.186977026
GPR172A		2140528	79581	0.00023258	2.186926816
NUP85		1430402	79902	5.98E-05	2.186354456
LOC440359		5870307	440359	3.22E-05	2.185713328
TOP3B		4900386	8940	0.000161528	2.185214431
LARP2		5910164	55132	0.002652212	2.185206356
ADSL		5870228	158	2.04E-06	2.18269039
C18ORF54		4920189	162681	0.005709156	2.182597258
AK2		5720669	204	2.44E-05	2.181721858
TRIM33		2450446	51592	0.000175043	2.180465895
GLTSCR2		3610286	29997	7.65E-06	2.180126528
MRTO4		130220	51154	0.000133632	2.180095979
NUP50		5890291	10762	0.001439241	2.179106723
MAD1L1		2630370	8379	0.005586843	2.17850093
C9ORF114		770692	51490	0.00147845	2.178393697
AGPAT5		830719	55326	0.000234995	2.17678758
TMEM9		1010110	252839	0.000888341	2.176087476
PAQR6		6550367	79957	0.001383108	2.175958664
C1ORF116		380026	79098	0.007554243	2.175696796
FAAH		1990471	2166	0.005217109	2.174480799
KIF15		5360386	56992	0.009674814	2.174211737
PRKDC		770390	5591	0.002451106	2.174094232
COMTD1		6960377	118881	0.000237313	2.172721
PNKP		7610184	11284	0.001613246	2.172654061
VWA1		3830100	64856	0.008086365	2.172087326
GCSH		60196	2653	0.002963263	2.171888867
BXDC2		2120445	55299	0.000143113	2.171559536
AFG3L2		1170538	10939	0.000524534	2.171366237
ZNF446		5810767	55663	7.32E-05	2.170628562
SLC1A4		6350392	6509	0.001687864	2.170164177
MKNK2		5050553	2872	0.002178032	2.169566393
MMAB		2140291	326625	0.003454657	2.169270655
LOC400214		4890079	400214	7.11E-05	2.163378885
ZNF823		6110048	55552	5.68E-05	2.162767582
ACD		1300154	65057	1.06E-05	2.16200676
SH2B2		3610390	10603	0.001116228	2.161680465
STIL		6220050	6491	0.008189645	2.16112486
SNRPA		5310195	6626	0.000303799	2.159662957
	Hs.522924	150392	0	1.43E-06	2.159251898
CLN3		6580682	1201	0.002754075	2.159120275
C16ORF35		4150563	8131	2.48E-05	2.158531875
SIGIRR		5860373	59307	0.002708482	2.157427477
RPS21		2690338	6227	0.00496357	2.157353629
GALE		6980162	2582	0.007695755	2.157211741
DKC1		6980327	1736	0.000411832	2.156640678
SUPV3L1		5870040	6832	6.86E-06	2.15628774
C7ORF11		1470390	136647	0.000420762	2.155983695
LOC650298		670010	650298	2.98E-05	2.155668111
LOC201164		1980474	201164	0.004354502	2.154882569
RMI1		770286	80010	0.000704784	2.154505766
WDR57		1690348	9410	1.94E-05	2.153659898
	Hs.529743	160706	0	0.001792017	2.152598532
SOCS3		4230102	9021	0.000439037	2.1502334
NDUFB11		5550377	54539	3.52E-06	2.149332873
C19ORF21		5670341	126353	0.000666483	2.148142374
C18ORF17		3310142	125488	0.005619883	2.146144308
PTPDC1		3520220	138639	0.002933911	2.146128696
C9ORF45		1050050	0	0.000750762	2.14557644
GSG2		2900692	83903	0.002150205	2.14243675
FKBP1A		270292	2280	0.000996284	2.139075445
TLE1		4610543	7088	0.006244774	2.138709504
HCN3		6480674	57657	9.23E-07	2.138265125
ZCCHC14		2710402	23174	0.000721896	2.137645661
NR2C2AP		3060563	126382	0.000266945	2.13761682
LOC652226		1570307	652226	0.002837034	2.1359346
DHX9		3930689	1660	6.44E-07	2.134915339
DHX9		2900379	1660	2.71E-06	2.134456281
COQ10A		2630008	93058	0.000501458	2.132455763
PPP1CA		3990368	5499	1.66E-06	2.132262828
DNA2		6380452	1763	1.44E-07	2.132119776
LBR		4880224	3930	0.002440278	2.132006924
TSKU		830201	25987	0.004275905	2.131345327
ANKMY1		2760102	51281	0.000394551	2.128431928
PXMP2		5820324	5827	0.000175353	2.128149945
SEPX1		1440243	51734	0.000776944	2.127632072
MANEAL		4880008	149175	0.004130855	2.127265114
NR2F6		1010692	2063	0.003191768	2.126078769
METTL9		6620196	51108	0.001371702	2.125401964
OCEL1		3460253	79629	0.001247337	2.125288399
FADS1		2360020	3992	0.006389014	2.12492375
XPR1		5290246	9213	0.000704043	2.123863811
GPR19		6200072	2842	0.00041887	2.122822556
MRPS31		630403	10240	0.000221623	2.122635763
GNA13		3800730	10672	0.001210757	2.122321718
PSCD3		2750603	9265	0.001103863	2.121623468
CMTM7		4290403	112616	0.002388065	2.120960783
REPIN1		2940646	29803	0.000216301	2.120843788
C6ORF130		780187	221443	2.44E-05	2.119568004
WNT7B		1070563	7477	0.002255733	2.118079576
NECAB3		50521	63941	0.000382533	2.117893063
ARFGAP1		5900445	55738	0.000124431	2.117820458
CLN3		520630	1201	0.002595517	2.11763023
MAP3K14		6400369	9020	1.95E-08	2.115979437
ITCH		7560538	83737	0.000759242	2.115223084
MGC3731		4390446	79159	1.95E-05	2.115044758
ZBTB10		2370131	65986	0.002610064	2.11440326
MTERFD1		5050037	51001	0.000596198	2.111773969
SEH1L		580196	81929	0.000301599	2.111394285
PRCC		6520156	5546	0.000115671	2.111119959
LSM8		770593	51691	2.27E-05	2.111064969
PCBP2		6480411	5094	1.73E-05	2.110975426
ERP29		4120333	10961	0.00122521	2.109997547
SIVA		5550673	10572	4.23E-05	2.10974065
SH2D3A		5490452	10045	0.00577553	2.109503698
ZCCHC3		1820195	85364	0.000440644	2.107832022
USP11		1440040	8237	0.001641354	2.106598996
C12ORF32		3180553	83695	0.000725755	2.106311757
RPL12		7550458	6136	1.66E-05	2.106297484
MTIF2		2230403	4528	0.000240198	2.106156721
LRRC45		1500048	201255	0.000327816	2.105950187
NIPSNAP1		5490131	8508	0.001774684	2.105353057
SNORD31		6660010	0	8.61E-06	2.10245987
MYC		5420095	4609	0.000107987	2.102409331
ARL4A		1010161	10124	0.005974516	2.10127861
FLVCR1		6960754	28982	0.000875482	2.101091439
ILF2		5690437	3608	0.000214259	2.100483287
PIGC		580601	5279	0.000323609	2.100343077
RCE1		3520288	9986	2.89E-08	2.100210837
UCHL5IP		1090370	55559	0.001002964	2.098815287
TRAPPC6A		6860072	79090	4.43E-05	2.098315996
EZH2		1710368	2146	1.54E-05	2.097096455
BAT3		5340382	7917	0.000167697	2.09692581
ARFGEF2		3610554	10564	0.000880537	2.096461222
RNPS1		2630022	10921	0.000191619	2.09598674
DVL2		7570059	1856	0.002265261	2.095300657
MTX1		2750551	4580	1.01E-05	2.094306671
YIPF6		770142	286451	1.71E-06	2.093996399
LOC652595		730689	652595	0.000466223	2.093101993
CDKAL1		2230020	54901	0.001642305	2.092628749
TMEM48		4200601	55706	0.002534471	2.092216438
NXT1		4780398	29107	0.000223643	2.091963718
	Hs.335413	2030242	0	0.002463623	2.09053192
ARHGAP19		6110332	84986	0.000706898	2.089482073
AFG3L1		60609	172	0.000906235	2.08928049
HLTF		4480520	6596	0.002098061	2.08923482
RILPL2		1660286	196383	0.004948677	2.088969029
RGS14		360670	10636	0.00330897	2.088661089
AGBL5		6620403	60509	0.000344453	2.087106593
MYST3		3930195	7994	0.000602544	2.085546503
TIMM44		7550402	10469	3.82E-05	2.085097463
C20ORF72		5960736	92667	1.38E-06	2.084724133
PEMT		1780411	10400	0.002049188	2.083235073
C1ORF35		5820500	79169	3.30E-05	2.083234472
ITGB1BP1		3870647	9270	0.003193126	2.081297579
ZCCHC9		940338	84240	0.006555509	2.078259838
PLEKHB2		7040301	55041	0.000327955	2.077769975
PUS1		60092	80324	0.000101562	2.077650439
CBX4		3830170	8535	0.00190008	2.076021138
SOCS4		1300349	122809	0.001333769	2.075838859
ANAPC1		730647	64682	0.000156922	2.075106701
LOC650339		2120215	650339	0.001002026	2.07509005
NEK2		1570309	4751	0.006332949	2.0743323
MVK		6620768	4598	0.001793058	2.073095955
SEC14L1		1770044	6397	5.18E-05	2.072383995
C11ORF71		1230543	54494	0.000307801	2.071892175
PIGC		4070136	5279	0.000272345	2.071798118
PUM2		4250563	23369	0.000164037	2.071675972
ACACA		2190414	31	0.004254496	2.071254817
CCDC47		1850367	57003	3.13E-06	2.070266459
DDX55		5960672	57696	7.47E-05	2.070104337
DFFA		50224	1676	0.009671247	2.070056242
RECQL4		4250437	9401	7.96E-05	2.0696876
PLK1		5130128	5347	0.001333503	2.069469931
SHMT1		3420433	6470	0.003078117	2.069002942
LOC153684		5820482	0	0.000278279	2.068612276
COQ5		7570500	84274	4.48E-07	2.068349175
TTC31		5690156	64427	2.71E-07	2.068085959
DNM2		6560292	1785	1.91E-05	2.067730086
TSSC1		5700722	7260	7.06E-05	2.067489039
MRPS26		3310445	64949	0.000197888	2.06713693
LOC389791		2940192	389791	0.001435577	2.065588499
WIBG		2510204	84305	0.000296888	2.064992093
ALS2CR13		3120292	150864	0.000202577	2.064417104
TMEM5		5690358	10329	0.003401748	2.063762797
PUS1		6100735	80324	1.60E-05	2.062915516
WDR62		3710026	284403	0.001934665	2.061744289
CORO1B		5310170	57175	0.000131836	2.060697741
PCNXL3		580273	399909	3.76E-05	2.060577981
GPSN2		2370259	9524	5.04E-06	2.059013684
LOC650909		5420521	650909	2.50E-06	2.057731089
DIAPH1		2600131	1729	0.000155416	2.056001616
SLC2A8		5870326	29988	0.001661742	2.055880503
LOC92497		4540017	92497	5.46E-05	2.05510799
TOP1MT		5870390	116447	0.000232165	2.053544878
MRPL33		5570494	9553	0.001256148	2.052736214
PHACTR4		1940064	65979	0.006512404	2.052037654
SDCCAG3		60706	10807	0.00086598	2.050837987
ZNF74		2710093	7625	0.003004558	2.049466808
PDSS1		3120086	23590	0.003417043	2.04825528
DYRK2		2100743	8445	0.009219791	2.047745469
NUBP1		4220026	4682	0.000380029	2.046660354
C15ORF42		5270402	90381	0.001318796	2.046191698
ZNF280B		2750044	140883	0.000735709	2.04560594
PRPF4		6100441	9128	0.00391314	2.045243821
EXOSC5		2810241	56915	0.00021528	2.044859929
TULP3		6840014	7289	1.71E-05	2.044057678
C17ORF61		2340521	254863	0.000558692	2.043713147
C17ORF49		2570035	124944	0.00024352	2.043555002
BRP44		5550612	25874	0.001328385	2.042688394
RNMT		4850176	8731	0.000106656	2.042639611
SELI		4280370	85465	9.38E-05	2.042449719
FDX1L		5090053	112812	0.000470819	2.039798039
CSE1L		7000634	1434	0.002627968	2.039577538
FGFR1		6450471	2260	1.04E-05	2.039091961
COG5		1430577	10466	0.004875834	2.038704372
FBXL6		1580215	26233	0.000173917	2.037925344
C16ORF53		4230066	79447	7.12E-05	2.037770919
C9ORF75		1440050	286262	0.00054606	2.036548503
NUP37		3890544	79023	0.000218483	2.036517774
FAM39DP		1580053	0	0.00427366	2.036223772
C16ORF75		4540072	116028	0.000877694	2.036080521
GLIS3		1500095	169792	0.004115326	2.034567134
CYP27B1		2900725	1594	0.000678445	2.034000983
FAM89A		4040242	375061	0.008883515	2.033959736
C1ORF164		4540328	55182	7.60E-07	2.033559122
NOB1		1430544	28987	2.71E-05	2.031354996
7-Mar		780544	10299	0.00066802	2.031054878
FA2H		1190524	79152	0.007349737	2.030193485
TTLL12		1430053	23170	0.007014036	2.030098218
	Hs.352818	3610376	0	1.05E-05	2.030097516
BCL2L1		4290411	598	0.007401963	2.029766374
SERBP1		4210754	26135	6.01E-05	2.028797119
OXA1L		6900402	5018	0.000496592	2.027697044
UQCRC1		1170600	7384	2.70E-07	2.027599775
XRN2		2570671	22803	1.29E-05	2.02714717
TCTEX1D2		1580021	255758	0.000179751	2.026717949
EDC3		7000500	80153	2.80E-05	2.026366313
CHST6		20445	4166	0.006812946	2.025901956
PASK		4150100	23178	0.000775095	2.024575711
C14ORF93		4610484	60686	0.0051809	2.024446355
FAM58A		1940228	92002	7.81E-05	2.02276857
ALG10B		1110241	144245	3.28E-05	2.022446806
C14ORF105		5340070	55195	0.002591561	2.021496071
C8ORF34		4590632	116328	0.000382174	2.020438362
FBXL6		1470092	26233	0.000296928	2.019797363
NUP214		4850164	8021	8.83E-05	2.019784592
CCDC12		1090468	151903	2.62E-06	2.019347069
CYB561		130086	1534	0.00378976	2.018759934
IDH3B		3290246	3420	0.000214841	2.017739869
SFT2D3		5420544	84826	0.001409392	2.017529603
CD2BP2		2490066	10421	0.001228773	2.01712706
ATHL1		3310278	80162	0.003928155	2.017120723
C20ORF117		290132	140710	0.000261846	2.016961299
LOC389641		670494	389641	0.000971746	2.016943861
RFC4		2030315	5984	0.003290893	2.01663367
SNRPA1		5080605	6627	0.003596449	2.016507033
PCGF1		5260386	84759	1.29E-05	2.016287971
TMEM39B		1570066	55116	6.09E-07	2.014939649
ATP5SL		1990274	55101	0.000847874	2.014876814
GART		20544	2618	0.001125626	2.012598437
DAP3		3180215	7818	9.12E-06	2.01233
NT5C3		3940520	51251	0.000527338	2.011724514
NEK8		1090286	284086	0.000207939	2.010829185
RUVBL2		4780537	10856	0.004220668	2.010224815
IFT52		3420270	51098	0.000424306	2.009648686
MED25		1500470	81857	0.000823597	2.008377446
FAM89A		650730	375061	0.005008931	2.007959896
MVD		1440020	4597	0.001685481	2.007270303
EIF1		3710544	10209	0.003113382	2.006283133
MRPS30		7200670	10884	1.76E-05	2.005600398
BOLA2		60148	552900	0.003599588	2.005551595
DPM3		2850520	54344	0.001513026	2.005241477
CNOT1		6520382	23019	5.07E-05	2.005033693
IQSEC1		4890743	9922	0.008102456	2.004749234
MXD3		2970121	83463	8.23E-06	2.004410082
PPM1B		6280138	5495	0.002723978	2.004116711
FLJ45244		6330653	400242	0.004014633	2.004010869
LIG3		3460431	3980	1.03E-06	2.004001152
AHCTF1		6040747	25909	0.00022218	2.003706455
MACROD1		2370279	28992	0.007732674	2.002797462
BIRC5		7550626	332	0.000361887	2.000935786
RAD51C		5910215	5889	0.000702442	2.000767033
COX11		2630411	1353	0.000233307	2.000416469
STRN4		1770048	29888	9.10E-05	2.000257808
