Gene symbol	Affymetrix  probesetID	Parametric  pvalue	FDR	Permutation  pvalue	Geommeanofintensities  inclass(highHIF1A)	Geommeanofintensities  inclass(lowHIF1A)	Fold change
ALDOA	238996_x_at	6.40E-06	0.002	0.0022	259.44	152.91	1.7
TF	214064_at	1.56E-05	0.0025	0.0022	263.87	810.54	0.33
SLC2A3	202499_s_at	0.0020831	0.091	0.013	580.42	134.75	4.31
FABP5	202345_s_at	0.0064111	0.091	0.0238	466.71	138.3	3.37
SLC2A14	222088_s_at	0.0097873	0.091	0.0303	288.5	99.94	2.89
LOX	215446_s_at	0.0092794	0.091	0.0281	56.41	20.25	2.79
KRT19	201650_at	0.0009813	0.091	0.0087	125.44	45.92	2.73
ADM	202912_at	0.0018755	0.091	0.0108	1,094.78	417.36	2.62
COL5A1	212488_at	0.0108966	0.091	0.0346	470.57	198.35	2.37
TGM2	201042_at	0.0028763	0.091	0.0087	2,269.40	978.56	2.32
GJA1	201667_at	0.0051342	0.091	0.0173	481.41	219.32	2.2
TGFB1	203085_s_at	0.0105139	0.091	0.0173	361.47	166.89	2.17
EPO	207257_at	0.0066915	0.091	0.0195	267.28	128.21	2.08
SLC2A3	202497_x_at	0.0071711	0.091	0.0108	384.43	191.86	2
VIM	1555938_x_at	0.0073633	0.091	0.0216	52.24	27.06	1.93
EDN1	218995_s_at	0.010559	0.091	0.0368	203.8	110.14	1.85
EGLN3	219232_s_at	0.0080011	0.091	0.0281	87.97	47.57	1.85
CDKN1A	202284_s_at	0.0116036	0.091	0.0346	2,011.77	1,122.87	1.79
CORO1A	209083_at	0.0073799	0.091	0.0195	331.32	186.69	1.77
HMOX1	203665_at	0.0061297	0.091	0.0173	3,011.93	1,729.71	1.74
ENO2	201313_at	0.0109426	0.091	0.0065	69.18	40.76	1.7
HIF1A	200989_at	0.0077777	0.091	0.013	5,890.47	3,571.32	1.65
BHLHE40	201170_s_at	0.0069738	0.091	0.0173	3,938.45	2,435.98	1.62
TGFB3	209747_at	0.0060596	0.091	0.0108	270.52	171.37	1.58
HK1	200697_at	0.0049897	0.091	0.0087	601.53	386.17	1.56
TAF9B	221617_at	0.0115165	0.091	0.0216	96.93	62.72	1.55
ALDOA	200966_x_at	0.008956	0.091	0.0173	2,040.33	1,347.53	1.51
ALDOA	214687_x_at	0.0075083	0.091	0.0173	2,204.08	1,464.25	1.51
ABCF2	209246_at	0.0118038	0.091	0.013	150.81	110.72	1.36
ANGPT2	237261_at	0.0070278	0.091	0.0087	28.6	21.7	1.32
PDGFB	204200_s_at	0.0112445	0.091	0.0152	84.9	65.11	1.3
HRK	206865_at	0.0059758	0.091	0.0043	34.85	45.71	0.76
AK3	224655_at	0.0086382	0.091	0.013	4,840.24	6,492.88	0.75
FAM162A	220942_x_at	0.0098018	0.091	0.0216	3,552.56	4,899.97	0.73
FAM162A	223193_x_at	0.0085622	0.091	0.0152	3,387.41	4,858.75	0.7
FAM162A	224345_x_at	0.0071691	0.091	0.0152	3,132.58	4,568.45	0.69
RET	205879_x_at	0.002565	0.091	0.0022	118.86	175.13	0.68
PRKCA	213093_at	0.0058312	0.091	0.013	327.62	503.62	0.65
BNIP3	201848_s_at	0.0016064	0.091	0.0043	1,065.87	1,649.19	0.65
CTPS	202613_at	0.0083513	0.091	0.0238	267.83	477.74	0.56
FN1	214701_s_at	0.007384	0.091	0.0195	274.92	555.16	0.5
IL8	202859_x_at	0.0126912	0.0911	0.0281	1,450.99	347.18	4.18
COL5A1	203325_s_at	0.0122305	0.0911	0.0325	175.36	103.63	1.69
MET	213807_x_at	0.0124218	0.0911	0.0303	237.42	434.05	0.55
FHL1	201540_at	0.0130499	0.0916	0.0216	1,861.11	1,300.92	1.43
VIM	201426_s_at	0.013832	0.095	0.0346	4,066.30	2,293.99	1.77
ENG	201809_s_at	0.0141569	0.0952	0.0281	892.31	531.63	1.68
HK2	202934_at	0.018196	0.1182	0.039	162.31	72.62	2.24
EGLN3	222847_s_at	0.0186573	0.1182	0.0303	111.1	73.43	1.51
NT5E	1553995_a_at	0.0186953	0.1182	0.0455	168.76	279.77	0.6
SPHK1	219257_s_at	0.0192831	0.1195	0.0238	88.86	71.09	1.25
SLC2A3	202498_s_at	0.0207813	0.1239	0.0368	246.02	106.33	2.31
AKAP12	210517_s_at	0.0215635	0.1239	0.0325	1,797.54	903.56	1.99
MYC	202431_s_at	0.0213379	0.1239	0.0325	1,141.82	639.47	1.79
ETS1	1555355_a_at	0.0211158	0.1239	0.0433	117.88	75.28	1.57
SERPINE1	1568765_at	0.0236938	0.1273	0.0584	528.58	191.06	2.77
COL5A1	212489_at	0.0234756	0.1273	0.0476	155.57	79.8	1.95
MMP9	203936_s_at	0.0237682	0.1273	0.0368	138.45	97.56	1.42
FHL1	210299_s_at	0.0229013	0.1273	0.039	296.81	210.96	1.41
EGFR	210984_x_at	0.0244497	0.1288	0.0281	163.83	239.25	0.68
LOXL2	202998_s_at	0.0248875	0.1289	0.0498	234.76	112.65	2.08
PKM2	201251_at	0.0255029	0.13	0.0476	301.86	198.07	1.52
SOX9	202935_s_at	0.0266924	0.1318	0.0498	433.02	160.78	2.69
NDRG1	200632_s_at	0.0264591	0.1318	0.0216	733.77	588.59	1.25
TGM2	211573_x_at	0.0271969	0.1322	0.0476	212.82	130.32	1.63
ITGA5	201389_at	0.0278701	0.1334	0.0195	421.93	328.99	1.28
EGFR	211551_at	0.03009	0.1398	0.0173	65.62	78.3	0.84
AK3	224151_s_at	0.0299612	0.1398	0.0563	921.07	1,392.76	0.66
FLT1	210287_s_at	0.0328982	0.1507	0.0238	31.68	20.55	1.54
ITPR1	211323_s_at	0.0375407	0.1695	0.0216	121.36	97.69	1.24
SERPINE1	202627_s_at	0.0383927	0.1709	0.0325	2,322.32	1,074.55	2.16
CXCR4	217028_at	0.0404781	0.1755	0.0823	802.98	317.78	2.53
CXCR4	209201_x_at	0.041359	0.1755	0.0671	493.86	224.38	2.2
KRT18	201596_x_at	0.0421039	0.1755	0.0866	9,362.24	5,908.14	1.58
TGFA	205016_at	0.042201	0.1755	0.0714	291.47	185.44	1.57
EGFR	211607_x_at	0.0410863	0.1755	0.0649	167.03	243.14	0.69
NA	226498_at	0.0437232	0.1765	0.0758	230.16	117.15	1.96
EDN1	222802_at	0.0446802	0.1765	0.0823	308.83	173.26	1.78
ITPR1	203710_at	0.044362	0.1765	0.0693	203.34	147.11	1.38
FLT1	204406_at	0.04449	0.1765	0.0433	23.81	29.28	0.81
TIMP1	201666_at	0.0462731	0.1805	0.0823	5,873.06	3,576.49	1.64
