Probe set	Gene Symbol	Signature	ADC:OT Ratio	SCC:OT Ratio	LCC:OT Ratio	ADC Mean	SCC Mean	LCC Mean	ADC SD	LCC SD	SCC SD
1554246_at	C1orf210	ADC	2.79	0.47	0.49	0.84	-0.49	-0.49	0.73	0.27	0.26
1555950_a_at	CD55	ADC	4.29	0.35	0.31	0.28	-1.20	-1.78	1.30	1.07	0.41
1566766_a_at	7A5	ADC	3.33	0.47	0.35	0.64	-0.61	-1.20	1.15	0.92	0.61
1569208_a_at	---	ADC	2.16	0.60	0.57	0.04	-0.98	-1.20	0.53	0.75	0.34
201042_at	TGM2	ADC	3.19	0.52	0.33	0.32	-0.95	-1.77	1.04	1.34	1.05
201474_s_at	ITGA3	ADC	3.71	0.45	0.30	0.69	-0.77	-1.57	1.10	1.18	0.70
201596_x_at	KRT18	ADC	2.51	0.61	0.42	0.98	-0.18	-1.15	0.43	1.58	0.59
201818_at	LPCAT1	ADC	2.99	0.35	0.59	0.53	-1.38	-1.14	0.84	1.27	0.92
201925_s_at	CD55	ADC	4.03	0.36	0.35	0.23	-1.55	-1.89	1.02	1.15	0.84
201926_s_at	CD55	ADC	4.09	0.36	0.34	0.30	-1.17	-1.68	1.29	1.09	0.48
201941_at	CPD	ADC	2.54	0.52	0.52	0.68	-0.60	-0.81	0.89	1.13	0.76
202071_at	SDC4	ADC	2.76	0.51	0.46	0.34	-0.96	-1.74	0.67	1.61	0.44
202179_at	BLMH	ADC	0.48	1.72	1.21	-0.51	0.76	0.49	0.68	0.35	0.47
202454_s_at	ERBB3	ADC	3.94	0.47	0.24	1.49	-0.21	-1.56	0.65	1.58	0.84
202973_x_at	FAM13A1	ADC	2.42	0.53	0.55	0.38	-0.86	-1.22	0.59	1.21	0.48
203002_at	AMOTL2	ADC	2.14	0.55	0.64	0.22	-0.86	-0.89	0.61	0.92	0.36
203438_at	STC2	ADC	0.33	2.63	1.00	-0.91	0.83	0.15	0.58	0.74	1.10
203908_at	SLC4A4	ADC	5.01	0.30	0.29	0.11	-1.71	-2.14	1.56	1.24	0.85
203913_s_at	HPGD	ADC	7.80	0.23	0.15	-0.17	-2.17	-3.33	1.59	1.44	1.07
203953_s_at	CLDN3	ADC	7.42	0.11	0.33	1.96	-1.56	-0.70	1.05	1.57	0.44
203954_x_at	CLDN3	ADC	4.74	0.21	0.43	1.45	-1.00	-0.42	1.05	1.16	0.38
204160_s_at	ENPP4	ADC	2.27	0.31	0.93	0.20	-1.72	-0.61	0.50	1.07	0.54
204161_s_at	ENPP4	ADC	2.03	0.36	0.96	0.16	-1.49	-0.45	0.39	0.73	0.46
204174_at	ALOX5AP	ADC	3.28	0.48	0.36	0.00	-1.70	-2.33	0.90	1.64	1.32
204351_at	S100P	ADC	7.97	0.27	0.11	2.07	0.00	-2.15	1.91	1.91	1.64
204401_at	KCNN4	ADC	3.39	0.36	0.46	1.30	-0.34	-0.21	1.12	0.84	0.61
204437_s_at	FOLR1	ADC	5.90	0.30	0.20	0.06	-2.23	-3.33	1.52	2.01	1.83
204667_at	FOXA1	ADC	3.07	0.48	0.40	1.33	-0.09	-0.48	1.15	1.13	0.97
204885_s_at	MSLN	ADC	21.61	0.10	0.05	0.86	-1.59	-2.47	2.70	0.40	0.98
204934_s_at	HPN	ADC	3.95	0.37	0.35	0.97	-0.81	-0.98	0.79	0.57	0.28
204988_at	FGB	ADC	119.83	0.01	0.01	3.39	-0.66	-0.98	4.05	0.18	0.21
205076_s_at	MTMR11	ADC	2.69	0.52	0.46	0.61	-0.66	-0.93	0.62	0.68	0.42
205186_at	DNALI1	ADC	3.62	0.37	0.41	0.71	-0.77	-1.01	1.32	1.01	0.51
205190_at	PLS1	ADC	2.29	0.51	0.62	0.81	-0.55	-0.48	0.78	1.12	0.88
205309_at	SMPDL3B	ADC	5.35	0.22	0.34	1.43	-0.96	-0.51	1.07	0.63	0.50
205414_s_at	RICH2	ADC	2.13	0.51	0.69	-0.17	-1.47	-1.20	0.60	0.83	0.79
205455_at	MST1R	ADC	2.98	0.45	0.46	0.77	-0.73	-0.73	0.76	0.56	0.53
205597_at	SLC44A4	ADC	6.24	0.24	0.24	1.19	-1.14	-1.57	1.25	1.12	0.65
205640_at	ALDH3B1	ADC	4.06	0.38	0.32	0.25	-1.45	-1.87	0.86	0.69	0.30
205650_s_at	FGA	ADC	32.25	0.05	0.06	1.89	-1.48	-1.25	3.10	0.73	0.78
205776_at	FMO5	ADC	9.73	0.14	0.18	0.77	-1.62	-1.48	1.97	0.71	0.40
205906_at	FOXJ1	ADC	2.41	0.59	0.48	0.62	-0.29	-0.65	0.85	0.55	0.10
205997_at	ADAM28	ADC	2.10	0.62	0.58	1.14	0.08	-0.24	0.51	1.26	0.64
206100_at	CPM	ADC	4.70	0.44	0.17	0.47	-1.14	-2.74	1.29	1.37	1.10
206595_at	CST6	ADC	11.24	0.16	0.12	0.66	-1.48	-2.06	2.01	0.95	0.74
207836_s_at	RBPMS	ADC	2.10	0.84	0.36	0.04	-0.58	-1.71	0.72	0.80	0.59
207847_s_at	MUC1	ADC	5.36	0.36	0.18	0.85	-1.57	-2.61	1.06	1.58	1.64
208161_s_at	ABCC3	ADC	5.10	0.41	0.16	1.40	-0.30	-1.65	1.49	1.15	1.08
209016_s_at	KRT7	ADC	7.97	0.19	0.19	1.48	-1.70	-2.93	0.72	2.43	1.06
209094_at	DDAH1	ADC	2.76	0.33	0.69	0.73	-1.17	-0.35	0.67	0.75	0.64
209278_s_at	TFPI2	ADC	11.47	0.03	0.27	1.62	-2.01	-1.24	2.69	2.57	1.33
209487_at	RBPMS	ADC	2.53	0.63	0.39	0.14	-0.81	-1.57	0.84	0.95	0.60
209499_x_at	TNFSF12 /// TNFSF12-TNFSF13 /// TNFSF13	ADC	2.17	0.69	0.47	0.08	-0.99	-1.54	0.38	0.95	0.91
209581_at	HRASLS3	ADC	2.63	0.74	0.27	0.55	-0.53	-1.52	0.84	0.59	1.03
209641_s_at	ABCC3	ADC	4.34	0.44	0.21	1.25	-0.24	-1.19	1.45	0.85	0.95
209900_s_at	SLC16A1	ADC	0.32	1.87	1.52	-0.64	1.13	0.95	0.88	0.89	0.72
209925_at	OCLN	ADC	3.62	0.34	0.44	0.64	-1.04	-0.96	1.23	0.95	0.53
210272_at	CYP2B7P1	ADC	5.61	0.26	0.27	0.15	-1.68	-1.84	1.62	0.87	0.53
210325_at	CD1A	ADC	3.61	0.41	0.36	0.72	-0.51	-0.70	1.33	0.36	0.38
210347_s_at	BCL11A	ADC	0.20	2.09	1.80	-0.41	1.78	1.67	0.49	1.05	0.93
210547_x_at	ICA1	ADC	2.10	0.38	0.89	0.64	-0.98	-0.15	0.52	1.03	0.65
210567_s_at	SKP2	ADC	0.38	1.15	2.20	-0.29	0.64	1.08	0.31	0.97	0.71
210830_s_at	PON2	ADC	3.67	0.38	0.39	0.66	-0.92	-1.03	1.23	0.84	0.67
211024_s_at	NKX2-1	ADC	4.61	0.24	0.41	0.74	-1.72	-2.62	1.55	2.20	1.17
211695_x_at	MUC1	ADC	4.43	0.40	0.24	0.54	-1.34	-2.07	1.00	0.89	0.92
212325_at	LIMCH1	ADC	2.44	0.39	0.71	0.10	-1.48	-1.50	0.85	1.80	0.71
212327_at	LIMCH1	ADC	2.97	0.35	0.59	-0.24	-2.30	-2.44	0.51	1.68	1.07
212328_at	LIMCH1	ADC	2.67	0.48	0.51	-0.16	-1.93	-2.46	0.64	1.73	1.61
212444_at	---	ADC	5.28	0.40	0.15	0.39	-1.83	-3.43	0.84	1.59	1.54
213050_at	COBL	ADC	3.26	0.32	0.55	0.17	-1.73	-1.55	0.91	1.34	0.65
213094_at	GPR126	ADC	4.13	0.30	0.39	0.06	-2.00	-1.89	1.16	1.04	0.79
213693_s_at	MUC1	ADC	4.78	0.37	0.23	0.87	-1.21	-2.39	0.87	1.89	1.08
213695_at	PON3	ADC	5.39	0.24	0.31	1.01	-1.63	-1.98	1.11	1.95	1.25
213943_at	TWIST1	ADC	0.13	1.41	3.15	-0.83	1.43	1.57	0.50	1.96	1.10
214033_at	ABCC6	ADC	4.02	0.30	0.42	0.42	-1.70	-1.38	1.00	0.96	0.87
214469_at	HIST1H2AB /// HIST1H2AE	ADC	0.29	0.97	3.04	-0.29	0.91	1.63	0.47	1.29	0.53
214835_s_at	SUCLG2	ADC	2.22	0.64	0.50	0.55	-0.39	-0.71	0.70	0.51	0.51
216238_s_at	FGB	ADC	82.61	0.02	0.02	3.11	-0.74	-0.70	3.59	0.19	0.13
216836_s_at	ERBB2	ADC	2.37	0.68	0.40	0.93	-0.07	-0.97	0.40	1.07	0.50
217047_s_at	FAM13A1	ADC	2.44	0.51	0.56	0.39	-0.88	-1.24	0.61	1.30	0.48
217771_at	GOLM1	ADC	3.68	0.34	0.43	1.87	-0.06	0.13	0.70	0.80	0.57
217989_at	HSD17B11	ADC	2.06	0.56	0.67	0.09	-1.05	-0.84	0.55	0.55	0.58
218211_s_at	MLPH	ADC	5.57	0.22	0.32	0.59	-2.01	-1.85	1.03	1.38	0.91
218322_s_at	ACSL5	ADC	5.54	0.27	0.26	0.76	-1.73	-1.99	0.93	1.54	1.13
218701_at	LACTB2	ADC	4.10	0.29	0.42	1.07	-1.02	-0.68	1.02	0.97	0.73
218931_at	RAB17	ADC	2.20	0.41	0.80	0.35	-1.14	-0.57	0.59	0.96	0.46
218966_at	MYO5C	ADC	2.50	0.58	0.46	0.27	-1.01	-1.41	0.65	0.99	0.92
219105_x_at	ORC6L	ADC	0.47	1.73	1.23	0.27	1.39	1.22	0.52	0.42	0.76
219127_at	ATAD4	ADC	3.67	0.32	0.45	0.96	-1.19	-1.23	0.38	1.36	0.64
219497_s_at	BCL11A	ADC	0.15	2.15	1.99	-0.53	1.73	2.15	0.85	1.02	1.49
219498_s_at	BCL11A	ADC	0.14	2.39	1.85	-0.47	1.83	2.05	0.49	1.21	1.46
219529_at	CLIC3	ADC	3.17	0.43	0.43	-0.23	-1.62	-2.15	1.21	1.28	0.64
219543_at	PBLD	ADC	3.44	0.43	0.37	0.61	-0.64	-0.86	1.13	0.38	0.33
219580_s_at	TMC5	ADC	5.68	0.32	0.20	1.05	-1.25	-2.35	1.11	1.68	1.25
219615_s_at	KCNK5	ADC	4.00	0.28	0.44	1.10	-0.94	-0.54	1.06	0.81	0.52
219795_at	SLC6A14	ADC	11.24	0.17	0.10	0.94	-1.83	-2.99	1.91	1.56	1.32
219902_at	BHMT2	ADC	4.02	0.13	0.67	2.06	-0.80	0.11	1.36	1.80	0.22
220082_at	PPP1R14D	ADC	3.08	0.43	0.45	0.91	-0.30	-0.29	1.14	0.07	0.14
220180_at	CCDC68	ADC	2.72	0.48	0.50	-0.15	-1.51	-1.75	0.70	1.00	0.43
220187_at	STEAP4	ADC	3.24	0.46	0.38	-0.19	-1.42	-1.72	1.18	0.30	0.29
220192_x_at	SPDEF	ADC	3.17	0.43	0.44	0.89	-0.33	-0.38	1.09	0.40	0.19
220393_at	GLULD1	ADC	8.81	0.10	0.27	2.22	-0.68	0.20	2.13	1.47	0.72
221245_s_at	FZD5	ADC	2.29	0.50	0.63	0.07	-1.16	-1.27	0.77	1.11	0.60
222592_s_at	ACSL5	ADC	5.35	0.30	0.25	1.04	-1.14	-1.53	1.06	1.26	1.00
222798_at	PTER	ADC	2.62	0.54	0.46	1.13	-0.02	-0.26	0.84	0.52	0.50
222891_s_at	BCL11A	ADC	0.12	2.28	2.00	-0.63	2.17	2.28	1.00	1.23	1.38
222904_s_at	TMC5	ADC	5.69	0.30	0.21	1.04	-1.17	-1.79	1.09	1.09	0.92
223062_s_at	PSAT1	ADC	0.24	1.72	1.99	0.53	2.87	2.90	1.47	0.95	0.70
223168_at	RHOU	ADC	2.30	0.51	0.62	0.31	-0.95	-0.83	0.77	0.90	0.76
223232_s_at	CGN	ADC	5.80	0.24	0.27	0.99	-1.26	-1.50	1.04	1.25	0.44
223233_s_at	CGN	ADC	4.92	0.28	0.31	0.88	-1.39	-1.54	0.55	1.01	0.34
223315_at	NTN4	ADC	3.01	0.62	0.28	-0.23	-1.48	-2.69	0.90	1.13	1.01
223878_at	INPP4B	ADC	2.11	0.61	0.58	0.65	-0.23	-0.29	0.77	0.16	0.27
225571_at	LIFR	ADC	3.88	0.25	0.51	0.05	-1.81	-1.37	1.44	1.47	0.52
225687_at	FAM83D	ADC	0.33	1.94	1.45	0.28	1.86	1.89	0.72	0.33	0.99
225776_at	---	ADC	2.16	0.69	0.47	-0.18	-1.07	-1.73	0.43	0.88	0.34
225822_at	TMEM125	ADC	4.25	0.33	0.35	0.61	-1.56	-1.96	0.71	1.47	0.90
226213_at	ERBB3	ADC	4.08	0.42	0.27	1.46	-0.30	-1.44	0.70	1.66	0.71
226848_at	---	ADC	3.61	0.27	0.53	0.74	-1.05	-0.31	1.28	0.54	0.47
226992_at	NOSTRIN	ADC	4.37	0.31	0.35	-0.54	-2.04	-2.24	1.32	0.92	0.38
227038_at	SGMS2	ADC	3.94	0.44	0.27	-0.06	-1.76	-2.60	0.93	1.15	0.93
227081_at	DNALI1	ADC	4.44	0.23	0.45	0.15	-1.98	-1.81	1.48	1.34	0.42
227492_at	---	ADC	3.12	0.37	0.52	0.54	-1.21	-0.87	1.01	0.87	0.73
227771_at	LIFR	ADC	2.26	0.35	0.85	-0.09	-1.70	-1.08	0.80	1.36	0.43
227803_at	ENPP5	ADC	4.92	0.26	0.34	1.00	-1.60	-1.29	0.78	1.17	1.11
227808_at	DNAJC15	ADC	2.40	0.43	0.68	0.16	-1.32	-1.23	0.95	1.47	0.67
228806_at	RORC	ADC	4.52	0.32	0.32	0.85	-1.06	-1.27	1.08	0.84	0.58
229030_at	LOC644151	ADC	4.32	0.39	0.26	0.33	-1.18	-1.78	1.17	0.68	0.64
229150_at	---	ADC	7.40	0.21	0.20	0.70	-1.63	-1.79	1.40	1.09	0.98
229372_at	GOLT1A	ADC	3.88	0.28	0.47	0.79	-1.23	-0.77	1.03	0.66	0.24
229616_s_at	GRAMD2	ADC	3.88	0.36	0.37	0.28	-1.45	-1.47	1.03	0.76	0.70
230263_s_at	DOCK5	ADC	3.97	0.41	0.30	0.08	-1.46	-1.98	1.06	0.73	0.50
230349_at	XKRX	ADC	2.68	0.48	0.51	0.89	-0.25	-0.24	0.88	0.21	0.21
230831_at	FRMD5	ADC	2.75	0.38	0.62	1.01	-0.40	0.17	1.04	0.22	0.17
230875_s_at	ATP11A	ADC	4.28	0.24	0.46	0.55	-1.59	-1.01	1.41	1.07	0.80
230935_at	---	ADC	0.39	1.63	1.56	-0.35	0.98	0.84	0.25	0.89	0.49
230951_at	---	ADC	3.03	0.35	0.57	0.16	-1.52	-1.13	1.09	0.96	0.62
231022_at	---	ADC	2.74	0.43	0.55	0.19	-1.20	-1.01	1.00	0.71	0.52
232078_at	PVRL2	ADC	2.37	0.63	0.45	0.64	-0.31	-0.64	0.94	0.27	0.68
232151_at	7A5	ADC	4.17	0.37	0.31	0.56	-1.11	-1.60	1.36	1.16	0.95
232370_at	LOC254057	ADC	2.92	0.52	0.39	0.83	-0.27	-0.62	1.01	0.24	0.42
232381_s_at	DNAH5	ADC	3.27	0.25	0.64	0.56	-1.48	-0.72	1.07	1.08	0.48
233375_at	EFCAB2	ADC	2.09	0.50	0.73	0.26	-0.93	-0.61	0.62	0.72	0.35
234297_at	LOC731488 /// RGS8	ADC	3.59	0.33	0.46	0.68	-0.83	-0.55	1.28	0.60	0.31
235019_at	CPM	ADC	3.38	0.48	0.33	0.40	-1.02	-2.07	1.17	1.56	1.02
235046_at	---	ADC	3.15	0.38	0.50	0.37	-1.18	-1.06	1.09	0.98	0.54
235296_at	EIF5A2	ADC	0.33	2.55	1.06	-0.48	1.39	0.55	0.71	1.03	0.89
235299_at	---	ADC	2.88	0.32	0.66	0.85	-1.07	-0.81	0.57	1.62	0.42
235515_at	ALKBH6 /// C19orf46	ADC	2.99	0.49	0.41	1.22	-0.47	-0.53	0.65	0.70	1.00
236579_at	---	ADC	2.26	0.50	0.64	0.69	-0.49	-0.47	0.72	0.85	0.33
236795_at	---	ADC	2.05	0.47	0.79	0.16	-0.99	-0.66	0.76	0.85	0.31
236979_at	BCL2L15	ADC	2.17	0.69	0.47	0.92	0.10	-0.31	0.77	0.36	0.56
238862_at	MFSD4	ADC	2.53	0.54	0.50	0.59	-0.43	-0.55	0.92	0.13	0.21
240304_s_at	TMC5	ADC	4.90	0.32	0.27	1.17	-1.09	-2.19	1.09	2.25	1.15
241459_at	---	ADC	2.60	0.53	0.48	0.18	-1.19	-1.43	0.63	0.95	0.69
241716_at	HSPD1	ADC	0.36	1.70	1.58	-0.12	1.34	1.09	0.58	1.15	0.73
242271_at	SLC26A9	ADC	3.66	0.38	0.38	-0.01	-1.81	-1.82	0.66	0.39	0.50
242372_s_at	MFSD4	ADC	3.74	0.37	0.38	0.99	-0.48	-0.50	1.26	0.22	0.36
242722_at	LMO7	ADC	2.65	0.61	0.38	0.07	-0.84	-1.64	0.94	0.87	0.31
242931_at	LONRF3	ADC	3.10	0.25	0.70	-0.09	-2.39	-1.26	0.86	1.00	0.82
244056_at	SFTA2	ADC	8.12	0.24	0.13	0.63	-2.12	-4.28	1.98	2.33	2.28
35148_at	TJP3	ADC	2.81	0.40	0.57	0.62	-0.89	-0.56	0.95	0.85	0.71
1555867_at	GNG4	LCC	0.20	0.12	12.78	-0.19	-0.54	2.60	1.15	2.45	0.23
1557078_at	SLFN5	LCC	1.37	1.42	0.33	0.27	0.42	-1.21	0.80	0.62	0.64
1557430_at	LOC147670	LCC	0.53	0.44	3.46	-0.05	-0.36	1.05	0.20	1.28	0.10
200660_at	S100A11	LCC	1.22	1.65	0.30	0.43	0.75	-1.22	0.48	0.73	0.45
200783_s_at	STMN1	LCC	0.44	0.59	3.36	0.12	0.40	2.04	0.72	0.55	0.65
200862_at	DHCR24	LCC	1.30	1.34	0.43	-0.09	-0.04	-1.60	0.48	1.15	0.60
200872_at	S100A10	LCC	1.80	1.03	0.35	0.03	-0.10	-1.52	0.98	0.72	0.16
201292_at	TOP2A	LCC	0.51	0.85	2.29	1.29	1.76	2.90	0.98	0.46	0.91
201310_s_at	C5orf13	LCC	0.35	0.43	4.82	-0.21	-0.03	1.56	0.75	1.38	0.56
201650_at	JUP /// KRT19	LCC	0.68	3.38	0.18	0.79	2.22	-2.55	0.84	2.97	0.65
201774_s_at	NCAPD2	LCC	0.46	0.88	2.40	0.27	0.86	1.75	0.49	0.68	0.51
201798_s_at	FER1L3	LCC	2.02	0.92	0.33	0.27	-0.12	-1.50	0.83	0.86	0.45
202286_s_at	TACSTD2	LCC	1.51	1.65	0.13	0.99	1.23	-2.73	0.76	1.85	0.52
202357_s_at	C2 /// CFB	LCC	2.81	0.75	0.21	1.50	0.54	-1.40	1.06	1.75	1.01
202517_at	CRMP1	LCC	0.45	0.85	2.53	-0.47	0.00	0.83	0.23	1.07	0.68
202954_at	UBE2C	LCC	0.51	0.77	2.49	1.10	1.41	2.64	0.85	0.65	0.90
203228_at	PAFAH1B3	LCC	0.64	0.63	2.35	0.74	0.61	1.74	0.47	0.92	0.56
203234_at	UPP1	LCC	1.75	1.09	0.32	0.39	0.15	-1.36	0.86	0.89	0.68
203407_at	PPL	LCC	1.11	2.05	0.20	-0.05	0.65	-2.10	1.00	1.16	0.82
203440_at	CDH2	LCC	0.43	0.33	4.73	-0.28	-0.20	2.44	1.42	1.61	1.18
203441_s_at	CDH2	LCC	0.71	0.56	2.31	-0.04	-0.10	1.12	0.80	0.87	0.32
203702_s_at	TTLL4	LCC	0.66	0.57	2.44	0.13	-0.14	1.10	0.41	0.93	0.51
203755_at	BUB1B	LCC	0.36	0.98	2.61	0.82	1.80	2.62	0.71	0.86	0.70
203849_s_at	KIF1A	LCC	0.24	0.25	8.32	-0.13	-0.23	2.77	0.47	0.85	0.45
204026_s_at	ZWINT	LCC	0.59	0.84	2.04	0.86	1.20	2.01	0.54	0.57	0.39
204092_s_at	AURKA	LCC	0.52	0.90	2.14	0.63	1.11	1.99	0.56	0.42	0.59
204146_at	RAD51AP1	LCC	0.53	0.64	2.75	0.86	1.08	2.62	1.05	0.57	0.91
204260_at	CHGB	LCC	0.08	0.12	23.05	-0.61	-0.39	1.86	0.51	2.79	0.47
204388_s_at	MAOA	LCC	0.83	2.71	0.21	-0.66	0.46	-2.83	1.09	1.38	0.60
204389_at	MAOA	LCC	0.71	2.90	0.27	-0.74	0.46	-2.10	0.86	0.91	0.71
204519_s_at	PLLP	LCC	1.35	1.41	0.35	-0.52	-0.31	-2.23	0.82	1.18	0.55
204641_at	NEK2	LCC	0.57	0.53	2.92	1.13	1.34	3.03	1.20	0.22	0.37
204867_at	GCHFR	LCC	1.41	1.27	0.40	-0.04	-0.08	-1.46	0.50	0.76	0.58
204913_s_at	SOX11	LCC	0.18	0.09	14.75	0.03	-0.51	2.23	1.23	2.75	0.16
204914_s_at	SOX11	LCC	0.18	0.10	14.11	-0.07	-0.40	2.39	1.23	2.62	0.30
204993_at	GNAZ	LCC	0.49	0.58	3.11	-0.17	-0.06	1.43	0.59	0.84	0.58
205122_at	TMEFF1	LCC	0.23	0.49	5.76	-0.30	0.26	2.35	0.68	1.14	0.98
205123_s_at	TMEFF1	LCC	0.38	0.55	3.88	-0.21	0.03	1.27	0.26	1.31	0.45
205184_at	GNG4	LCC	0.27	0.29	7.15	-0.26	-0.32	1.85	0.66	1.85	0.51
205413_at	MPPED2	LCC	0.07	0.10	27.62	-0.60	-0.35	2.36	0.24	2.93	0.47
205445_at	PRL	LCC	0.14	0.16	14.87	-0.09	-0.10	2.00	0.21	2.58	0.22
205472_s_at	DACH1	LCC	0.18	0.25	10.07	-0.68	-0.52	1.52	0.32	2.30	0.50
205709_s_at	CDS1	LCC	1.68	1.06	0.38	0.55	0.16	-1.33	0.51	1.42	0.80
205741_s_at	DTNA	LCC	0.50	0.42	3.72	-0.38	-0.57	1.03	0.58	1.14	0.18
205751_at	SH3GL2	LCC	0.65	0.35	3.22	-0.20	-0.54	1.28	0.99	1.26	0.14
205938_at	PPM1E	LCC	0.27	0.29	7.12	-0.14	-0.25	1.53	0.32	1.72	0.23
206051_at	ELAVL4	LCC	0.54	0.59	2.85	-0.21	-0.22	0.93	0.18	1.21	0.22
206135_at	ST18	LCC	0.07	0.06	34.29	-0.12	-0.34	2.42	0.53	2.87	0.15
206290_s_at	RGS7	LCC	0.52	0.50	3.28	-0.20	-0.30	0.99	0.40	1.40	0.12
206502_s_at	INSM1	LCC	0.12	0.07	22.48	-0.06	-0.68	2.65	0.97	2.87	0.25
207120_at	ZNF667	LCC	0.43	0.45	3.99	-0.23	-0.27	1.23	0.39	1.48	0.19
207401_at	PROX1	LCC	0.32	0.24	6.84	-0.04	-0.37	1.70	0.78	1.86	0.28
207625_s_at	CBFA2T2	LCC	0.58	0.57	2.71	-0.12	-0.21	1.29	0.42	0.34	0.36
207828_s_at	CENPF	LCC	0.45	0.78	2.71	0.92	1.62	2.85	1.03	0.48	0.63
207981_s_at	ESRRG	LCC	0.14	0.12	16.24	-0.32	-0.52	2.97	0.91	1.95	0.32
208079_s_at	AURKA	LCC	0.53	0.92	2.07	0.74	1.30	2.08	0.74	0.52	0.53
208510_s_at	PPARG	LCC	2.11	0.90	0.31	-0.12	-0.69	-1.86	0.81	0.50	0.71
209172_s_at	CENPF	LCC	0.49	0.57	3.12	0.43	0.72	2.36	0.98	0.65	0.71
209173_at	AGR2	LCC	4.43	0.57	0.08	1.47	0.02	-3.11	2.07	2.23	1.83
209211_at	KLF5	LCC	0.81	2.92	0.17	0.25	1.45	-1.70	0.95	1.00	0.67
209270_at	LAMB3	LCC	1.64	1.46	0.16	0.57	0.68	-2.16	0.98	1.04	0.69
209373_at	MALL	LCC	1.78	1.17	0.26	0.22	0.13	-2.23	1.25	1.41	1.00
209550_at	NDN	LCC	0.48	0.87	2.37	-1.21	-0.66	0.31	0.79	0.75	0.87
209642_at	BUB1	LCC	0.46	0.71	2.83	0.94	1.42	2.79	1.03	0.50	0.70
209679_s_at	LOC57228	LCC	1.31	1.51	0.32	0.48	0.75	-1.00	0.70	0.45	0.40
209966_x_at	ESRRG	LCC	0.14	0.13	16.13	-0.08	-0.22	2.71	0.71	2.23	0.35
210036_s_at	KCNH2	LCC	0.43	0.31	4.81	-0.23	-0.42	1.68	0.99	1.31	0.27
210052_s_at	TPX2	LCC	0.45	0.79	2.68	1.06	1.61	2.72	0.78	0.77	0.63
210367_s_at	PTGES	LCC	1.68	1.22	0.27	0.99	0.75	-0.89	0.81	0.74	0.98
210683_at	NRTN	LCC	0.49	0.63	2.99	-0.25	-0.02	1.18	0.44	1.00	0.23
211026_s_at	MGLL	LCC	1.93	1.11	0.24	-0.23	-0.57	-2.53	0.85	0.96	0.76
211080_s_at	NEK2	LCC	0.57	0.80	2.17	0.16	0.41	1.29	0.46	0.75	0.53
212268_at	SERPINB1	LCC	2.21	0.96	0.23	0.25	-0.18	-2.29	0.91	1.45	0.54
212531_at	LCN2	LCC	2.37	1.05	0.11	1.50	0.77	-1.78	1.32	1.35	1.67
212607_at	AKT3	LCC	0.53	0.53	3.09	-1.01	-1.03	0.60	1.10	1.05	0.77
212741_at	MAOA	LCC	1.44	1.47	0.26	-0.62	-0.45	-3.46	0.94	1.70	0.66
213056_at	FRMD4B	LCC	1.69	1.03	0.40	-0.08	-0.38	-1.60	0.65	0.90	0.51
213245_at	ADCY1	LCC	0.47	0.33	4.37	-0.11	-0.48	1.50	0.69	1.36	0.21
213479_at	NPTX2	LCC	0.12	0.10	19.66	-0.46	-0.41	3.00	1.18	2.63	0.60
213492_at	COL2A1	LCC	0.19	0.24	9.72	-0.28	-0.20	2.09	0.21	2.04	0.21
213506_at	F2RL1	LCC	1.30	1.90	0.13	0.87	1.47	-1.52	1.19	0.51	0.81
213712_at	ELOVL2	LCC	0.35	0.41	4.95	-0.22	-0.11	1.89	0.61	1.23	0.50
214097_at	RPS21	LCC	0.50	0.76	2.55	-0.04	0.34	1.38	0.68	0.87	0.66
214162_at	LOC284244	LCC	0.59	0.66	2.45	-0.25	-0.19	0.76	0.22	1.00	0.18
214933_at	CACNA1A	LCC	0.28	0.48	5.21	-0.35	0.02	1.54	0.39	1.73	0.71
215143_at	DPY19L2P2	LCC	0.28	0.24	7.49	-0.17	-0.51	1.68	0.34	1.91	0.11
215767_at	ZNF804A	LCC	0.62	0.61	2.47	-0.24	-0.35	0.68	0.23	1.04	0.21
217404_s_at	COL2A1	LCC	0.42	0.48	3.94	-0.19	-0.16	1.26	0.18	1.43	0.20
217728_at	S100A6	LCC	1.91	0.99	0.32	0.26	-0.10	-1.78	0.67	1.26	0.33
218186_at	RAB25	LCC	1.84	0.99	0.36	1.01	0.65	-2.01	0.54	2.50	0.22
218397_at	FANCL	LCC	0.61	0.61	2.51	0.36	0.23	1.52	0.65	0.94	0.77
218677_at	S100A14	LCC	1.99	1.19	0.16	0.76	0.26	-2.25	1.02	1.48	1.47
218829_s_at	CHD7	LCC	0.64	0.47	2.85	0.12	-0.30	1.45	0.61	0.65	0.59
218888_s_at	NETO2	LCC	0.61	0.72	2.22	0.23	0.45	1.70	1.02	0.41	0.76
218959_at	HOXC10	LCC	0.25	0.22	8.36	0.24	0.20	2.80	1.29	1.98	1.03
219014_at	PLAC8	LCC	1.13	2.17	0.14	0.18	0.49	-2.66	1.17	1.54	1.56
219170_at	FSD1	LCC	0.68	0.70	2.08	-0.02	-0.05	0.86	0.39	0.83	0.34
219476_at	C1orf116	LCC	4.29	0.46	0.19	0.15	-1.02	-3.16	1.41	1.73	0.62
219537_x_at	DLL3	LCC	0.60	0.48	2.99	0.13	-0.17	1.26	0.47	1.24	0.26
219740_at	VASH2	LCC	0.46	0.47	3.73	0.05	-0.11	1.69	0.45	1.01	0.61
220167_s_at	LOC729355 /// TP53TG3	LCC	0.45	0.46	3.88	-0.21	-0.25	1.35	0.47	1.22	0.24
221591_s_at	FAM64A	LCC	0.66	0.59	2.40	0.52	0.40	1.75	0.62	0.51	0.38
221959_at	FAM110B	LCC	0.53	0.76	2.41	-0.54	-0.23	0.66	0.32	0.91	0.33
222549_at	CLDN1	LCC	0.70	3.62	0.11	0.37	1.51	-1.96	1.16	0.96	1.42
222771_s_at	MYEF2	LCC	0.74	0.36	2.88	0.06	-0.72	1.36	1.03	0.91	0.76
222797_at	DPYSL5	LCC	0.40	0.51	3.94	-0.21	-0.04	1.45	0.29	1.08	0.16
223307_at	CDCA3	LCC	0.45	0.87	2.50	0.73	1.51	2.48	0.88	0.52	0.44
223374_s_at	B3GALNT1	LCC	0.42	0.51	3.77	-0.87	-0.63	1.02	0.88	1.14	0.65
223381_at	NUF2	LCC	0.55	0.70	2.49	1.15	1.43	2.83	1.03	0.45	0.95
223523_at	TMEM108	LCC	0.42	0.25	5.41	-0.93	-1.38	0.72	1.00	1.80	0.30
223540_at	PVRL4	LCC	1.39	1.37	0.34	0.93	1.08	-0.51	0.72	0.56	0.48
223591_at	RNF135	LCC	1.52	1.07	0.47	0.33	0.12	-0.94	0.55	0.76	0.39
223614_at	C8orf57	LCC	0.49	0.53	3.29	-0.20	-0.08	1.31	0.76	1.17	0.46
223627_at	MEX3B	LCC	0.44	0.55	3.54	-0.11	0.00	1.23	0.15	1.24	0.28
224414_s_at	CARD6	LCC	1.38	1.22	0.44	-0.24	-0.31	-1.51	0.55	0.78	0.64
224521_s_at	CCDC77	LCC	0.57	0.67	2.51	-0.05	0.09	1.31	0.51	0.56	0.34
224650_at	MAL2	LCC	1.74	1.16	0.28	0.68	0.47	-2.30	0.74	2.70	0.60
225482_at	KIF1A	LCC	0.35	0.33	5.62	-0.19	-0.40	2.25	0.61	0.58	0.53
225613_at	LOC100128443 /// MAST4	LCC	1.02	1.97	0.31	-0.37	0.10	-1.85	0.57	0.65	0.87
225745_at	LRP6	LCC	0.69	0.52	2.49	-0.27	-0.68	0.99	0.82	0.57	0.82
225834_at	FAM72A /// FAM72B /// GCUD2	LCC	0.46	0.78	2.68	0.60	0.98	2.24	0.80	0.88	0.93
226147_s_at	PIGR	LCC	2.02	0.85	0.38	0.32	-0.11	-3.39	1.26	3.19	0.83
226269_at	GDAP1	LCC	0.42	0.43	4.22	-0.29	-0.22	1.53	0.95	1.31	0.42
226285_at	CAPRIN1	LCC	0.52	0.90	2.14	-0.27	0.24	0.93	0.43	0.78	0.38
226346_at	MEX3A	LCC	0.49	0.40	3.85	0.34	0.11	1.87	0.71	1.18	0.21
226560_at	---	LCC	2.24	0.91	0.25	0.82	0.21	-1.77	0.73	1.58	0.67
226610_at	PRR6	LCC	0.32	0.66	3.91	-0.19	0.47	2.36	1.05	0.69	1.18
226612_at	FLJ25076	LCC	0.16	0.26	10.60	-0.66	-0.24	1.70	0.48	2.05	0.56
226618_at	FLJ25076	LCC	0.51	0.67	2.75	-0.36	-0.15	0.73	0.19	1.14	0.21
226809_at	FLJ30428	LCC	0.16	0.16	13.14	0.13	0.10	3.09	1.17	2.33	0.73
226933_s_at	ID4	LCC	0.49	0.72	2.66	-0.83	-0.25	0.83	0.92	0.88	0.46
226960_at	CXCL17	LCC	3.14	0.62	0.24	0.63	-0.25	-3.37	1.61	2.29	0.82
227134_at	SYTL1	LCC	1.22	1.65	0.30	0.28	0.75	-1.43	0.94	1.23	0.51
227188_at	C21orf63	LCC	1.45	1.48	0.24	-0.09	0.17	-2.05	1.04	0.93	0.53
227230_s_at	KIAA1211	LCC	0.35	0.24	6.47	-0.03	-0.52	1.89	0.83	1.61	0.43
227512_at	MEX3A	LCC	0.60	0.44	3.10	0.46	0.07	1.83	0.61	0.84	0.31
227525_at	GLCCI1	LCC	0.86	0.48	2.13	-0.44	-0.93	0.51	0.78	0.61	0.32
227545_at	---	LCC	0.57	0.43	3.30	0.56	0.37	2.21	1.13	1.06	0.63
227593_at	FLJ37453	LCC	0.39	0.70	3.26	-0.41	0.01	1.28	0.59	1.13	0.88
227612_at	ELAVL3	LCC	0.08	0.11	23.62	-0.35	-0.23	2.50	0.19	2.92	0.12
227647_at	KCNE3	LCC	1.19	1.62	0.34	0.22	0.43	-1.28	0.58	0.85	0.80
227746_at	ELAVL1	LCC	0.40	0.73	3.12	-0.52	-0.16	1.17	0.29	0.83	0.83
227998_at	S100A16	LCC	1.36	1.64	0.22	0.49	0.92	-1.60	0.84	0.85	0.23
228107_at	LOC100127983	LCC	0.39	0.49	4.10	-0.59	-0.47	0.97	0.22	1.43	0.18
228241_at	AGR3	LCC	2.72	0.86	0.15	0.15	-1.06	-4.30	1.43	2.34	2.48
228245_s_at	LOC100132881 /// LOC728715 /// OVOS /// OVOS2	LCC	0.33	0.41	5.19	-0.35	-0.31	1.97	1.16	1.25	1.34
228291_s_at	C20orf19	LCC	0.56	0.66	2.57	-0.38	-0.37	0.77	0.31	0.98	0.60
228547_at	NRXN1	LCC	0.25	0.30	7.52	-0.41	-0.37	1.28	0.13	1.88	0.15
228708_at	RAB27B	LCC	3.36	0.59	0.23	0.46	-0.65	-2.40	1.02	1.78	0.84
228882_at	TUB	LCC	0.32	0.73	3.65	-0.81	-0.13	1.22	0.45	1.01	0.79
228906_at	TET1	LCC	0.39	0.58	3.67	0.00	0.32	1.64	0.74	1.36	0.79
229057_at	SCN2A	LCC	0.33	0.34	5.68	-0.14	-0.19	1.45	0.49	1.84	0.14
229349_at	LIN28B	LCC	0.16	0.18	12.92	-0.28	-0.31	2.01	0.21	2.30	0.12
229442_at	C18orf54	LCC	0.40	0.34	4.94	0.01	-0.21	1.89	0.62	1.32	0.25
229610_at	CKAP2L	LCC	0.53	0.73	2.49	0.47	0.61	1.84	0.53	0.69	0.79
229921_at	---	LCC	0.64	0.48	2.82	0.02	-0.32	1.14	0.48	1.03	0.19
230193_at	WDR66	LCC	0.96	2.84	0.06	1.05	2.83	-1.53	2.15	0.60	0.85
230407_at	---	LCC	0.61	0.56	2.65	-0.25	-0.42	1.14	0.55	0.43	0.61
230664_at	H2BFM /// H2BFXP	LCC	0.38	0.41	4.68	-0.28	-0.30	1.38	0.36	1.55	0.34
230861_at	DKFZP434L187	LCC	0.42	0.53	3.72	-0.17	-0.04	1.10	0.10	1.46	0.16
231936_at	HOXC9	LCC	0.24	0.21	9.06	0.16	0.04	2.85	1.00	1.87	0.68
232038_at	C6orf170	LCC	0.53	0.73	2.51	-0.15	0.02	1.03	0.40	0.96	0.67
232282_at	WNK3	LCC	0.40	0.23	5.93	0.17	-0.33	1.87	0.99	1.86	0.27
233300_at	---	LCC	0.59	0.63	2.51	0.05	0.10	1.36	0.68	0.69	0.51
233536_at	ASXL3	LCC	0.65	0.61	2.37	-0.28	-0.41	0.65	0.29	1.05	0.18
234192_s_at	GKAP1	LCC	0.67	0.37	3.06	-0.17	-0.78	1.11	0.74	0.94	0.31
235343_at	VASH2	LCC	0.36	0.23	6.37	0.23	-0.39	1.97	0.67	1.68	0.43
235352_at	---	LCC	1.69	1.04	0.39	0.07	-0.28	-1.64	0.56	1.28	0.62
235759_at	---	LCC	0.28	0.34	6.38	-0.92	-0.82	0.91	0.35	1.95	0.22
235762_at	TAS2R14	LCC	0.52	0.54	3.10	-0.20	-0.35	1.04	0.34	1.02	0.60
236236_at	---	LCC	0.62	0.30	3.62	0.22	-0.43	1.62	0.99	1.31	0.37
236302_at	PPM1E	LCC	0.34	0.05	9.51	0.31	-0.77	2.69	1.92	2.42	0.25
236635_at	ZNF667	LCC	0.44	0.37	4.36	-0.24	-0.48	1.33	0.62	1.54	0.30
236641_at	KIF14	LCC	0.50	0.62	2.95	0.65	0.90	2.50	0.96	0.46	0.76
237116_at	LOC646903	LCC	0.54	0.53	3.04	-0.06	-0.15	1.20	0.31	1.08	0.15
237248_at	PDE11A	LCC	0.35	0.44	4.78	-0.10	0.02	1.52	0.14	1.63	0.24
237305_at	---	LCC	0.43	0.47	3.89	-0.11	-0.11	1.35	0.26	1.37	0.18
238073_at	ELAVL4	LCC	0.37	0.34	5.32	-0.10	-0.36	1.41	0.16	1.72	0.13
238763_at	RBM20	LCC	0.41	0.51	3.87	-0.35	-0.22	1.11	0.11	1.40	0.14
238850_at	LOC645323	LCC	0.44	0.53	3.61	-0.18	-0.08	1.05	0.14	1.43	0.22
239466_at	LOC344595	LCC	0.41	0.52	3.79	-0.39	-0.27	0.97	0.48	1.43	0.52
240084_at	CBX2	LCC	0.61	0.76	2.15	0.02	0.17	1.16	0.52	0.60	0.58
242301_at	CBLN2	LCC	0.32	0.44	5.03	-0.20	-0.07	1.53	0.17	1.65	0.50
242822_at	MGC39584	LCC	0.32	0.35	5.77	-0.26	-0.28	1.68	0.20	1.55	0.17
243932_at	---	LCC	0.54	0.61	2.77	-0.14	-0.10	0.92	0.11	1.24	0.12
244660_at	ELAVL1	LCC	0.33	0.43	5.08	-0.38	-0.23	1.29	0.24	1.42	0.32
244780_at	SGPP2	LCC	1.71	1.25	0.24	1.15	1.09	-1.35	1.02	1.79	0.75
39248_at	AQP3	LCC	2.34	0.99	0.16	0.24	-0.39	-3.23	1.29	1.97	1.50
40016_g_at	LOC100128443 /// MAST4	LCC	1.05	1.83	0.35	-0.23	0.28	-1.61	0.41	0.69	0.42
1552291_at	PIGX	SCC	0.42	2.90	0.70	0.02	1.42	0.22	0.51	1.13	1.29
1552477_a_at	IRF6	SCC	0.35	4.88	0.34	0.10	2.24	-0.35	0.60	1.09	0.76
1553605_a_at	ABCA13	SCC	0.16	13.57	0.09	-0.26	2.17	-0.86	1.01	0.19	2.40
1554018_at	GPNMB	SCC	0.46	3.86	0.35	-0.35	1.79	-0.40	1.67	0.73	0.87
1554556_a_at	ATP11B	SCC	0.31	4.40	0.51	-0.02	1.84	0.35	0.26	0.44	1.18
1554667_s_at	METTL8	SCC	0.41	2.63	0.83	0.06	1.55	0.75	0.51	0.47	0.96
1555007_s_at	WDR66	SCC	0.41	3.98	0.40	-0.28	1.08	-0.46	0.54	0.43	1.59
1556793_a_at	FAM83C	SCC	0.13	12.03	0.20	-0.50	2.75	-0.23	0.09	0.14	1.19
1559606_at	GBP6	SCC	0.09	19.12	0.12	-0.51	3.45	-0.56	0.11	0.09	0.97
1559607_s_at	GBP6	SCC	0.05	38.23	0.06	-0.74	4.19	-0.84	0.39	0.15	1.09
1563111_a_at	PIGX	SCC	0.38	3.54	0.57	-0.04	1.85	0.13	0.60	0.87	0.78
1564064_a_at	ATP11B	SCC	0.33	4.34	0.48	-0.10	1.99	0.23	0.69	0.57	0.96
1568932_at	---	SCC	0.32	4.98	0.37	-0.36	1.32	-0.42	0.12	0.13	1.29
201249_at	SLC2A1	SCC	0.41	3.31	0.57	-0.25	1.45	-0.14	0.34	0.67	0.68
201250_s_at	SLC2A1	SCC	0.30	4.43	0.52	0.39	3.10	0.30	1.13	1.86	0.42
202219_at	SLC6A8	SCC	0.25	6.88	0.28	-0.31	3.08	0.24	1.39	0.94	0.97
202504_at	TRIM29	SCC	0.17	13.20	0.10	-0.65	3.82	-0.85	1.90	1.37	0.79
202597_at	IRF6	SCC	0.48	2.99	0.56	0.04	1.64	-0.19	0.40	1.15	0.38
202804_at	ABCC1	SCC	0.49	2.42	0.76	-0.03	1.42	0.14	0.56	0.91	0.45
202912_at	ADM	SCC	0.36	3.42	0.63	-0.91	1.43	-0.69	1.11	1.86	0.55
203074_at	ANXA8 /// ANXA8L1 /// ANXA8L2	SCC	0.26	7.92	0.18	-1.61	1.52	-1.82	1.31	0.77	1.12
203797_at	VSNL1	SCC	0.13	7.01	0.51	-1.11	2.79	0.10	1.06	1.73	0.70
204060_s_at	PRKX /// PRKY	SCC	0.49	2.35	0.88	-0.09	0.65	0.26	0.66	0.97	1.00
204061_at	PRKX	SCC	0.35	2.40	1.07	-0.23	1.37	0.50	0.63	1.20	1.02
204136_at	COL7A1	SCC	0.32	5.03	0.36	-0.36	1.62	-0.48	0.49	0.66	1.09
204203_at	CEBPG	SCC	0.41	2.98	0.69	-0.11	1.50	0.20	0.43	0.77	0.75
204268_at	S100A2	SCC	0.19	14.45	0.03	0.16	4.92	-1.46	1.92	1.42	0.77
204455_at	DST	SCC	0.07	30.69	0.06	-0.45	4.17	-1.29	1.07	1.23	1.49
204469_at	PTPRZ1	SCC	0.09	26.09	0.04	-0.53	4.44	-1.00	1.48	0.69	1.06
204614_at	SERPINB2	SCC	0.15	10.02	0.26	-0.94	1.74	-0.53	0.18	0.28	1.78
204653_at	TFAP2A	SCC	0.33	3.77	1.98	0.43	2.17	1.27	1.39	2.44	0.87
204734_at	KRT15	SCC	0.09	23.51	0.06	-0.19	4.63	-0.98	1.63	1.44	1.06
204952_at	LYPD3	SCC	0.26	7.36	0.21	0.05	2.48	-0.32	1.03	0.87	1.54
204971_at	CSTA	SCC	0.18	11.45	0.13	-0.76	2.62	-2.40	0.98	2.53	0.83
205014_at	FGFBP1	SCC	0.09	24.37	0.06	-0.86	3.48	-1.41	1.06	0.38	1.31
205064_at	SPRR1B	SCC	0.06	42.61	0.02	-0.52	4.65	-1.07	1.55	0.20	1.99
205157_s_at	KRT17	SCC	0.06	25.58	0.11	-0.91	4.04	-0.74	1.19	1.52	1.17
205379_at	CBR3	SCC	0.43	4.29	0.31	-0.02	1.92	-0.67	0.78	0.90	0.71
205623_at	ALDH3A1	SCC	0.06	28.91	0.10	-0.78	4.13	-0.79	0.88	1.38	1.36
205724_at	PKP1	SCC	0.37	4.14	0.43	-0.10	1.82	-0.09	0.46	0.39	0.81
205816_at	ITGB8	SCC	0.47	3.41	0.45	0.01	1.34	-0.01	0.80	0.53	1.26
206122_at	SOX15	SCC	0.51	3.01	0.50	-0.13	1.44	-0.09	0.88	0.59	0.91
206156_at	GJB5	SCC	0.31	5.67	0.29	-0.15	2.14	-0.44	0.48	0.41	0.79
206164_at	CLCA2	SCC	0.07	26.84	0.09	-0.94	3.30	-0.96	0.15	0.16	1.52
206165_s_at	CLCA2	SCC	0.02	92.80	0.03	-1.38	4.79	-1.23	0.15	0.46	1.58
206166_s_at	CLCA2	SCC	0.05	37.97	0.07	-0.97	3.87	-0.82	0.12	0.20	1.72
206307_s_at	FOXD1	SCC	0.64	2.74	0.81	0.33	1.67	0.79	1.57	1.51	1.14
206912_at	FOXE1	SCC	0.04	38.68	0.08	-0.58	4.20	-0.35	0.43	1.03	1.85
207469_s_at	PIR	SCC	0.31	2.79	0.99	-0.53	1.59	-0.34	1.02	2.09	0.84
207602_at	TMPRSS11D	SCC	0.09	19.64	0.11	-0.26	3.48	-0.29	0.40	0.16	1.61
207675_x_at	ARTN	SCC	0.26	4.99	0.50	-0.13	2.17	0.08	0.45	1.10	1.17
207935_s_at	KRT13	SCC	0.01	152.16	0.02	-1.12	5.17	-1.14	0.31	0.16	2.03
208539_x_at	SPRR2B	SCC	0.06	29.75	0.08	-0.53	3.59	-0.56	0.27	0.47	1.89
208836_at	ATP1B3	SCC	0.40	3.40	0.56	-0.62	1.28	-0.41	0.67	0.63	0.49
209125_at	KRT6A	SCC	0.04	64.32	0.01	-0.96	6.83	-1.49	2.13	0.78	0.68
209126_x_at	KRT6B	SCC	0.09	25.31	0.05	-0.50	4.23	-1.07	1.00	0.28	0.61
209203_s_at	BICD2	SCC	0.33	3.87	0.57	-0.58	1.33	-0.17	0.30	0.53	0.92
209260_at	SFN	SCC	0.43	4.97	0.20	0.30	2.39	-1.26	0.85	1.75	0.67
209351_at	KRT14	SCC	0.01	220.32	0.01	-1.07	5.24	-0.91	0.50	0.38	2.50
209380_s_at	ABCC5	SCC	0.24	6.74	0.30	-0.23	2.56	-0.05	0.80	0.22	0.72
209652_s_at	PGF	SCC	0.51	3.01	0.50	-0.14	1.26	-0.26	0.48	0.33	0.82
209719_x_at	SERPINB3	SCC	0.15	10.97	0.21	-0.87	2.83	-0.60	1.45	1.42	1.74
209800_at	KRT16	SCC	0.06	31.35	0.07	-0.51	3.50	-0.70	0.66	0.79	1.95
210020_x_at	CALML3	SCC	0.08	20.73	0.12	-0.49	4.37	-0.19	1.23	1.35	1.22
210180_s_at	SFRS10	SCC	0.42	2.73	0.77	-0.56	1.14	0.04	0.70	0.61	0.70
210237_at	ARTN	SCC	0.34	3.43	0.68	0.00	1.89	0.45	0.61	0.96	0.99
210505_at	ADH7	SCC	0.07	25.28	0.09	-0.72	3.50	-0.75	0.15	0.17	1.27
210854_x_at	SLC6A8	SCC	0.19	6.26	0.47	-0.19	2.94	0.78	0.92	0.97	0.92
211002_s_at	TRIM29	SCC	0.36	5.32	0.25	-0.17	2.13	-0.54	0.98	0.44	0.94
211194_s_at	TP63	SCC	0.13	13.33	0.16	-0.48	2.74	-0.57	0.16	0.45	1.31
211361_s_at	SERPINB13	SCC	0.05	35.59	0.07	-0.68	3.26	-0.58	0.09	0.13	2.30
212236_x_at	KRT17	SCC	0.08	18.33	0.15	-0.71	3.88	-0.55	1.22	1.51	0.97
212702_s_at	BICD2	SCC	0.35	3.77	0.57	-0.59	1.31	-0.14	0.43	0.16	0.90
212810_s_at	SLC1A4	SCC	0.45	2.58	0.77	-0.03	1.59	0.33	0.82	1.28	0.65
213110_s_at	COL4A5	SCC	0.24	4.36	0.67	-1.37	1.12	-1.03	0.72	1.76	1.06
213139_at	SNAI2	SCC	0.39	3.61	0.54	-0.91	1.38	-0.68	1.27	1.33	0.62
213154_s_at	BICD2	SCC	0.35	3.74	0.56	-0.62	1.20	-0.21	0.41	0.21	0.92
213680_at	KRT6B	SCC	0.01	124.00	0.03	-1.21	5.99	-0.82	0.85	1.36	1.15
213707_s_at	DLX5	SCC	0.21	3.38	1.01	-0.46	1.67	0.60	0.20	1.34	1.27
213796_at	SPRR1A	SCC	0.01	232.64	0.01	-0.91	5.46	-1.12	0.54	0.17	2.53
213843_x_at	SLC6A8	SCC	0.17	6.91	0.42	-0.31	3.06	0.67	1.03	1.02	0.87
213992_at	COL4A6	SCC	0.20	8.33	0.25	-0.91	1.41	-0.90	0.23	0.36	1.68
214549_x_at	SPRR1A	SCC	0.11	17.60	0.10	-0.27	2.97	-0.56	0.66	0.23	1.84
214580_x_at	KRT6A /// KRT6B /// KRT6C	SCC	0.07	35.21	0.03	-0.80	4.95	-1.17	1.40	0.33	0.31
215812_s_at	LOC653562 /// SLC6A10P /// SLC6A8	SCC	0.23	5.76	0.44	-0.21	2.62	0.44	0.87	0.95	0.91
216918_s_at	DST	SCC	0.23	7.85	0.23	-0.35	2.12	-0.64	0.36	0.32	1.33
217272_s_at	SERPINB13	SCC	0.02	91.29	0.03	-1.00	4.74	-0.80	0.14	0.19	1.83
217312_s_at	COL7A1	SCC	0.46	3.35	0.48	-0.27	1.28	-0.38	0.46	0.40	0.79
217528_at	CLCA2	SCC	0.02	86.63	0.03	-1.36	4.47	-1.27	0.12	0.30	2.05
217744_s_at	PERP	SCC	0.41	4.61	0.29	0.44	2.47	-0.94	0.47	2.24	0.33
218847_at	IGF2BP2	SCC	0.57	3.21	0.35	-0.04	1.45	-1.00	0.78	1.24	0.71
218990_s_at	SPRR3	SCC	0.03	88.82	0.01	-0.35	5.02	-1.01	1.32	0.15	2.67
219412_at	RAB38	SCC	0.64	3.46	0.59	0.19	1.07	-0.58	1.30	1.56	0.85
219522_at	FJX1	SCC	0.54	2.68	1.07	-0.41	0.95	0.08	0.63	0.96	0.76
219936_s_at	GPR87	SCC	0.81	3.31	0.07	0.41	2.93	-1.35	2.16	0.38	0.77
219995_s_at	ZNF750	SCC	0.31	7.69	0.10	0.04	2.53	-0.98	1.49	0.45	1.60
220230_s_at	CYB5R2	SCC	0.23	6.20	0.37	-0.57	2.13	-0.41	0.75	1.04	1.02
220658_s_at	ARNTL2	SCC	0.46	3.30	0.49	0.41	2.83	0.53	1.73	1.53	0.69
221203_s_at	YEATS2	SCC	0.41	3.00	0.68	-0.20	1.38	0.35	0.79	0.54	1.14
221291_at	ULBP2	SCC	0.66	2.23	0.58	-0.16	0.92	-0.41	0.37	0.43	0.38
221795_at	NTRK2	SCC	0.03	59.38	0.05	-1.89	3.94	-1.36	0.53	0.73	1.18
221796_at	NTRK2	SCC	0.03	53.35	0.05	-1.76	3.59	-1.62	0.55	0.62	1.38
221854_at	PKP1	SCC	0.06	21.34	0.15	-0.70	4.80	-0.01	1.34	1.79	0.66
222392_x_at	PERP	SCC	0.57	2.96	0.42	0.30	1.77	-0.82	0.62	1.96	0.38
222457_s_at	LIMA1	SCC	0.59	2.58	0.53	-0.18	0.93	-0.41	0.50	0.51	0.99
222634_s_at	TBL1XR1	SCC	0.47	2.74	0.67	0.08	1.77	0.50	0.87	0.50	0.60
222892_s_at	TMEM40	SCC	0.98	2.87	0.33	0.01	1.07	-0.49	1.32	0.53	0.55
223278_at	GJB2	SCC	0.12	13.34	0.19	0.23	3.84	-0.10	1.17	2.10	1.60
223586_at	ARNTL2	SCC	0.70	2.62	0.65	0.40	1.50	0.21	1.34	1.40	0.65
223704_s_at	DMRT2	SCC	0.26	6.73	0.28	-0.17	2.31	-0.24	0.76	0.61	1.27
223832_s_at	CAPNS2	SCC	0.20	9.54	0.17	-0.34	2.27	-0.74	0.49	0.13	1.27
224204_x_at	ARNTL2	SCC	0.53	2.68	0.59	0.43	2.35	0.54	1.39	1.34	0.61
224458_at	C9orf125	SCC	0.33	4.26	0.49	-0.83	1.44	-0.64	0.93	0.98	0.81
224950_at	PTGFRN	SCC	0.56	2.72	0.52	0.29	1.57	-0.06	0.31	0.77	0.60
225464_at	FRMD6	SCC	0.34	4.49	0.43	-0.71	1.62	-0.62	0.76	0.74	0.34
225481_at	FRMD6	SCC	0.38	4.15	0.43	-0.66	1.50	-0.61	0.99	0.73	0.62
226189_at	ITGB8	SCC	0.59	2.76	0.43	0.13	1.12	-0.66	1.43	2.01	1.30
226363_at	ABCC5	SCC	0.29	5.53	0.35	0.06	2.46	0.13	0.80	0.73	0.95
226464_at	C3orf58	SCC	0.41	3.29	0.58	-0.84	1.04	-0.46	0.84	0.43	0.62
226499_at	NRARP	SCC	0.35	3.52	0.62	-0.50	1.39	0.07	0.70	0.63	1.05
226755_at	LOC642587	SCC	0.40	3.61	0.51	-0.46	1.34	-0.34	0.34	0.34	0.70
226817_at	DSC2	SCC	0.56	2.85	0.71	-0.03	0.93	-0.35	0.55	1.41	1.12
226885_at	---	SCC	0.43	2.90	0.67	-0.60	0.93	-0.22	0.79	0.76	1.05
226907_at	PPP1R14C	SCC	0.49	3.77	0.33	-0.83	1.03	-1.40	1.19	1.17	1.04
227174_at	WDR72	SCC	0.72	2.37	0.29	0.31	2.87	0.71	3.44	1.43	1.16
227249_at	NDE1	SCC	0.59	2.19	1.00	0.15	1.24	0.68	0.79	0.71	0.80
227875_at	KLHL13	SCC	0.39	5.09	0.24	-0.50	2.69	-0.40	1.66	1.19	1.09
228286_at	GEN1	SCC	0.51	2.27	1.21	0.07	0.90	0.71	0.54	0.94	1.22
228575_at	IL20RB	SCC	0.32	6.23	0.22	-0.31	1.99	-0.46	1.07	0.24	1.62
229290_at	DAPL1	SCC	0.02	78.79	0.04	-1.18	4.63	-0.81	0.48	0.72	2.02
229296_at	LOC100128501	SCC	0.19	2.22	4.62	-0.37	0.81	0.77	0.27	2.35	0.69
229761_at	LOC440173	SCC	0.43	3.12	0.59	-0.31	1.33	-0.10	0.50	0.56	0.77
229764_at	TPRG1	SCC	0.15	14.97	0.09	-0.89	2.11	-1.78	0.90	0.47	1.80
229900_at	CD109	SCC	0.58	2.82	0.46	0.02	1.33	-0.28	0.81	0.65	0.99
230229_at	DLG1	SCC	0.48	2.52	1.14	-0.14	1.22	0.55	0.98	1.14	0.61
230464_at	S1PR5	SCC	0.27	4.76	0.50	-0.66	1.76	-0.30	0.28	0.71	0.49
230769_at	DENND2C	SCC	0.30	5.30	0.36	-0.77	1.53	-0.78	0.21	0.27	0.63
231183_s_at	JAG1	SCC	0.17	3.49	1.09	-1.43	1.43	-0.05	0.81	1.69	0.95
231331_at	---	SCC	0.04	40.80	0.07	-0.68	4.45	-0.31	0.58	0.93	1.53
231771_at	GJB6	SCC	0.02	102.57	0.02	-0.93	5.12	-1.20	0.65	0.29	1.53
231867_at	ODZ2	SCC	0.08	12.01	0.33	-0.90	2.67	-0.07	0.15	1.42	2.05
231928_at	HES2	SCC	0.54	2.06	1.19	-0.31	0.59	0.20	0.55	0.94	0.42
232082_x_at	SPRR3	SCC	0.02	119.71	0.02	-0.77	5.07	-0.95	0.44	0.37	2.24
232116_at	GRHL3	SCC	0.32	5.04	0.37	-0.12	2.05	-0.16	0.43	0.49	0.87
232202_at	---	SCC	0.13	11.82	0.22	-0.35	3.73	-0.10	1.24	1.60	1.03
232406_at	---	SCC	0.33	3.37	0.72	-0.59	1.17	-0.22	0.46	1.18	1.03
233479_at	---	SCC	0.30	3.49	0.74	-0.35	1.49	0.37	0.32	0.78	1.16
233869_x_at	---	SCC	0.45	2.83	1.25	-0.12	1.03	0.41	0.95	1.42	1.11
235373_at	---	SCC	0.76	2.26	0.65	0.16	0.87	-0.11	0.62	0.70	0.58
235852_at	STON2	SCC	0.45	2.68	0.72	-0.29	1.17	0.09	0.28	0.34	0.71
236009_at	---	SCC	0.40	4.71	0.29	-0.17	1.78	-0.57	0.99	0.61	1.22
236937_at	VPS8	SCC	0.51	2.35	0.76	-0.29	0.80	0.05	0.32	0.30	1.04
238542_at	ULBP2	SCC	0.19	8.95	0.24	-0.58	2.66	-0.52	0.77	0.77	0.72
238827_at	---	SCC	0.48	3.75	0.35	-0.42	1.13	-0.90	0.52	0.20	0.87
238967_at	---	SCC	0.77	2.97	0.19	0.01	1.32	-1.34	1.39	0.76	1.19
239370_at	---	SCC	0.09	24.41	0.07	-0.22	3.66	-0.65	0.93	0.66	2.24
239430_at	IGFL1	SCC	0.69	2.09	0.68	-0.14	0.60	-0.23	0.19	0.16	0.55
240353_s_at	C12orf54	SCC	0.32	5.10	0.35	-0.26	1.32	-0.34	0.23	0.13	1.50
240991_at	---	SCC	0.52	2.69	0.60	-0.52	1.38	-0.30	1.08	1.24	0.65
241418_at	LOC344887	SCC	0.05	42.39	0.05	-0.60	4.23	-0.70	1.13	0.88	2.25
242873_at	---	SCC	0.23	4.14	1.42	0.10	1.30	0.51	0.75	2.15	1.60
242940_x_at	DLX6	SCC	0.31	3.40	0.81	-0.38	1.10	0.33	0.22	0.86	1.44
243018_at	---	SCC	0.38	3.04	0.72	-0.22	1.81	0.31	0.89	1.10	0.65
243252_at	---	SCC	0.50	3.17	0.47	-0.02	1.28	-0.34	0.66	0.77	1.26
244107_at	---	SCC	0.15	11.04	0.22	-0.52	2.36	-0.30	0.13	0.22	1.53
244665_at	---	SCC	0.38	2.02	0.90	-0.34	0.57	0.29	0.41	0.89	1.14
57703_at	SENP5	SCC	0.43	2.54	0.82	-0.16	1.40	0.37	0.52	0.69	0.63
