Transcript	Favorable (n)	Stage 4 (n)	Fold change	P-value	P-value corrected	Intact 1p (n)	1p-deleted (n)	Fold change	P-value	P-value corrected
VAMP3	18	20	-1.03			33	13	1.05
PER3	18	20	-1.06			33	13	-1.17
UTS2	18	20	2.61			33	13	4.15
TNFRSF9	18	21	-1.21			35	13	-3.52	0.001	0.02
PARK7	18	21	-1.34			35	13	1.47
ERRFI1	18	21	1.71			35	13	1.84
RERE	18	21	-1.66	0.005	0.14	35	13	-1.71	0.004	0.12
DKFZp566H0824	18	21	-1.27			35	13	1.49
ENO1	18	21	1.1			35	13	1.19
SLC2A5	18	21	2.35	0.02	0.46	35	13	1.16
GPR157	18	21	1.07			35	13	2.64
H6PD	18	21	1.07			35	13	-1.05
SSB1	18	21	1.53			35	13	1.27
MGC4399	18	20	1.57			33	13	2.02
PIK3CD	18	21	-1.94	0.003	0.1	35	13	-2.5	0.00008	0.002
CLSTN1	18	21	-1.53			35	13	-1.78	0.02	0.44
CTNNBIP1	18	21	-1.19			35	13	-1.61	0.03	0.6
LZIC	18	21	-1.74	0.004	0.1	35	13	-1.32
NMNAT	18	21	-1.03			35	13	-1.16
RBP7	18	20	-1.05			35	12	-1.03
UBE4B	18	21	-1.37			35	13	-1.59
KIF1B	18	21	-1.07			35	13	-1.5
PGD	18	21	-1.6	0.03	0.79	35	13	-1.28
APITD1	18	18	-1.49			33	11	-1.59
CORT	18	18	-1.17			33	11	-1.54
DFFA	18	21	1.2			35	13	-1.33
PEX14	18	21	-1.5	0.01	0.28	35	13	-1.13
CASZ1	18	20	-1.41			33	13	-2.2	0.01	0.29
TARDBP	18	20	-1.33			33	13	-1.39
