CD34 + cells1	CD34 + cells2	T cells 1	T cells 2	CD34 + cells (mean)	T cells (Mean)	Delta RMA Value	Gene Symbol	EntrezID
12.92610581	12.38896677	5.1787363	5.0231046	12.65753629	5.100920438	7.556615851	MPO	4353
10.44681157	10.15673686	3.736289	3.6682289	10.30177421	3.702258949	6.599515263	SGK196	84197
10.19858865	10.4770292	4.1596895	3.95262	10.33780893	4.056154752	6.281654173	MS4A3	932
11.56888471	10.78164856	5.1657189	4.8917987	11.17526664	5.028758801	6.146507836	MPO	4353
10.25033698	10.07489803	4.1441014	4.3526014	10.16261751	4.248351401	5.914266107	LMO2	4005
13.21919745	12.57886013	7.5642502	6.4177084	12.89902879	6.990979269	5.908049523	NA	NA
11.4991832	12.53171376	6.0834504	6.1371614	12.01544848	6.110305928	5.905142556	PRG2	5553
12.65472469	12.39475265	7.0607407	6.2153717	12.52473867	6.638056201	5.886682468	NA	NA
10.4192483	11.39147726	5.2030151	5.1295289	10.90536278	5.166272002	5.73909078	RNASE2	6036
10.2076516	10.40260237	4.6305897	4.6853771	10.30512698	4.657983399	5.647143586	S100A8	6279
10.05988446	11.69669076	5.0703821	5.6324274	10.87828761	5.351404765	5.526882845	CLC	1178
9.21023062	9.731742516	4.3215311	4.0190967	9.470986568	4.170313868	5.3006727	MRC1	4360
8.461665782	10.05783358	3.9652703	4.3403761	9.259749679	4.152823195	5.106926484	CSTA	1475
10.56172524	10.42202478	5.6217964	5.2331366	10.49187501	5.427466494	5.064408515	FAM46A	55603
8.552206995	8.75877214	3.5576227	3.7641878	8.655489567	3.66090527	4.994584297	IGFBP7	3490
10.30029144	11.27908424	5.7966287	5.8914891	10.78968784	5.844058911	4.945628932	CPA3	1359
9.122180514	7.90624136	3.4965957	3.7649952	8.514210937	3.630795466	4.883415471	HOXA9	3205
8.495480905	8.566469983	3.9425172	3.6463807	8.530975444	3.794448942	4.736526502	CD302	9936
9.762477874	9.326533112	4.8529452	5.0307836	9.544505493	4.941864421	4.602641072	CYTL1	54360
8.007283273	9.255832337	4.0000824	4.1767622	8.631557805	4.088422289	4.543135516	FCER1A	2205
9.742276807	9.207587196	4.751419	5.2083109	9.474932001	4.979864955	4.495067047	GRB10	2887
9.509980819	10.13253895	5.0063909	5.7138492	9.821259885	5.360120049	4.461139835	GATA2	2624
8.025115487	8.599792753	3.8588179	3.9564133	8.31245412	3.907615569	4.404838551	HLA-DQB1	3119
10.595477	8.093243418	4.8144081	5.1366741	9.344360211	4.975541064	4.368819147	DNTT	1791
9.884495639	9.979883374	5.570768	5.5573795	9.932189506	5.564073791	4.368115715	NCF2	4688
10.52174769	9.905955538	5.9163708	5.8000001	10.21385162	5.858185424	4.355666192	SYK	6850
9.035405993	8.844431966	4.7466292	4.4753967	8.939918979	4.611012975	4.328906004	DEPDC6	64798
9.379039175	9.932282164	5.2521745	5.4418946	9.65566067	5.347034559	4.308626111	SNCA	6622
8.778290605	8.502889312	4.3853276	4.2919398	8.640589959	4.338633715	4.301956244	SOX4	6659
11.37312082	11.14331282	6.6179699	7.3094426	11.25821682	6.963706266	4.294510554	C5orf13	9315
9.39365819	10.39084946	5.3604235	5.8581668	9.892253823	5.609295147	4.282958676	ELA2	1991
9.418313362	10.16117068	5.6232489	5.6296664	9.789742019	5.62645761	4.163284409	HBD	3045
8.867967987	8.854655505	4.4919824	4.9365509	8.861311746	4.714266665	4.147045081	PRTN3	5657
11.02098646	11.02642961	7.7534127	6.0562606	11.02370803	6.904836657	4.118871376	NA	NA
8.140522372	8.466758755	4.0624682	4.3097549	8.303640563	4.18611156	4.117529004	AKR1C3	8644
8.986763177	8.772424294	4.7683114	4.7681869	8.879593735	4.768249159	4.111344577	FGL2	10875
9.813400211	9.256473377	5.4041643	5.5085209	9.534936794	5.456342556	4.078594238	PTPLA	9200
8.570735498	9.273035333	4.9707037	4.7292847	8.921885415	4.84999418	4.071891235	PTGS1	5742
7.799410558	8.036216623	3.8608297	3.8404639	7.91781359	3.850646795	4.067166795	PDGFC	56034
10.14184161	9.009724875	5.3492417	5.6831808	9.575783241	5.51621124	4.059572001	KIAA1919	91749
9.488505972	9.609852856	5.5575429	5.4883999	9.549179414	5.522971392	4.026208022	ALDH2	217
8.942564871	8.650111718	4.6731744	4.8675635	8.796338294	4.770368961	4.025969334	IGLL1	3543
8.657249668	8.825571497	4.5848886	4.9621542	8.741410583	4.773521373	3.96788921	CPVL	54504
9.828546471	9.593603226	5.6357082	5.8621605	9.711074849	5.748934374	3.962140474	TSC22D1	8848
8.124292624	9.583659579	4.9133239	4.9145413	8.853976102	4.913932587	3.940043515	HLA-DQA1	3117
10.61062109	10.57492852	6.3801735	6.9419015	10.5927748	6.661037516	3.931737285	FADS1	3992
9.478289533	10.02082935	5.8965125	5.7425073	9.749559441	5.819509883	3.930049558	PTGS1	5742
8.169071231	7.880399505	4.3887672	3.8165903	8.024735368	4.102678755	3.922056613	MNDA	4332
8.906154726	8.274226747	4.4817177	4.862238	8.590190737	4.671977866	3.918212871	CLEC10A	10462
8.251799569	9.258496107	4.8813704	4.8411253	8.755147838	4.86124783	3.893900008	HCK	3055
10.0857548	9.11055885	5.1671078	6.2790548	9.598156827	5.723081336	3.875075491	NA	NA
7.336148375	7.819139985	3.7236303	3.7526385	7.57764418	3.738134414	3.839509766	CLEC4A	50856
10.24878458	10.11728532	6.24667	6.4716292	10.18303495	6.359149605	3.823885341	CTSG	1511
7.795560536	7.737512914	3.8002141	4.1078403	7.766536725	3.954027188	3.812509537	FRY	10129
9.062354813	9.7498594	5.4489537	5.8245462	9.406107107	5.636749917	3.76935719	KIT	3815
8.655120646	8.403571622	4.5889581	4.9639352	8.529346134	4.776446662	3.752899472	TAL1	6886
11.27101608	10.84882819	7.5206717	7.1043739	11.05992213	7.312522798	3.747399334	HBB	3043
9.152281662	9.17751922	5.3855294	5.4564141	9.164900441	5.420971765	3.743928676	TCF4	6925
8.946920697	9.12772811	4.6371634	5.9517621	9.037324404	5.294462795	3.742861608	METTL7A	25840
9.753273027	10.29946936	6.3784338	6.2370394	10.02637119	6.307736606	3.718634586	IGFBP7	3490
8.534883009	8.296818734	4.7370931	4.6862758	8.415850872	4.711684454	3.704166418	TNS3	64759
8.124350743	8.351846038	4.5466787	4.5739506	8.238098391	4.560314665	3.677783725	CD36	948
8.805135896	9.475211016	5.2763555	5.6674356	9.140173456	5.471895559	3.668277897	F13A1	2162
7.684598394	8.503184675	4.2359485	4.621714	8.093891535	4.428831227	3.665060308	NFE2	4778
10.65864276	10.74707531	7.0379372	7.1107261	10.70285904	7.074331686	3.628527349	ASAH1	427
9.030270107	8.502334334	5.3363079	5.0767493	8.76630222	5.206528626	3.559773594	SOX4	6659
8.226881024	8.91131536	4.9425267	5.100571	8.569098192	5.021548864	3.547549328	CDC42BPA	8476
7.128771901	7.677456118	3.8385706	3.8936553	7.40311401	3.866112935	3.537001075	TFEC	22797
9.434112572	8.886377869	5.4279253	5.8237793	9.16024522	5.625852293	3.534392927	RAB31	11031
10.57900081	10.44094485	7.901953	6.1442891	10.50997283	7.023121015	3.486851812	NA	NA
8.669046802	8.564896862	5.3776972	4.9058118	8.616971832	5.141754492	3.47521734	DRAM	55332
9.50264426	8.837146052	5.6848009	5.7290481	9.169895156	5.706924479	3.462970677	NA	NA
9.415440646	9.509021316	5.8159709	6.1969125	9.462230981	6.006441723	3.455789259	RAB31	11031
10.12977945	10.00094456	6.6680587	6.5694297	10.065362	6.61874419	3.446617814	RAB32	10981
9.316749469	9.194264153	5.9557647	5.6623879	9.255506811	5.809076305	3.446430506	TGFBI	7045
7.900689647	8.743813196	4.841469	4.9487939	8.322251422	4.895131422	3.42712	HLA-DQB1	3119
7.064321364	8.299835517	4.2599559	4.273836	7.68207844	4.266895954	3.415182487	TCF4	6925
8.080093161	7.536213242	4.4815287	4.3072695	7.808153201	4.394399104	3.413754098	SCHIP1	29970
7.995907174	7.457733386	4.2954727	4.3482623	7.72682028	4.321867469	3.404952811	TCF7L2	6934
11.00396135	11.15621823	7.7987676	7.5653187	11.08008979	7.68204317	3.398046624	MFSD1	64747
7.869994663	7.407496419	4.4515481	4.036933	7.638745541	4.244240579	3.394504962	IGF2BP2	10644
8.869745677	10.27695349	6.3134284	6.068173	9.573349581	6.190800699	3.382548883	RNASE3	6037
10.42232642	9.162587874	6.5459942	6.2864395	9.79245715	6.416216818	3.376240332	HBB	3043
10.33572045	10.13260436	6.8610858	6.9523018	10.23416241	6.906693807	3.3274686	CTBP2	1488
7.722868446	7.720464278	4.4104119	4.3983606	7.721666362	4.404386272	3.31728009	VCAN	1462
9.389751788	8.747464291	5.9981946	5.5130285	9.068608039	5.755611578	3.312996462	MEST	4232
6.653546369	7.602344481	3.8944939	3.7540798	7.127945425	3.824286865	3.303658561	MAP7	9053
8.223749265	7.909971405	4.9336961	4.5998656	8.066860335	4.766780896	3.300079439	PYGL	5836
7.712969249	7.067635364	4.0412886	4.1624255	7.390302307	4.101857072	3.288445235	PROM1	8842
7.549979885	9.43364616	5.008768	5.4422517	8.491813023	5.225509834	3.266303188	FCN1	2219
8.612430926	8.020508142	5.0200923	5.0848685	8.316469534	5.0524804	3.263989134	KIAA0125	9834
7.704281231	8.676532127	4.8232867	5.0596432	8.190406679	4.941464944	3.248941735	RNASE6	6039
9.746544284	8.870919315	5.8803595	6.2959622	9.3087318	6.088160851	3.220570949	TSPAN13	27075
7.444738611	7.707915024	4.5896882	4.1219344	7.576326817	4.355811304	3.220515513	CD36	948
8.893671004	9.29552939	5.9623092	5.7956267	9.094600197	5.878967972	3.215632225	ATP1B1	481
7.429594863	9.058119304	4.8345006	5.2537243	8.243857083	5.044112445	3.199744638	DLC1	10395
8.479293261	9.129540299	5.648166	5.5671382	8.80441678	5.607652092	3.196764688	SPINK2	6691
9.200397566	8.487364648	5.5643687	5.7345539	8.843881107	5.649461329	3.194419777	HOXA9	3205
9.773390287	9.847215747	6.8447459	6.3899679	9.810303017	6.61735687	3.192946147	CYP1B1	1545
7.791002349	9.29705288	5.2683915	5.5014014	8.544027614	5.384896417	3.159131198	CST3	1471
8.149665742	7.169195197	4.5248993	4.4800034	7.65943047	4.502451348	3.156979122	ERG	2078
6.650712342	7.770314413	4.106465	4.0069329	7.210513378	4.056698947	3.15381443	ALDH1A1	216
9.473759735	9.45985598	6.6155037	6.0592309	9.466807858	6.337367291	3.129440567	CSF2RB	1439
7.313995228	8.530126684	4.7477364	4.853184	7.922060956	4.800460207	3.12160075	PPBP	5473
7.661255757	8.949223265	5.6543962	4.7176416	8.305239511	5.186018897	3.119220613	ITGA2B	3674
11.21346616	10.94774463	7.9872448	7.9909798	11.08060539	7.989112265	3.091493129	LAPTM4B	55353
7.688422018	8.332427596	5.1082126	4.7399103	8.010424807	4.924061462	3.086363345	PGDS	27306
7.739130655	8.930979334	5.1836901	5.321591	8.335054995	5.252640562	3.082414432	AZU1	566
8.058915255	7.275759067	4.5727157	4.6190168	7.667337161	4.595866268	3.071470893	SPARC	6678
7.433341033	7.44328376	4.3496132	4.3844144	7.438312397	4.367013821	3.071298576	GUCY1B3	2983
12.03307084	12.12682815	9.0690219	8.9523535	12.07994949	9.010687716	3.069261778	CAT	847
7.836389186	8.101343323	4.8150985	4.9898515	7.968866255	4.902475016	3.066391239	PMP22	5376
9.833775537	10.03345367	5.8352263	7.8999198	9.933614602	6.867573054	3.066041548	FADS1	3992
9.267081617	9.048981239	5.9298317	6.2714891	9.158031428	6.100660357	3.057371071	KCNH2	3757
8.627056459	10.31405932	6.1784575	6.6507617	9.470557887	6.414609614	3.055948273	ASGR2	433
8.749445743	9.779064781	6.3063782	6.114949	9.264255262	6.210663595	3.053591667	TYROBP	7305
8.971990903	9.618061758	6.5347819	6.0288822	9.295026331	6.281832084	3.013194246	RNASE2	6036
8.52418015	8.495278856	5.3666729	5.6265041	8.509729503	5.496588472	3.013141031	DAPK1	1612
9.080120973	8.724226835	5.422721	6.3592962	8.902173904	5.891008597	3.011165307	SYNGR1	9145
9.004559405	9.408426667	6.1528335	6.2530602	9.206493036	6.202946817	3.003546218	TNFSF13	8741
