ID	Gene	logFC	AveExpr	t	P.Value	adj.P.Val	B
ILMN_1726359	NECAP1	7.768006625	10.84733439	9.984694524	0.0000013	0.018465649	4.967253706
ILMN_1752591	LEPROTL1	8.026491819	10.21925384	9.429157769	0.00000221	0.018465649	4.59582811
ILMN_1660436	HSPA1B	-7.970486442	9.558438981	-9.250830804	0.00000264	0.018465649	4.469870751
ILMN_1782419	GNG11	-7.946608698	11.54403013	-9.242667741	0.00000266	0.018465649	4.46402343
ILMN_1709571	BPTF	7.827290247	9.073008378	8.750673217	0.00000441	0.024452835	4.097925796
ILMN_1664826	FBXO33	7.502469097	11.27946292	8.432390169	0.00000618	0.028572858	3.846107806
ILMN_1722662	RAD23B	6.564822506	9.757269775	8.109425837	0.0000088	0.032034569	3.577811947
ILMN_2401779	FAM102A	6.929141208	10.90432147	8.006986465	0.00000987	0.032034569	3.48991886
ILMN_1796830	UBE2L3	7.685161129	10.37914386	7.96035013	0.0000104	0.032034569	3.44944826
ILMN_1655864	LOC653853	6.312800901	8.685834345	7.796198594	0.0000125	0.034731558	3.30469043
ILMN_1809437	RHBDD2	6.418920305	10.79389732	7.351986506	0.000021	0.037920016	2.894333466
ILMN_1689734	IL1RN	-8.30869675	8.996399593	-7.347365	0.0000212	0.037920016	2.889916923
ILMN_1663090	SON	6.645136969	10.82954858	7.249469515	0.0000238	0.037920016	2.79563209
ILMN_1688971	NOL11	5.342545503	10.26406504	7.19800685	0.0000253	0.037920016	2.745503694
ILMN_1772286	OCIAD2	5.781379182	10.27399447	7.188741187	0.0000256	0.037920016	2.736436689
ILMN_1659122	KLF10	-6.138713525	9.523315334	-7.160175727	0.0000265	0.037920016	2.708403512
ILMN_1671509	CCL3	-5.783694679	12.3072809	-7.122757165	0.0000277	0.037920016	2.671498428
ILMN_1660359	LOC654126	8.095331456	9.577626093	7.10326497	0.0000284	0.037920016	2.652190832
ILMN_1753885	YTHDF1	5.675872296	9.79545752	7.04842901	0.0000304	0.037920016	2.59756816
ILMN_1730084	COMT	-5.190213461	10.93756559	-7.047473025	0.0000304	0.037920016	2.596611875
ILMN_1769637	RNMT	6.719482511	10.03489363	6.954469194	0.0000341	0.037920016	2.502916314
ILMN_1723043	NAPSB	-5.081209708	9.310045774	-6.929093772	0.0000352	0.037920016	2.477123224
ILMN_1767281	PPBP	-6.275362924	10.31073382	-6.902492672	0.0000364	0.037920016	2.449978257
ILMN_1800855	PPTC7	5.239718305	10.58511066	6.823835815	0.0000401	0.037920016	2.369074875
ILMN_1728197	CLDN5	-5.590821129	8.416713704	-6.817491562	0.0000405	0.037920016	2.36250765
ILMN_1714108	TP53INP1	8.386425864	9.548208487	6.78316151	0.0000423	0.037920016	2.326862357
ILMN_1775192	BCLAF1	5.425557104	11.46187472	6.699476191	0.000047	0.037920016	2.239198262
ILMN_2214197	TP53INP1	7.042656175	8.494684975	6.648900345	0.0000501	0.037920016	2.185682996
ILMN_2079803	LSM14A	4.950386382	12.16179672	6.635520202	0.000051	0.037920016	2.171457423
ILMN_2080751	ADNP2	7.406311536	9.7167988	6.634103333	0.0000511	0.037920016	2.169949363
ILMN_1729318	TOR1AIP1	5.859482887	10.65526601	6.628248996	0.0000514	0.037920016	2.163714854
ILMN_2101832	LAPTM4B	-5.824668997	9.287228451	-6.624195568	0.0000517	0.037920016	2.15939501
ILMN_1762103	WDR48	5.256075646	10.60079418	6.622439647	0.0000518	0.037920016	2.157522867
ILMN_1755909	C20orf11	6.133304916	10.90948236	6.611979782	0.0000525	0.037920016	2.146360509
ILMN_1784203	ACRBP	-7.169211793	10.21429333	-6.597220067	0.0000535	0.037920016	2.130579858
ILMN_1712936	C21orf66	4.816419543	8.622340682	6.586553878	0.0000543	0.037920016	2.119154246
ILMN_1757408	ZNF256	5.036456287	8.775691734	6.542535329	0.0000574	0.037920016	2.071809049
ILMN_1765578	TIPARP	5.515975015	11.94481609	6.532812016	0.0000582	0.037920016	2.061309004
ILMN_1805658	LTV1	4.944788931	9.735312645	6.531427452	0.0000583	0.037920016	2.059812601
ILMN_2236800	SON	6.339755878	10.42152749	6.516380946	0.0000594	0.037920016	2.043530814
ILMN_1792689	HIST1H2AC	-6.76908722	10.46646271	-6.515978461	0.0000594	0.037920016	2.043094785
ILMN_1745112	FAM102A	6.051421831	9.788741524	6.515059806	0.0000595	0.037920016	2.04209947
ILMN_1705985	PIGA	5.54017267	10.44619643	6.507364909	0.0000601	0.037920016	2.033757116
ILMN_2411897	KLF10	-6.315756411	9.764615157	-6.4593028	0.000064	0.037920016	1.98143469
ILMN_2062112	ZC3H15	4.944098716	9.606871156	6.448244211	0.0000649	0.037920016	1.969342945
ILMN_1747355	CCL3L1	-6.045604237	11.61742182	-6.440331529	0.0000656	0.037920016	1.960678839
ILMN_1666269	CTSZ	-4.800770217	10.18083678	-6.436875966	0.0000659	0.037920016	1.956891932
ILMN_1655191	CASZ1	5.553995853	9.447497317	6.428713577	0.0000666	0.037920016	1.947939171
ILMN_1692177	TSC22D1	-8.134881011	9.125729349	-6.41266497	0.000068	0.037920016	1.930304971
ILMN_1710326	CLDND1	4.909816596	10.36770823	6.4085742	0.0000684	0.037920016	1.92580333
ILMN_1788887	LOC338799	4.806528631	8.295440818	6.346961448	0.0000741	0.039827002	1.857671884
ILMN_1734991	PPM1B	5.862588767	9.633837442	6.341320691	0.0000747	0.039827002	1.85140329
ILMN_1775501	IL1B	-10.25856296	12.72240074	-6.302605834	0.0000786	0.040015355	1.808238341
ILMN_1705928	SNRNP200	5.08732541	8.668397668	6.294810735	0.0000794	0.040015355	1.799517412
ILMN_1801156	RLF	5.435894482	8.721432907	6.289932113	0.0000799	0.040015355	1.794054258
ILMN_1682449	ZNF518B	4.886618672	9.31700077	6.281652002	0.0000808	0.040015355	1.784773084
ILMN_1693352	MRPL20	-5.510175879	9.765499507	-6.250825772	0.0000842	0.04048182	1.750120445
ILMN_1744239	FEM1B	6.124728279	8.849909895	6.246482489	0.0000847	0.04048182	1.745225408
ILMN_1680196	LAPTM4B	-5.293640008	9.492857325	-6.220189468	0.0000877	0.04104209	1.715525503
ILMN_2218856	CCL3L3	-7.278126141	11.33852716	-6.210712109	0.0000888	0.04104209	1.70479201
ILMN_1716276	CCL4L2	-5.119437036	11.56566466	-6.171353205	0.0000936	0.041618971	1.660056669
ILMN_2372200	ZNF586	4.661271164	10.31779506	6.168921971	0.0000939	0.041618971	1.657284869
ILMN_1672120	KRT73	5.107654571	9.307603533	6.16379817	0.0000945	0.041618971	1.651440098
ILMN_1658989	MEX3B	-5.176539525	8.203084452	-6.140125056	0.0000976	0.041633722	1.624379056
ILMN_1812970	RWDD1	7.316020161	8.615243326	6.123372966	0.0000998	0.041633722	1.605172934
ILMN_1709634	CMBL	-4.720135066	7.849319341	-6.103269869	0.000102558	0.041633722	1.582062887
ILMN_1762080	JMY	6.130936023	9.261725576	6.089843632	0.000104433	0.041633722	1.566590662
ILMN_2406410	RHBDD2	6.719259759	10.61952493	6.083007738	0.000105402	0.041633722	1.55870144
ILMN_1762275	CSE1L	5.077462291	8.711684577	6.064096165	0.000108133	0.041633722	1.536834909
ILMN_1806165	HSPA6	-6.426703465	9.465300302	-6.050793993	0.0001101	0.041633722	1.521418211
ILMN_2069945	RY1	5.803269662	9.647330365	6.050737712	0.000110108	0.041633722	1.521352921
ILMN_1749362	CD28	5.167109181	8.802415938	6.04381887	0.000111146	0.041633722	1.513322408
ILMN_1792323	HDC	-4.554806893	7.949934645	-6.039695132	0.00011177	0.041633722	1.50853226
ILMN_1776435	GPRIN3	5.497331458	8.551373001	6.026449148	0.000113799	0.041633722	1.493126279
ILMN_1787919	PARVB	-5.381091576	9.95364723	-6.011705151	0.000116104	0.041633722	1.475943183
ILMN_1664010	ELF1	4.961204816	11.75397614	6.007402034	0.000116786	0.041633722	1.47092128
ILMN_1752927	KIAA1600	6.205654375	9.093859833	5.993553982	0.000119011	0.041633722	1.454738822
ILMN_1697227	USP36	5.385026175	10.65827166	5.99177964	0.000119299	0.041633722	1.452663029
ILMN_2244547	ETNK1	5.070857237	8.735584828	5.988449931	0.000119843	0.041633722	1.448766184
ILMN_1736015	PHF17	6.052631263	9.957335132	5.98691138	0.000120094	0.041633722	1.446964944
ILMN_2380566	SIAH1	6.36382791	9.698369929	5.973201879	0.000122364	0.041896714	1.43089701
ILMN_1691559	ELF2	4.720514761	10.41299979	5.954504457	0.000125533	0.042457717	1.40893174
ILMN_1666733	IL8	-7.167186459	13.75690327	-5.939560949	0.000128129	0.042813737	1.391333825
ILMN_1784608	CLEC2B	5.34415289	9.901927095	5.92657511	0.000130432	0.043064431	1.376010513
ILMN_1695079	ZNF101	4.751635507	8.770984286	5.9079464	0.000133814	0.043438127	1.353978524
ILMN_1742431	AY358241	4.542636436	9.631479745	5.898392106	0.000135585	0.043438127	1.342655837
ILMN_1692223	LCN2	-4.751598603	9.026388267	-5.88484992	0.000138138	0.043438127	1.326580495
ILMN_1671516	CIR	5.159747048	8.588709191	5.874477812	0.000140128	0.043438127	1.314247066
ILMN_1707631	MED10	5.26893361	11.28335218	5.86441595	0.000142088	0.043438127	1.302265006
ILMN_2374249	DYRK2	5.265884304	10.59120244	5.863481788	0.000142272	0.043438127	1.301151692
ILMN_1699071	C21orf7	-6.931089781	10.39766867	-5.862179025	0.000142528	0.043438127	1.299598839
ILMN_1715991	SDPR	-6.387612984	11.08375169	-5.845986196	0.000145755	0.043938813	1.280273286
ILMN_2295318	RGPD5	4.766365759	8.069636911	5.816790521	0.000151773	0.044847132	1.24531599
ILMN_1695461	PTPRA	4.420906205	8.591851583	5.81570393	0.000152002	0.044847132	1.244012149
ILMN_1715635	ATP6V0E1	-4.578576917	10.91452497	-5.805499087	0.000154172	0.044975276	1.231757107
ILMN_1680347	ZNF317	4.447433342	9.706911892	5.798494539	0.00015568	0.044975276	1.223334982
ILMN_2152429	C12orf76	-5.09414716	9.688123459	-5.78141974	0.000159423	0.045177098	1.202769334
ILMN_1733356	PREI3	5.733244879	9.984714402	5.776377252	0.000160547	0.045177098	1.196686367
ILMN_1715702	MAPK1IP1L	5.501461266	10.52569944	5.769636418	0.000162063	0.045177098	1.188547792
ILMN_1793651	UBE2N	6.457155305	10.00173408	5.761509984	0.00016391	0.045177098	1.178725931
ILMN_1749368	HIST1H3H	-6.381342207	9.500230775	-5.758835045	0.000164523	0.045177098	1.175490434
ILMN_1745103	CLEC1B	-7.309628289	10.52998708	-5.741413556	0.000168577	0.045836323	1.154388011
ILMN_1683204	GMEB2	4.393395435	10.27712229	5.734405477	0.000170237	0.04583845	1.145884491
ILMN_2366212	CD79B	-4.521091997	12.45275534	-5.705976108	0.000177156	0.047242656	1.111301893
ILMN_1718924	ETFA	-4.391622222	10.88738284	-5.682321763	0.000183142	0.048175777	1.082421643
ILMN_1766528	SLC25A36	4.755886654	9.496780081	5.678499859	0.000184129	0.048175777	1.077746314
ILMN_1690454	C3orf54	-5.043596764	8.570407339	-5.647039659	0.000192476	0.049889039	1.039165265
ILMN_2285996	KIAA0101	-4.64240028	9.032847078	-5.630687304	0.000196974	0.050500734	1.019044075
ILMN_1773245	CCL3L1	-6.015981864	9.563104735	-5.621848727	0.000199451	0.050500734	1.008149157
ILMN_2093674	GMFB	6.017649983	9.656448573	5.613370078	0.00020186	0.050500734	0.9976852
ILMN_2073732	CBLL1	4.575334166	10.43973996	5.607843035	0.000203446	0.050500734	0.990857277
ILMN_1675387	LIMS1	-6.399374731	9.638078107	-5.606131269	0.00020394	0.050500734	0.988741547
ILMN_1666739	RBM15	4.378103109	10.13484754	5.571225623	0.000214301	0.051764549	0.945487691
ILMN_1799601	UHRF1BP1L	5.348514534	8.765237101	5.563686737	0.000216611	0.051764549	0.936118032
ILMN_1755910	LOC648366	-4.154957167	8.863184505	-5.554366935	0.000219505	0.051764549	0.924521343
ILMN_1665945	ACBD3	4.11669976	9.027008102	5.550803081	0.000220622	0.051764549	0.920082835
ILMN_2091920	PTCRA	-6.826488819	9.208078614	-5.550164441	0.000220823	0.051764549	0.919287225
ILMN_1651496	HIST1H2BD	-4.66518	9.152079719	-5.548829477	0.000221244	0.051764549	0.917623912
ILMN_1733176	LIMS1	-5.422663931	9.856519811	-5.546089527	0.000222109	0.051764549	0.914209075
ILMN_1676448	WDFY1	4.955793378	10.45343475	5.535338012	0.000225542	0.051930066	0.900796728
ILMN_1660357	AK125651	4.728798992	9.404784702	5.532168576	0.000226564	0.051930066	0.896839076
ILMN_1798706	EBI2	-5.223662093	13.03983169	-5.520135517	0.000230492	0.051974805	0.881797595
ILMN_1784333	KIAA0256	4.754243602	9.423554307	5.520088824	0.000230508	0.051974805	0.88173918
ILMN_1720708	CSNK1D	4.761760145	10.6473497	5.513233694	0.000232778	0.052063443	0.873158876
ILMN_2179837	BANF1	-4.407406344	11.44147587	-5.501268741	0.000236798	0.052538893	0.858163239
ILMN_1690783	TREML1	-6.423708372	8.840822975	-5.477144376	0.000245131	0.053599205	0.827852577
ILMN_1857915	LOC401397	-4.365350927	9.745123824	-5.476260745	0.000245442	0.053599205	0.826740432
ILMN_1736863	TMEM140	-6.728075242	9.949017174	-5.455210697	0.00025298	0.05360558	0.800206515
ILMN_2089073	ATP9A	-4.54251414	9.085274599	-5.452302319	0.000254041	0.05360558	0.796534397
ILMN_1748904	WTAP	5.121958403	8.633607645	5.450653704	0.000254644	0.05360558	0.794452202
ILMN_1743204	DUSP8	5.969223091	9.546730011	5.449653511	0.000255011	0.05360558	0.793188731
ILMN_1738579	VHL	4.146809982	11.66525472	5.446417965	0.000256201	0.05360558	0.789100309
ILMN_1679045	SBDS	4.352402494	8.950145338	5.441575225	0.000257994	0.05360558	0.782977638
ILMN_2334587	HNRNPC	4.199353133	10.76330389	5.43870377	0.000259064	0.05360558	0.779345334
ILMN_1703955	FBXO32	4.426392162	9.340923073	5.433711103	0.000260934	0.05360558	0.773026341
ILMN_1676946	AP3M2	4.93940341	9.38006707	5.418382121	0.000266769	0.054401203	0.753598025
ILMN_1683044	PPP1R2	7.125104048	10.88052521	5.395676345	0.000275668	0.055687843	0.72474498
ILMN_1703330	FEM1C	4.507563689	10.09147973	5.386534968	0.00027934	0.055687843	0.713103346
ILMN_1782129	ZBED4	4.120145538	8.738537987	5.383016521	0.000280767	0.055687843	0.708618689
ILMN_2214355	RAB30	4.94213372	8.922167106	5.380642561	0.000281735	0.055687843	0.705591591
ILMN_1705686	NRGN	-6.154519167	10.96554139	-5.377264076	0.000283118	0.055687843	0.701281902
ILMN_1694671	ZFAND2A	5.784159099	11.02283447	5.365433008	0.000288018	0.056003365	0.686174189
ILMN_1688423	FCER1A	-8.222907973	10.01881988	-5.363658376	0.00028876	0.056003365	0.683905964
ILMN_2358277	RSRC2	4.122597413	9.995436498	5.338501754	0.000299512	0.057685242	0.65169328
ILMN_1681591	PTPN1	4.76077468	11.13146502	5.330840921	0.000302871	0.057929788	0.641861783
ILMN_1689528	ZNF136	4.462605109	8.769976751	5.32327212	0.000306228	0.058043194	0.632138348
ILMN_1717163	F13A1	-6.464118574	9.782734228	-5.320095595	0.000307649	0.058043194	0.628054577
ILMN_1678671	KLHL24	4.722909299	8.663383458	5.314093142	0.000310354	0.058157784	0.620332961
ILMN_2221014	BAG4	4.229427315	7.880059291	5.308140882	0.000313061	0.058271292	0.612669711
ILMN_1657697	SAR1A	4.020899853	8.529706127	5.300085651	0.000316764	0.058567534	0.602289151
ILMN_2324998	NGDN	5.521741116	10.44299697	5.285951825	0.000323375	0.059080352	0.584047928
ILMN_1742866	F2R	-4.630948583	8.1917696	-5.278355294	0.000326989	0.059080352	0.574229396
ILMN_1718936	LST1	-4.268009292	11.35004742	-5.277167748	0.000327558	0.059080352	0.572693582
ILMN_1744059	DCTN6	5.439776023	9.680429693	5.276124991	0.000328058	0.059080352	0.571344815
ILMN_1773228	DLST	4.166870686	9.778681631	5.269759152	0.000331131	0.059221125	0.56310673
ILMN_1666727	ZNF586	4.433230969	10.6200124	5.255799487	0.000337976	0.059221125	0.545016681
ILMN_2309446	RBBP6	4.266234634	10.53947565	5.253425478	0.000339155	0.059221125	0.541936872
ILMN_1737988	PRNP	3.886216043	11.96639954	5.247961112	0.000341886	0.059221125	0.534844196
ILMN_2359627	BCL2L11	4.917503554	9.070242127	5.245061304	0.000343345	0.059221125	0.531078168
ILMN_1793770	DNAJB6	-4.432031624	10.07988095	-5.241950762	0.000344917	0.059221125	0.527036829
ILMN_2072541	RAB11FIP2	5.725105795	9.442504129	5.236684818	0.000347596	0.059221125	0.520191259
ILMN_1741204	KLHDC2	4.017602451	9.874078423	5.234938922	0.000348489	0.059221125	0.51792058
ILMN_1811258	RELB	3.913669289	8.805089477	5.229350902	0.000351363	0.059221125	0.510649336
ILMN_2115434	RAB32	-5.552674497	10.49315384	-5.2283572	0.000351877	0.059221125	0.509355739
ILMN_1743290	GP9	-6.846906024	11.82037159	-5.227485348	0.000352329	0.059221125	0.508220627
ILMN_1704305	NIP7	4.322995654	9.718553962	5.219991705	0.000356235	0.059517004	0.498458767
ILMN_2376455	CSF2RA	-4.534071941	8.620224508	-5.205008673	0.000364185	0.060480798	0.478911243
ILMN_2105573	CCL3L3	-6.381294383	13.17579875	-5.198350573	0.000367778	0.060713945	0.470212237
ILMN_2338323	CDC25B	3.936995512	11.87245492	5.192560461	0.000370933	0.060745471	0.462641004
ILMN_1810289	FER1L3	-3.855589827	8.189221745	-5.189978749	0.000372349	0.060745471	0.459263239
ILMN_1729453	TSPAN9	-5.627533604	9.531074662	-5.170405572	0.000383275	0.061796488	0.433617034
ILMN_2078264	C3orf38	4.310480841	9.379867544	5.166500449	0.000385496	0.061796488	0.428492272
ILMN_1726783	RNASEH1	5.428333784	10.35524587	5.163338567	0.000387304	0.061796488	0.424340933
ILMN_1867213		5.146077855	7.791824976	5.162640285	0.000387704	0.061796488	0.4234239
ILMN_1787567	TSC22D1	-5.807043853	10.36675292	-5.142716112	0.000399319	0.063224746	0.397222336
ILMN_1710427	VPS37B	4.774577158	10.39727718	5.139507328	0.000401224	0.063224746	0.392996119
ILMN_1651278	SNIP1	4.809196408	9.231416699	5.12206882	0.000411748	0.06451648	0.369996928
ILMN_1763365	FAM103A1	4.051408631	9.079175291	5.1057542	0.00042186	0.065729532	0.348432108
ILMN_1717793	C19orf33	-3.806836628	8.32037109	-5.098635181	0.000426355	0.066058764	0.339007618
ILMN_1808590	GUCY1A3	-3.971032841	8.509180531	-5.082935671	0.000436448	0.067246998	0.31819274
ILMN_2112599	C16orf80	5.669393204	10.09103632	5.057035375	0.000453661	0.069512836	0.283759777
ILMN_1738992	MNDA	-7.797317785	9.446052043	-5.049796061	0.0004586	0.069668628	0.274114698
ILMN_2338197	LINS1	3.864451822	8.375756654	5.04819253	0.000459701	0.069668628	0.271977052
ILMN_1776640	MPL	-6.919461206	10.2799492	-5.039626712	0.000465635	0.070042363	0.260550521
ILMN_2286870	CSNK1D	4.561674368	8.982091024	5.03307486	0.000470228	0.070042363	0.251801965
ILMN_1725169	INTS12	3.716252822	10.37114812	5.031440119	0.000471381	0.070042363	0.249617969
ILMN_1710571	PAPD5	4.45369062	10.43782165	5.030184395	0.000472269	0.070042363	0.247940021
ILMN_1704335	FXR1	4.255334222	8.691954925	5.017504177	0.000481338	0.070777901	0.230980893
ILMN_1762764	SH3BGRL2	-5.642873761	9.645951668	-5.012856552	0.000484708	0.070777901	0.224757961
ILMN_1679838	WBP5	-4.509592934	8.401402979	-5.008767429	0.000487694	0.070777901	0.219279741
ILMN_1793616	RNF38	4.508261229	10.74855237	5.005868144	0.000489823	0.070777901	0.215393798
ILMN_1705685	MEIS1	-3.725135322	8.260551242	-5.002920484	0.000491998	0.070777901	0.211441525
ILMN_1685985	LOC649150	4.333113539	8.273512421	5.00218608	0.000492541	0.070777901	0.21045659
ILMN_1795856	ELF2	4.386754817	8.720506548	4.995156077	0.000497775	0.070882617	0.201023679
ILMN_2355033	KIAA1147	3.752777548	10.92636691	4.994346697	0.000498381	0.070882617	0.199937097
ILMN_1684771	PGRMC1	-5.331113503	11.19278172	-4.990806166	0.000501043	0.070889032	0.195182652
ILMN_1695432	TPST2	-4.301622958	10.58120943	-4.984412888	0.000505888	0.070889032	0.186591866
ILMN_1736806	PAG1	4.210366506	9.139190007	4.98414175	0.000506095	0.070889032	0.186227376
ILMN_1703074	CPD	5.08614503	9.085476887	4.978674874	0.000510279	0.071115936	0.178875551
ILMN_1713189	C12orf41	4.32543287	11.70884943	4.97339561	0.000514354	0.071179219	0.171771125
ILMN_1724686	CLDN1	4.312879453	8.032915864	4.971448822	0.000515866	0.071179219	0.16915007
ILMN_1675797	EPDR1	-3.99148731	8.271721896	-4.961333832	0.000523796	0.071915643	0.155521236
ILMN_1695711	FAM105A	3.631976801	8.002987424	4.957633585	0.000526729	0.071962129	0.150531146
ILMN_1774087	CCL28	4.200724937	7.945625001	4.952120758	0.000531132	0.072207914	0.143092255
ILMN_1778917	CDK7	3.744639672	8.986035829	4.9295934	0.000549533	0.074345141	0.11263982
ILMN_1744147	CEBPZ	3.885183202	10.60827543	4.911476457	0.000564823	0.07509464	0.088085906
ILMN_1673605	PRSSL1	-5.101868977	8.805664284	-4.909659767	0.000566381	0.07509464	0.085620626
ILMN_1689059	ZNF329	4.708916168	9.052080167	4.90925148	0.000566732	0.07509464	0.085066495
ILMN_2376108	PSMB9	-4.191653312	10.54046307	-4.907847824	0.000567939	0.07509464	0.083161221
ILMN_1711383	STK4	6.108568672	12.18380065	4.907067921	0.000568612	0.07509464	0.082102462
ILMN_1755643	MGAT4A	3.968141573	10.66384673	4.898735795	0.000575846	0.075511616	0.070784627
ILMN_1706859	C22orf32	4.085796652	9.367023775	4.897172141	0.000577214	0.075511616	0.068659327
ILMN_1758915	PDCD2	4.248189488	9.94131361	4.882078971	0.000590603	0.076844539	0.04812326
ILMN_1716195	HIST1H2BG	-3.894156724	9.456545058	-4.879475833	0.000592945	0.076844539	0.044577421
ILMN_1778177	ZNF207	4.589889299	11.98799151	4.874471971	0.000597475	0.077071483	0.037758191
ILMN_1716488	PACS1	4.029837933	9.34713453	4.865332511	0.000605844	0.077458481	0.025291901
ILMN_2202637	CRY1	4.066657122	8.213880442	4.865097696	0.000606061	0.077458481	0.024971423
ILMN_1666757	AK131350	4.480669494	8.801657962	4.856773165	0.000613795	0.078087123	0.013603897
ILMN_1654543	MED6	4.745669591	10.6156174	4.853363165	0.000616993	0.078135603	0.008943957
ILMN_1759075	TNFRSF13B	-4.010398499	8.31053999	-4.850370748	0.000619815	0.078136105	0.004853023
ILMN_1734742	ARHGDIA	4.113340122	10.74232624	4.843937448	0.000625927	0.078436167	-0.003947135
ILMN_2331658	C3orf17	3.601309661	8.112770658	4.841925368	0.000627851	0.078436167	-0.006700929
ILMN_1711470	UBE2T	-3.568402036	8.103001837	-4.836849134	0.000632735	0.078691805	-0.013651498
ILMN_1797895	FFAR2	-4.308147978	8.273768877	-4.819713675	0.00064952	0.080300433	-0.037146559
ILMN_2163796	RABGGTB	3.807660943	8.857804328	4.817763662	0.00065146	0.080300433	-0.039823475
ILMN_1774973	SNORD21	4.206302815	9.283534182	4.800782596	0.000668615	0.08177967	-0.063161985
ILMN_1734895	SFT2D1	-3.844731064	10.51752766	-4.800057529	0.000669358	0.08177967	-0.064159601
ILMN_1791827	LOC731878	5.291177985	10.9764032	4.797056635	0.000672443	0.081796222	-0.068289469
ILMN_1764228	DAB2	-4.480376627	9.068527971	-4.78427081	0.000685756	0.0821196	-0.08590268
ILMN_1782069	TRAK1	4.135899782	9.406945849	4.781197238	0.000688998	0.0821196	-0.090140854
ILMN_1769575	JAM3	-3.977391124	8.916234947	-4.780434509	0.000689805	0.0821196	-0.091192837
ILMN_1711894	MYB	-4.797087622	9.678025515	-4.780012192	0.000690253	0.0821196	-0.091775353
ILMN_2361695	BAG5	4.200607654	10.0725598	4.772483	0.000698278	0.0821196	-0.102165729
ILMN_1806040	TYMS	-4.06786888	8.846919735	-4.770726874	0.000700164	0.0821196	-0.104590591
ILMN_1702526	C17orf48	3.930555824	9.442266714	4.770053168	0.000700889	0.0821196	-0.105520984
ILMN_1715179	SNRPA1	4.235291611	11.56832995	4.76890551	0.000702126	0.0821196	-0.107106086
ILMN_1813344	C20orf7	4.351754723	8.856478413	4.768706435	0.000702341	0.0821196	-0.107381065
ILMN_2146761	FABP5	-4.735546722	9.328741271	-4.766513854	0.000704711	0.0821196	-0.110410074
ILMN_1795429	VCL	-5.260016202	12.56970621	-4.753926922	0.000718483	0.083374147	-0.127814478
ILMN_1662686	USPL1	4.630032713	8.927807375	4.751169933	0.000721538	0.083379729	-0.131630256
ILMN_1711627	SIAH1	5.793005397	11.21029263	4.746601419	0.00072663	0.083619721	-0.137956093
ILMN_1654875	CLC	-6.741842235	7.870630164	-4.742041339	0.00073175	0.083680089	-0.144273783
ILMN_1682404	SETMAR	3.799539949	9.352052969	4.740766283	0.000733189	0.083680089	-0.146040918
ILMN_1826531	LOC552889	4.073297119	10.57666778	4.732709267	0.000742349	0.08391406	-0.157213732
ILMN_2098743	THEM2	-3.701248481	8.597817676	-4.73179795	0.000743392	0.08391406	-0.158478165
ILMN_1719599	SYTL4	-4.512265232	8.37725853	-4.730992729	0.000744316	0.08391406	-0.159595509
ILMN_1683817	UBE2Q2	3.62267039	9.24003597	4.7225098	0.000754119	0.08447623	-0.171373283
ILMN_1710017	CD79B	-4.575094035	10.97696334	-4.721414579	0.000755394	0.08447623	-0.172894785
ILMN_2352563	CLDND1	4.14280759	10.32277631	4.717500296	0.000759972	0.084646821	-0.178334239
ILMN_1673138	ZBTB33	4.846641652	9.775636303	4.705439371	0.000774262	0.084662788	-0.195110885
ILMN_2313926	CDC42SE2	4.236798642	10.04058577	4.703523548	0.000776558	0.084662788	-0.197778039
ILMN_1683670	SLC10A2	3.653669671	7.779392217	4.701992735	0.000778398	0.084662788	-0.199909638
ILMN_2079655	KLRB1	3.775473507	12.74571255	4.700128858	0.000780644	0.084662788	-0.202505549
ILMN_2175465	C15orf15	3.636768752	12.63076306	4.699450293	0.000781464	0.084662788	-0.203450765
ILMN_1877068	AK092218	3.64284843	8.421961796	4.699276876	0.000781673	0.084662788	-0.203692342
ILMN_2180352	DIP2B	4.299317873	9.873343852	4.698810444	0.000782237	0.084662788	-0.204342122
ILMN_1674661	CIRBP	4.091281017	13.01747566	4.696342238	0.000785229	0.084662788	-0.207781162
ILMN_1752478	DHRS3	3.501139607	10.1710701	4.693245569	0.000789	0.084662788	-0.212097313
ILMN_1803941	TBC1D15	4.440471778	10.83008394	4.691901651	0.000790642	0.084662788	-0.213970975
ILMN_1703006	MTCH1	3.90653301	12.79548483	4.688246223	0.000795127	0.084815626	-0.219068834
ILMN_1768662	UCK2	-3.598725031	8.306547761	-4.684768016	0.00079942	0.084946844	-0.22392163
ILMN_1756590	SYS1	4.133531992	9.454286724	4.672377359	0.000814914	0.085946949	-0.241225613
ILMN_1776216	TMEM32	3.846145292	11.23904865	4.672285732	0.00081503	0.085946949	-0.241353669
ILMN_1679209	HSPA9	4.098771518	10.8495983	4.658757448	0.000832313	0.087437016	-0.26027605
ILMN_1753111	NAMPT	-5.128017382	10.28545508	-4.655351701	0.000836725	0.087568792	-0.265044598
ILMN_1679268	PELI1	8.761576257	10.54098604	4.649570458	0.000844271	0.087648227	-0.273143643
ILMN_2077680	CLDND2	-4.262988965	9.377729974	-4.646171503	0.000848741	0.087648227	-0.277907911
ILMN_1740351	KIAA0174	3.988921897	11.86282286	4.643453245	0.000852334	0.087648227	-0.281719447
ILMN_2090004	AQP10	-4.043613532	8.373950241	-4.641633627	0.000854748	0.087648227	-0.284271604
ILMN_2069224	PVALB	-4.304225053	8.548850796	-4.639780968	0.000857213	0.087648227	-0.286870671
ILMN_1693009	FGL2	-4.82915312	10.33168118	-4.635312962	0.00086319	0.087648227	-0.29314113
ILMN_2085760	ARPC1B	-5.046365674	11.18019028	-4.630669449	0.000869448	0.087648227	-0.299661435
ILMN_2374865	ATF3	-3.786895842	10.17124094	-4.629951896	0.000870419	0.087648227	-0.300669324
ILMN_2061405	NUP54	4.166772664	9.015302973	4.627526125	0.000873711	0.087648227	-0.304077255
ILMN_1778104	ACADM	-3.678658884	8.924835369	-4.625456867	0.00087653	0.087648227	-0.306985099
ILMN_1805998	C18orf21	3.719571564	9.016403557	4.62278878	0.000880179	0.087648227	-0.31073551
ILMN_2379560	CDC14B	-3.883434461	8.13718163	-4.622127906	0.000881085	0.087648227	-0.311664655
ILMN_2364376	ILK	-3.892861014	11.61594281	-4.621761622	0.000881588	0.087648227	-0.312179657
ILMN_1808707	FSCN1	-5.079589388	9.241961554	-4.621659108	0.000881728	0.087648227	-0.312323798
ILMN_2393712	CTTN	-4.971873859	8.875384357	-4.616357162	0.00088904	0.088059448	-0.319781028
ILMN_1674024	IKZF5	6.509784046	9.04538884	4.608546688	0.000899929	0.088671123	-0.330775057
ILMN_1813314	HIST1H2BK	-4.583224475	10.48282788	-4.607349652	0.00090161	0.088671123	-0.332460904
ILMN_1710284	HES1	-3.422895599	7.957836727	-4.601235712	0.000910249	0.089204411	-0.341075193
ILMN_2217935	RFC1	3.696373647	8.95270092	4.59757392	0.000915465	0.089399674	-0.346237482
ILMN_2384536	PECI	-3.650876427	8.557926393	-4.595146601	0.00091894	0.089424146	-0.349660675
ILMN_1668027	LOC727762	5.591921256	8.810614759	4.592762075	0.000922367	0.089443824	-0.35302447
ILMN_1796180	CRY2	3.896145836	8.470612262	4.589038576	0.000927746	0.089646225	-0.358279012
ILMN_1795927	PSPC1	3.367959181	8.580008611	4.586852703	0.000930919	0.089646225	-0.361364753
ILMN_1759729	NDUFA8	-4.555996045	10.7267631	-4.582522997	0.000937238	0.089687692	-0.367479226
ILMN_1777721	MAPRE1	3.527841296	12.03898261	4.581048014	0.000939401	0.089687692	-0.369562928
ILMN_1733377	FASTKD5	6.08829676	10.1189294	4.57992524	0.000941051	0.089687692	-0.371149307
ILMN_1696485	HNRNPAB	-4.240161867	9.149880423	-4.571929253	0.000952892	0.090505114	-0.382452961
ILMN_1789627	SEPT5	-5.261648494	13.57049398	-4.568597803	0.000957871	0.090667557	-0.38716564
ILMN_1693242	ZNF342	-6.321124848	9.002360667	-4.558331648	0.000973389	0.091823072	-0.401699712
ILMN_1693428	TNNC2	-3.818334398	8.382117329	-4.553918072	0.000980143	0.091912589	-0.40795348
ILMN_1746686	POLR1C	3.595292466	9.687824774	4.553381745	0.000980967	0.091912589	-0.408713641
ILMN_1734198	RNGTT	3.592753268	9.419356809	4.549508167	0.00098694	0.091939405	-0.414205254
ILMN_2310968	RUFY1	-3.652603171	9.176172975	-4.545831207	0.000992645	0.091939405	-0.419420407
ILMN_1660786	HIPK1	4.446553318	8.086327745	4.544992083	0.000993952	0.091939405	-0.420610876
ILMN_1729417	GNE	3.795864989	8.605668647	4.542014006	0.000998605	0.091939405	-0.424836826
ILMN_1906110		3.792877531	8.328310488	4.539614867	0.00100237	0.091939405	-0.428242311
ILMN_1662795	CA2	-7.056429389	10.30307147	-4.539539288	0.001002489	0.091939405	-0.428349607
ILMN_2101278	RGS18	-7.331071311	11.10979816	-4.538288429	0.001004458	0.091939405	-0.430125545
ILMN_1779147	ENC1	6.081241342	9.858444791	4.530807122	0.001016322	0.092300736	-0.440752684
ILMN_2405915	MRPS11	-3.498990279	9.311972098	-4.525618444	0.001024637	0.092300736	-0.44812856
ILMN_1768814	KLHL6	-3.992251157	8.556689358	-4.524231863	0.001026871	0.092300736	-0.450100379
ILMN_1654552	MRPS31	-3.510874741	10.08649854	-4.523099884	0.001028699	0.092300736	-0.451710369
ILMN_2101920	HNRPH1	3.354118106	9.947174917	4.522770882	0.001029231	0.092300736	-0.452178341
ILMN_2395969	PRDX3	-4.120872292	9.778015552	-4.522125807	0.001030274	0.092300736	-0.453095947
ILMN_1774375	LOC284422	-5.113970577	8.67276421	-4.521244387	0.001031702	0.092300736	-0.454349859
ILMN_1764186	LOC146517	4.45477986	9.899829882	4.516392286	0.0010396	0.092492046	-0.461254756
ILMN_1691572	TST	-5.509052052	10.44483406	-4.514480954	0.001042729	0.092492046	-0.463975782
ILMN_1695246	KLHDC8B	-3.515372962	8.416821453	-4.513800113	0.001043845	0.092492046	-0.46494519
ILMN_1781479	SUV39H1	3.66975721	9.076927137	4.509371443	0.001051141	0.092550707	-0.471252761
ILMN_1797519	DLK1	-5.654502402	9.435524305	-4.509346953	0.001051182	0.092550707	-0.47128765
ILMN_1741003	ANXA5	-4.625058506	11.03829457	-4.501509483	0.001064226	0.093402656	-0.482458124
ILMN_1685140	PRRC1	4.233505149	8.320378412	4.498730519	0.001068892	0.093516241	-0.486421296
ILMN_1668374	ITGB5	-5.858122308	9.398493127	-4.494788012	0.001075549	0.093802735	-0.492045998
ILMN_1753607	PNO1	3.58014692	8.277601142	4.491025382	0.001081943	0.094064578	-0.497416437
ILMN_2194649	TADA1L	4.471189826	8.221090478	4.485904836	0.001090709	0.094391626	-0.504728749
ILMN_1717180	MTMR6	3.806899752	8.116072984	4.48317136	0.001095419	0.094391626	-0.508633993
ILMN_1751956	MGST3	-4.173749046	10.72817887	-4.479253073	0.001102208	0.094391626	-0.514234066
ILMN_2193706	HRK	4.147490975	8.689527015	4.477248463	0.001105699	0.094391626	-0.51710005
ILMN_1782167	RPL32	3.545548379	8.934222876	4.477091533	0.001105973	0.094391626	-0.517324439
ILMN_1678766	DYNLT1	6.251599492	10.82076185	4.477004145	0.001106125	0.094391626	-0.517449395
ILMN_1679071	MTX3	4.335201143	8.951514193	4.468022614	0.001121915	0.095325474	-0.530298628
ILMN_1786065	UHRF1	-3.870789083	8.508924837	-4.4668789	0.001123943	0.095325474	-0.531935797
ILMN_1656420	MGC3020	4.089164357	9.365507556	4.454171183	0.001146734	0.096668153	-0.550140525
ILMN_2326953	LAT2	-3.318551448	9.796401142	-4.454165456	0.001146745	0.096668153	-0.550148735
ILMN_1795893	C1orf119	4.308186925	10.32822464	4.451881736	0.001150892	0.096723778	-0.553423102
ILMN_1681296	ICAM4	-3.696366289	8.241401889	-4.445712471	0.001162175	0.097330344	-0.562272729
ILMN_1702065	MFSD5	3.295506596	9.237963761	4.444108282	0.001165129	0.097330344	-0.564574897
ILMN_1663618	STAT3	3.700178476	9.47583966	4.436291305	0.001179632	0.098108985	-0.575798965
ILMN_1684385	COPB2	-3.613272578	9.290411465	-4.433426787	0.001184994	0.098108985	-0.579914472
ILMN_1709237	EPHX2	3.378149094	8.886824349	4.431726302	0.00118819	0.098108985	-0.582358217
ILMN_1732080	SUMO1P3	3.75817929	8.447210605	4.431508603	0.0011886	0.098108985	-0.582671102
ILMN_1797318	HSPA14	3.323572394	9.564563119	4.426467322	0.00119813	0.098602171	-0.58991877
ILMN_1781638	HDDC3	-3.482357643	9.07615318	-4.421640473	0.00120733	0.099055114	-0.596861985
ILMN_2259119	PRMT2	3.764960927	8.525936263	4.419556408	0.001211326	0.099055114	-0.599860981
ILMN_1763516	SPINK2	-5.808370173	9.030295005	-4.417984545	0.001214348	0.099055114	-0.602123373
ILMN_1781454	RAE1	4.294253083	10.74829999	4.411731362	0.001226452	0.099749059	-0.611127539
ILMN_1738675	PTPN6	-4.769921273	11.44202803	-4.4096504	0.001230509	0.099786324	-0.614125375
