Probeset	Symbol	Refseq	mean frozen	mean fresh	FC	pvalue	diff
4390242	LOC728358	XM_001127929	43.41	1201.97	-27.69	0.0081	1158.56
3310091	LOC728358	XM_001127929	39.83	1030.55	-25.87	0.01	990.71
360554	HBA1		679.94	12863.94	-18.92	0	12184.01
1090427	LOC728358	XM_001127929	42.2	448.9	-10.64	0.016	406.7
7380615	CLC	NM_001828	51.05	506.32	-9.92	0	455.26
5340674	HBB		1702.97	13286.75	-7.8	0	11583.78
4150187	HBG1		91.55	471.9	-5.15	0.0018	380.36
6400079	HBG2		96.99	454.9	-4.69	0.0018	357.91
6250037	HBD		63.02	265.47	-4.21	0.0011	202.44
1780537	NRGN	NM_006176	399.7	1306.9	-3.27	0	907.2
1990224	LOC613037		204.25	543.71	-2.66	0	339.46
7210497	GP1BB	NM_000407	1653.99	4384.39	-2.65	0	2730.39
2940020	LOC440345	XR_015786	1777.83	4258.2	-2.4	0	2480.37
7570110	APBB3	NM_006051	250.41	581.06	-2.32	0	330.65
1340228	ACRBP	NM_032489	170.44	382.62	-2.24	1.00E-04	212.18
6520594	ARHGDIA	NM_004309	534.63	1192.82	-2.23	0	658.19
6960554	LCN2	NM_005564	94.98	211.66	-2.23	0	116.69
20452	IRF3	NM_001571	148.94	328.82	-2.21	0	179.88
4890192	HIST1H2AC		117.65	259.36	-2.2	0	141.71
3420630	MAP4K1	NM_001042600	400.88	878.56	-2.19	0	477.68
4060066	ITGA2B	NM_000419	737.33	1603.19	-2.17	0.001	865.86
6270041	XAB2	NM_020196	233.45	498.15	-2.13	0	264.7
7330092	TNK2	NM_001010938	490.2	1039.22	-2.12	0	549.01
1770075	LOC728888	XR_015889	745.64	1541.06	-2.07	0	795.42
4540221	C19orf22	NM_138774	460.95	951.85	-2.06	0	490.9
2450112	CDK5RAP3	NM_025197	469.62	953.56	-2.03	0	483.94
2900386	WBP2	NM_012478	1044.02	2121.84	-2.03	0	1077.82
3420128	GP9	NM_000174	579.67	1177.74	-2.03	0	598.07
3610202	SH3BGRL2	NM_031469	152.81	308.98	-2.02	0	156.17
60673	MLF2	NM_005439	101.64	204.35	-2.01	0	102.71
770615	OSBPL7	NM_017731	126.77	254.53	-2.01	0	127.76
5260204	TBC1D10C	NM_198517	839.66	1691.35	-2.01	0	851.69
6020438	PLCB2	NM_004573	334.57	671.89	-2.01	0	337.32
6550390	DGKA	NM_001345	242.67	488.05	-2.01	0	245.38
6770619	RNPS1	NM_006711	276.94	556.28	-2.01	0	279.34
2900474	HLA-H		649.01	1294.79	-2	0.0027	645.78
3170768	NA	NA	383.18	760.81	-1.99	6.00E-04	377.63
2000482	C21orf7	NM_020152	599.93	1188.89	-1.98	0	588.96
4480736	PI4KB	NM_002651	179.69	355.21	-1.98	0	175.52
2630451	HIST2H2BE	NM_003528	137.16	269.8	-1.97	0	132.64
1410474	PILRB	NM_013440	286.53	560.99	-1.96	0	274.47
5820039	TMEM112B	NM_033200	123.76	242.83	-1.96	0	119.07
1780523	NA	NA	193.57	377.97	-1.95	0	184.4
3930382	STXBP2	NM_006949	788.13	1533.99	-1.95	0	745.87
4010398	NA	NA	170.57	328.21	-1.92	0	157.64
830452	SAFB2	NM_014649	198.94	380.52	-1.91	0	181.58
2350358	BCL2L1	NM_001191	169.87	324.92	-1.91	0	155.05
7200367	GNG11	NM_004126	793.19	1514.45	-1.91	0	721.26
5260520	SYTL1	NM_032872	121.11	230.61	-1.9	0	109.5
1110228	SNCA	NM_000345	208.04	392.05	-1.88	0	184.01
6180324	COPE	NM_007263	269.6	506.32	-1.88	0	236.72
430324	PTOV1	NM_017432	246.72	460.99	-1.87	0	214.27
3780209	PDLIM1	NM_020992	132.56	247.38	-1.87	0	114.82
610082	GDI1	NM_001493	146.94	273.25	-1.86	0	126.31
1240403	HK3	NM_002115	356.24	662.56	-1.86	0	306.32
1340598	SLC25A39	NM_016016	296.36	548.56	-1.85	0	252.19
2710762	MYO1G	NM_033054	602.09	1114.72	-1.85	0	512.62
3290133	LOC731986	XR_015678	141.38	261.47	-1.85	0	120.09
3390242	CTDSP1	NM_021198	297.18	551.22	-1.85	0	254.04
3780022	RASGRP2	NM_005825	374.55	692.72	-1.85	0	318.17
5090504	SRRM2	NM_016333	811.79	1504.72	-1.85	0	692.93
4560348	DOK2	NM_003974	278.68	512.07	-1.84	0	233.4
4150348	GPSN2	XM_001132190	321.95	588.26	-1.83	0	266.3
270047	NA	NA	298.57	542.68	-1.82	0	244.11
2030427	FAM3A	NM_021806	300.89	548.28	-1.82	0	247.39
3180682	FAM100B	NM_182565	523.35	953.14	-1.82	0	429.79
5090487	ACADVL	NM_000018	773.53	1410.61	-1.82	0	637.07
5720021	IL8RBP	NR_002712	182.78	333.5	-1.82	0	150.72
7160088	CENPT	NM_025082	187.72	339.59	-1.81	0	151.87
290452	TPM2	NM_003289	146.53	263.03	-1.8	0	116.5
940278	ILK	NM_001014794	248.9	447.97	-1.8	0	199.07
2640347	LOC647000	XM_929980	185.12	333.05	-1.8	0	147.93
2650079	ACTB	NM_001101	989.64	1778.05	-1.8	0	788.4
4290066	SPI1	NM_001080547	575.71	1038.86	-1.8	0	463.16
20332	SH3BP1	NM_018957	177.69	318.29	-1.79	0	140.6
360671	MMD	NM_012329	433.06	776.98	-1.79	0	343.92
1070088	FLAD1	NM_025207	191.07	341.66	-1.79	0	150.6
1500739	LRRC33	NM_198565	201.66	360.83	-1.79	0	159.18
5560204	GABBR1	NM_001470	232.25	415.1	-1.79	0	182.85
5560450	CD4	NM_000616	159.82	285.51	-1.79	0	125.7
6250673	EIF5A	NM_001970	352.54	629.95	-1.79	0	277.41
7320484	SPTAN1	NM_003127	269.74	482.06	-1.79	0	212.32
290369	SF3B4	NM_005850	351.32	624.96	-1.78	0	273.64
990398	CD14	NM_000591	1719.59	3062.68	-1.78	0	1343.1
3390575	KIFC2	NM_145754	136.22	242.4	-1.78	0	106.18
3990482	URM1	NM_030914	359.68	641.55	-1.78	0	281.87
7100463	FAM108A3	XM_039721	680.71	1212.2	-1.78	0	531.49
2030161	CD37	NM_001040031	762.77	1348.88	-1.77	0	586.11
2690114	AP1G2	NM_003917	178.31	315.6	-1.77	0	137.28
4040035	TUBB1	NM_030773	571.52	1009.47	-1.77	2.00E-04	437.95
4540041	FCGRT	NM_004107	607.63	1078.25	-1.77	0	470.62
7200706	BAT1	NM_004640	561.58	993.73	-1.77	0	432.15
1110554	TM9SF4	NM_014742	254.75	447.44	-1.76	0	192.69
1660670	MEPCE	NM_019606	344.21	604.32	-1.76	0	260.11
1940113	BSG	NM_001728	216.24	380.69	-1.76	0	164.45
2140138	BAT5	NM_021160	153.3	269.15	-1.76	0	115.85
1240438	RGS18	NM_130782	628.1	1096.13	-1.75	1.00E-04	468.03
3710372	ARHGAP4	NM_001666	788.69	1380.47	-1.75	0	591.78
6270274	COPG	NM_016128	138.56	242.34	-1.75	0	103.78
5360435	SIGIRR	XM_001129013	353.75	616.42	-1.74	0	262.66
6380551	NR1H2	NM_007121	209.29	364.88	-1.74	0	155.58
7200180	HCLS1	NM_005335	1749.8	3042.52	-1.74	0	1292.72
460754	CDC25B	NM_004358	604.63	1043.93	-1.73	0	439.3
1850041	ADIPOR1	NM_015999	238.99	414.6	-1.73	0	175.61
7160390	GAPDH		792.56	1367.87	-1.73	0	575.31
1300095	F13A1	NM_000129	208.45	358.75	-1.72	0	150.29
1400270	PCSK7	NM_004716	317.18	545.85	-1.72	0	228.68
2710253	FAM38A	NM_014745	588.03	1013.37	-1.72	0	425.34
4760487	PGRMC1	NM_006667	546.91	942.91	-1.72	0	396
6650601	PIN1	NM_006221	433.67	747.54	-1.72	0	313.88
4780767	XPO6	NM_015171	358.65	614.8	-1.71	0	256.15
5310014	MAR2	XM_001131240	241.95	414.35	-1.71	0	172.4
240368	RP11-365K22.1	XM_936630	7205.11	12225.47	-1.7	0	5020.36
450754	ALDOA	NM_000034	684.35	1162.83	-1.7	0	478.48
2140672	IMPDH1	NM_000883	485.28	822.97	-1.7	0	337.7
4200180	AES	NM_001130	613.94	1045.92	-1.7	0	431.98
6350364	PPBP	NM_002704	2640.11	4478.37	-1.7	0	1838.26
6450037	SUPT5H	NM_003169	186.91	317.82	-1.7	0	130.91
6250066	DNAJB2	NM_001039550	307.83	519.65	-1.69	0	211.82
7550451	NPEPL1	NM_024663	385.08	650.36	-1.69	0	265.28
4180382	ADAM8	NM_001109	205.01	343.8	-1.68	0	138.79
5720647	ADAM19	NM_023038	387.35	652.13	-1.68	0	264.78
7380347	ALG3	NM_005787	172.55	290.07	-1.68	0	117.52
2190369	PRPF3	NM_004698	280.22	466.63	-1.67	0	186.41
3870022	MAN2B1	NM_000528	153.76	256.03	-1.67	0	102.27
1940561	AXIN1	NM_003502	198.15	328.02	-1.66	0	129.87
3450328	GRN	NM_001012479	395.38	655.95	-1.66	0	260.57
4010161	PRPF31	NM_015629	254.23	420.99	-1.66	0	166.76
4150102	PTPN23	NM_015466	166.87	277.33	-1.66	0	110.46
2450414	SERPINA1	NM_000295	1414.34	2338.25	-1.65	0	923.91
2690491	CORO1A		1264.18	2091.22	-1.65	0	827.04
4280369	SDPR	NM_004657	592.27	978.78	-1.65	1.00E-04	386.51
4780022	SEMA4A	NM_022367	221.23	365.19	-1.65	0	143.95
5080187	SPRYD3	NM_032840	162.95	268.83	-1.65	0	105.88
5290332	TRAPPC1	NM_021210	330.51	544.15	-1.65	0	213.64
6380451	GPSM3	NM_022107	769.49	1267.49	-1.65	0	497.99
7380288	ANAPC5	NM_016237	567	938.05	-1.65	0	371.06
7560370	EDG4	NM_004720	218.21	360.55	-1.65	0	142.34
4850192	CD6	NM_006725	754.32	1233.85	-1.64	0	479.53
6290239	MCM7	NM_005916	481.2	789.23	-1.64	0	308.03
6760487	FXYD5	NM_014164	1533.73	2515.36	-1.64	0	981.63
1170113	PLXNB2	XM_371474	379.12	619.21	-1.63	0	240.1
1190647	APEX1	NM_001641	435.35	707.75	-1.63	0	272.39
1990762	CALM3	NM_005184	2213.3	3599.45	-1.63	0	1386.15
4050139	ACTN4		202.76	329.51	-1.63	0	126.75
4180356	ZAP70	NM_001079	199.06	325.41	-1.63	0	126.36
4210037	ZNF266	NM_006631	321.57	523.26	-1.63	0	201.7
4220253	TMEM140	NM_018295	174.05	283.86	-1.63	0	109.81
5340246	CD9	NM_001769	266.98	436.09	-1.63	0	169.11
6270300	POLDIP3	NM_032311	252.52	410.91	-1.63	0	158.4
6650142	CXCR4	NM_001008540	267.32	436.55	-1.63	7.00E-04	169.23
6760059	NA	NA	235.73	385.29	-1.63	0	149.56
7150612	C9orf142	NM_183241	537.35	878.35	-1.63	0	341
60543	PSCD4	NM_013385	612.68	995.09	-1.62	0	382.41
2510138	SDF4	NM_016176	253.88	410.17	-1.62	0	156.29
2650369	STAB1	NM_015136	221.95	358.47	-1.62	0	136.51
3060438	CA2	NM_000067	189.32	307.39	-1.62	0.0178	118.07
3400731	CENTB1	NM_014716	313.02	508.25	-1.62	0	195.23
4050411	ALDH16A1	NM_153329	227.92	369.11	-1.62	0	141.18
4230551	DYNLRB1	NM_014183	502.55	812.79	-1.62	0	310.23
4760541	NADSYN1	NM_018161	240.67	390.11	-1.62	0	149.45
520142	URP2	NM_031471	295.42	477.09	-1.61	0	181.68
2570497	TMC6	NM_007267	536.83	864.61	-1.61	0	327.78
2600255	KIAA1967	NM_021174	204.32	328.54	-1.61	0	124.23
4050347	ADRM1	NM_007002	342.66	551.43	-1.61	0	208.78
4200681	LOC339344	NM_001012643	274.06	441.43	-1.61	0	167.37
5550746	CHMP7	NM_152272	245.98	395.63	-1.61	0	149.65
5900241	SF3A2	NM_007165	343.57	551.62	-1.61	0	208.04
6510021	IRF9	NM_006084	581.54	935.32	-1.61	0	353.78
620767	NBEAL2	XM_291064	195.64	313.32	-1.6	0	117.68
2000026	LOC643031	XM_926402	1477.23	2368.35	-1.6	0	891.12
5310270	NSUN5	NM_018044	265.77	425.68	-1.6	0	159.91
5890088	MRCL3	NM_006471	2364.61	3788.91	-1.6	3.00E-04	1424.3
6480707	PSCD1	NM_004762	403.87	647.15	-1.6	0	243.28
1190091	UQCRC1		288.4	458.4	-1.59	0	170
2630600	WDR40A	NM_015397	267.73	424.96	-1.59	0	157.23
5870328	GNAI2	NM_002070	1113.13	1766.99	-1.59	0	653.85
6350167	C15orf39	NM_015492	262.89	417.33	-1.59	0	154.44
70242	LAPTM5	NM_006762	1499.99	2365.22	-1.58	0	865.23
2490315	ATP13A1	NM_020410	188.58	297.83	-1.58	0	109.25
3190202	TERF2IP	NM_018975	381.47	603.01	-1.58	0	221.54
3290059	C6orf136	NM_001109938	191.79	303.42	-1.58	0	111.63
3450148	C7orf41	NM_152793	348.18	548.7	-1.58	6.00E-04	200.53
3870026	RHOT2	NM_138769	206.25	326.16	-1.58	0	119.91
4290195	TIMP1	NM_003254	1513.34	2395.6	-1.58	0	882.26
1570204	INTS3	NM_023015	205.38	323.27	-1.57	0	117.89
3140093	LZTR1	NM_006767	337.28	528.79	-1.57	0	191.5
3420315	MAT2A	NM_005911	1078.63	1688.9	-1.57	0	610.27
3610162	DDX41	NM_016222	203.76	319.36	-1.57	0	115.6
5810681	ICAM3	NM_002162	1794.62	2809.68	-1.57	0	1015.06
6330291	LOC338799	NR_002809	531.71	837.34	-1.57	0	305.63
7150360	ARHGEF2	NM_004723	1132.93	1780.08	-1.57	0	647.15
1300743	TSC22D3	NM_001015881	1869.7	2909.99	-1.56	0	1040.28
4070070	C22orf13	NM_031444	534.25	834.05	-1.56	0	299.8
4920719	TRIM22	NM_006074	346.06	540.29	-1.56	0	194.24
6370025	PASK	NM_015148	186.5	291.77	-1.56	1.00E-04	105.28
6840192	EIF3B	NM_001037283	202.79	315.82	-1.56	0	113.03
7150112	TNFRSF1A	NM_001065	412.26	643.71	-1.56	0	231.46
2370673	CD99	NM_002414	724.01	1122.84	-1.55	0	398.82
5490128	TUBA1C	NM_032704	596.92	922.97	-1.55	0	326.06
5720072	PTPRCAP	NM_005608	471.53	730.72	-1.55	0	259.19
6350376	HSPA8	NM_006597	1920.59	2971.72	-1.55	0	1051.14
1190278	FKSG30	NM_001017421	816.6	1253.63	-1.54	0	437.03
2680438	MAN2C1	NM_006715	275.19	424.29	-1.54	1.00E-04	149.1
2940044	USP5	NM_001098536	236.84	365.4	-1.54	0	128.57
4890431	LRCH4	NM_002319	596.59	920.63	-1.54	0	324.05
4920121	CD27	NM_001242	288.7	444.86	-1.54	3.00E-04	156.16
5050504	EDEM2	NM_018217	249.52	383.06	-1.54	0	133.54
5390719	LOC644037	XR_017337	848.23	1307.44	-1.54	0	459.22
6450598	PARVG	NM_022141	459.01	708.11	-1.54	0	249.1
6480035	CTSA	NM_000308	231.51	356.68	-1.54	0	125.16
6520475	STX5	XM_001128716	453.17	697.99	-1.54	0	244.82
7400431	ILF2	NM_004515	521.49	801.97	-1.54	0	280.48
840356	MVP	NM_005115	537.08	822.65	-1.53	0	285.57
1010730	FBXO7	NM_001033024	248.03	380.66	-1.53	0	132.63
1660091	CD19	NM_001770	210.17	322.54	-1.53	4.00E-04	112.37
2940050	CROP	NM_006107	200.63	306.27	-1.53	0	105.64
3830747	PNN	NM_002687	332.25	509	-1.53	0	176.75
4860195	G6PC3	NM_138387	251.51	384.84	-1.53	0	133.33
5050424	NA	NA	475.37	727.61	-1.53	0.0371	252.25
1580181	TKT	NM_001064	2121.32	3219.72	-1.52	0	1098.4
1980519	MBTPS1	NM_201268	273.63	415.39	-1.52	0	141.76
2230059	LOC649800	XR_018710	740.75	1126.3	-1.52	0	385.55
2510035	ARHGAP9	NM_001080156	740.3	1126.67	-1.52	0	386.37
2690537	HLA-B		4376.97	6641.37	-1.52	0	2264.39
5690553	NDRG1	NM_006096	322.61	489.2	-1.52	0	166.58
6110646	MYST3	NM_001099412	465.94	707.03	-1.52	0	241.09
6270021	HNRPM	NM_005968	1340.36	2041.38	-1.52	0	701.02
6350273	LMBR1L	NM_018113	211.15	320.57	-1.52	0	109.41
7330537	RAD23A	NM_005053	320.29	485.75	-1.52	0	165.46
670041	TRBC1		1646.75	2493.42	-1.51	0	846.66
1940551	ZNF185	NM_007150	243.2	367.54	-1.51	0	124.34
2030452	DDX42	NM_007372	319.08	481.41	-1.51	0	162.33
2630544	TACC3	NM_006342	210.04	317.29	-1.51	0	107.25
3710082	NISCH	NM_007184	276.7	417.92	-1.51	0	141.21
3850678	LYL1	NM_005583	217.46	327.47	-1.51	0	110.01
3940148	NA	NA	422.11	637.25	-1.51	0	215.14
5050398	RPL36	NM_015414	2548.73	3838.14	-1.51	0	1289.4
1070414	C19orf43	NM_024038	661.14	993.25	-1.5	0	332.12
1820767	RERE	NM_001042681	225.1	336.96	-1.5	0	111.86
6520576	IRF1	NM_002198	1069.06	1599.74	-1.5	0	530.67
7380112	TPI1	NM_000365	497.32	747.98	-1.5	0	250.66
1090064	CD74	NM_001025158	4394.45	6537.06	-1.49	0	2142.61
1780347	C17orf62	NM_001033046	236.14	352.64	-1.49	0	116.5
2490356	LOC127295	XM_060417	1237.74	1840.81	-1.49	0	603.07
3710753	PLEKHM2	XM_290944	335.89	501.9	-1.49	0	166.02
4280332	DDX24	NM_020414	340.37	507.51	-1.49	0	167.14
5270349	CNOT2	NM_014515	283.64	422.68	-1.49	0	139.04
5560280	CECR1	NM_017424	1319.19	1959.6	-1.49	0	640.4
5890274	PTTG1IP	NM_004339	228.15	340.29	-1.49	0	112.14
6020500	NUP210	NM_024923	228.72	341.49	-1.49	0	112.77
6520292	UBE1	NM_003334	277.97	413.26	-1.49	0	135.29
110398	C1orf43	NM_001098616	412.53	609.77	-1.48	0	197.25
990671	UCP2	NM_003355	524	773.76	-1.48	0	249.76
1110215	FAM62A	NM_015292	836.1	1236.38	-1.48	0	400.28
4260446	ARID3A	NM_005224	235.06	347.03	-1.48	0	111.97
4290326	PPP2R1A	NM_014225	566.82	838.53	-1.48	0	271.71
4590082	PRPF8	NM_006445	519.59	766.73	-1.48	0	247.14
4850070	LOC653635	XR_017611	491.7	727.06	-1.48	0	235.36
5220538	IL10RA	NM_001558	568.6	841.28	-1.48	0	272.68
6380563	YPEL3	NM_031477	314.11	463.83	-1.48	0	149.72
6960333	CYFIP2	NM_001037332	1090.4	1613.04	-1.48	0	522.64
7570408	LOC442578	NM_001013739	264	390.44	-1.48	0	126.44
990521	ZZEF1	NM_015113	279.33	410.89	-1.47	0	131.56
1190079	LOC642817	XR_016373	463.81	682.64	-1.47	0	218.83
1740358	NA	NA	1765.72	2601.15	-1.47	0	835.43
2650390	PLCG1	NM_002660	270.6	398.09	-1.47	1.00E-04	127.49
3180470	DEF8	NM_017702	238.46	350.98	-1.47	0	112.52
3400328	ADA	NM_000022	262.42	386.06	-1.47	0	123.64
4890762	CPNE1	NM_003915	279.44	411.47	-1.47	0	132.03
5130082	HSP90AB1	NM_007355	454.59	669.56	-1.47	0	214.97
6040039	SFXN3	NM_030971	220.98	324.1	-1.47	0	103.12
7330451	SULT1A1	NM_001055	379.16	555.56	-1.47	0	176.41
7570100	C11orf2	NM_013265	636.24	933.44	-1.47	0	297.2
20634	SNRPA1	NM_003090	458.01	667.76	-1.46	0	209.75
70142	NA	NA	3014.39	4399.4	-1.46	0	1385.01
4730300	RBM5	NM_005778	555.56	809.97	-1.46	0	254.4
5310228	ZMIZ1	NM_020338	411.42	600.14	-1.46	0	188.72
6110132	RPP21	NM_024839	557.97	816.45	-1.46	0	258.48
6380414	AKNA	NM_030767	727.54	1064.16	-1.46	0	336.62
6590523	GIMAP6	NM_001007224	502.77	734.34	-1.46	0	231.58
6900685	LOC728392	XM_001130568	231.18	336.7	-1.46	0	105.52
7150465	SNX17	NM_014748	533.91	780.81	-1.46	0	246.91
2190360	RHOG	NM_001665	1161.52	1682.87	-1.45	0	521.35
2640373	RFX5	NM_000449	315.03	457.51	-1.45	0	142.48
4610433	TSEN34	NM_001077446	229.07	331.43	-1.45	0	102.36
5310327	VPS28	NM_016208	505.84	733.99	-1.45	0	228.15
5360717	EFTUD2	NM_004247	284.55	414	-1.45	0	129.45
5570554	BSDC1	NM_018045	334.21	483.27	-1.45	0	149.06
6520497	ACTG1	NM_001614	316.99	461.14	-1.45	1.00E-04	144.15
110128	LOC729843	XR_016056	244.85	353.4	-1.44	0	108.55
1170041	TSPAN33	NM_178562	390.23	561.74	-1.44	0.0038	171.51
1430521	PHB2	NM_007273	282.42	406.63	-1.44	0	124.21
1980719	PTPN6	NM_002831	827.08	1187.36	-1.44	0	360.29
1990753	RPS29	NM_001030001	10505.64	15106.89	-1.44	0	4601.26
2000440	LRP10	NM_014045	348.72	502.63	-1.44	0	153.91
4220546	PTPRE	NM_006504	431.15	620.99	-1.44	0	189.84
6060324	SLC9A3R1	NM_004252	834.26	1199.4	-1.44	0	365.14
6960725	WDR59	NM_030581	243.97	351.13	-1.44	0	107.16
7380170	IDH3B	NM_006899	750.82	1077.83	-1.44	0	327.01
2490037	PUM2	NM_015317	339.08	485.93	-1.43	0	146.85
2600605	STOML2	NM_013442	371.8	532.52	-1.43	0	160.72
2750544	DMAP1	NM_001034023	262.53	375.66	-1.43	0	113.12
3870088	NA	NA	9312.87	13319.38	-1.43	0	4006.51
4040609	LDHB	NM_002300	678.26	972.92	-1.43	0	294.65
7570673	LOC645895	XM_928866	7022.68	10038.32	-1.43	0	3015.64
1230463	M-RIP	NM_015134	239.85	341.1	-1.42	0	101.26
1340154	LOC347292	XM_294581	263.76	375.84	-1.42	0	112.08
1770181	KIAA1949	XM_929867	743.65	1053.07	-1.42	0	309.42
2000719	TBXAS1	NM_001061	486.64	689.75	-1.42	0	203.11
2260520	EXOC7	NM_001013839	346.44	493.37	-1.42	0	146.93
2630563	USF2	NM_003367	263.2	374.51	-1.42	0	111.31
4890711	EMD	NM_000117	626.32	888.32	-1.42	0	261.99
5360541	TCIRG1	NM_006019	404.18	573.63	-1.42	0	169.44
5960026	RPS29	NM_001030001	9441.56	13448.13	-1.42	0	4006.57
7200068	RGL2	NM_004761	397.69	563.94	-1.42	0	166.25
7570553	MGC71993	NM_001004333	898.84	1272.95	-1.42	0	374.11
1050047	MYD88	NM_002468	360.4	507.67	-1.41	0	147.27
2190452	GUK1	NM_000858	535.3	754.77	-1.41	0	219.47
5270672	GPX4	NM_001039847	754.49	1063.89	-1.41	0	309.39
5560446	GPR56	NM_005682	527.61	746.38	-1.41	0.0449	218.78
6100064	HNRPDL	NM_005463	344.59	486.1	-1.41	2.00E-04	141.51
6290088	ZNF581	NM_016535	294.62	416.72	-1.41	0	122.1
6450228	HK1	NM_000188	1098.05	1544.69	-1.41	0	446.64
6520605	PIK3IP1	NM_052880	758.94	1066.62	-1.41	2.00E-04	307.68
6590397	ATHL1	NM_025092	282.94	400.26	-1.41	0	117.32
940224	NDUFV1	NM_007103	270.25	378.58	-1.4	0	108.33
990424	CTBP1	NM_001012614	434.01	608.93	-1.4	0	174.92
2480424	CAPNS1	NM_001003962	454.05	634.14	-1.4	0	180.1
3610592	SBF1	NM_002972	296.21	415.41	-1.4	0	119.2
5490241	KIAA0913	NM_001010864	271.9	381.1	-1.4	0	109.2
290646	RPL13	NM_000977	1345.32	1870.1	-1.39	0	524.78
380685	NOSIP	NM_015953	662.86	919.25	-1.39	2.00E-04	256.4
1410615	IRAK1		401.72	559.4	-1.39	0	157.68
4490719	TAF10	NM_006284	469.18	653.46	-1.39	0	184.29
4900039	SYVN1	NM_032431	320.09	445.6	-1.39	0	125.5
5050221	STAT5A	NM_003152	360.07	499.1	-1.39	0	139.03
5910139	PRMT1	NM_001536	368.38	510.21	-1.39	0	141.83
6220201	PPP1R2	NM_006241	402.1	559.13	-1.39	0	157.03
7320189	FES	NM_002005	312.17	433.25	-1.39	0	121.08
1340066	MBD6	NM_052897	264.17	365.14	-1.38	0	100.97
1940161	TMSL3	NM_183049	10847.98	14987.13	-1.38	0	4139.16
3370687	SCAMP3		333.41	460.59	-1.38	0	127.17
3390008	RASSF7	NM_003475	396.56	548.32	-1.38	0	151.76
3450673	CFL1	NM_005507	2221.02	3066.01	-1.38	0	844.98
3990639	TRBC1		1876.83	2596.63	-1.38	0	719.8
4050523	SLC44A2	NM_020428	912.99	1255.96	-1.38	0	342.98
4060202	MAPRE2	NM_014268	466.99	646.44	-1.38	0	179.45
6290431	EIF3G	NM_003755	1264.03	1741.42	-1.38	0	477.39
6480386	LOC51035	NM_015853	679.82	940.41	-1.38	0	260.59
6840500	FNBP4	NM_015308	280.23	385.35	-1.38	0	105.12
6980072	RNPEP	NM_020216	400.9	553	-1.38	0.0022	152.09
7200079	C20orf52	NM_080748	714.95	988.12	-1.38	0	273.17
430537	BLOC1S1	NM_001487	509.5	698.49	-1.37	0	188.99
2070523	C11orf59	NM_017907	611.34	836.73	-1.37	0	225.39
3400504	IMPDH2	NM_000884	378.3	517.26	-1.37	0	138.97
4040494	HNRNPA2B1	NM_002137	365.62	502.01	-1.37	0	136.4
4210056	TNFAIP2	NM_006291	291.17	398.65	-1.37	0	107.48
5670521	EIF2S3	NM_001415	578.62	791.28	-1.37	0	212.66
5690632	LIMK1	NM_002314	328.73	450.9	-1.37	0	122.17
6350113	C13orf15	XM_001132553	566	774.22	-1.37	0.0081	208.22
160240	DDX39	NM_005804	641.95	872.87	-1.36	0	230.92
1450246	PCBP2	NM_001098620	1575.35	2137.88	-1.36	0	562.53
2710278	SHMT2	NM_005412	405	549.8	-1.36	0	144.8
3290341	ZGPAT	NM_181484	384.88	525.27	-1.36	0	140.4
3420148	CLDND1	NM_001040184	457.02	623.1	-1.36	0	166.08
4180286	WAS	NM_000377	1840.55	2496.69	-1.36	0	656.14
6480674	NKTR	NM_001012651	554.35	755.23	-1.36	0	200.88
7210703	RAC2	NM_002872	3355.61	4548.14	-1.36	0	1192.52
7320193	PGLS	NM_012088	380.67	518.66	-1.36	0	137.99
1300768	AKR1A1	NM_006066	469.09	631.98	-1.35	0	162.89
1710286	MFNG	NM_002405	1024.36	1380.48	-1.35	0	356.12
3940543	HARS	NM_002109	337.17	455.87	-1.35	0	118.7
4180092	CEBPD	NM_005195	1476.32	1989.77	-1.35	0	513.46
5390255	RBM23	NM_001077351	422.04	569.72	-1.35	0	147.68
5960333	AOAH	NM_001637	348.32	468.93	-1.35	0.0031	120.61
6400021	HSPB1	NM_001540	524.64	710.18	-1.35	0	185.54
6760347	ELF4	NM_001421	323.54	436.11	-1.35	0	112.57
7160669	APBB1IP	NM_019043	407.34	550.07	-1.35	0	142.73
7210575	NA	NA	745.9	1006.11	-1.35	0	260.22
2070239	LOC645683	XR_017568	7051.69	9482.19	-1.34	0	2430.5
2370170	IMMT	NM_001100169	318.18	426.17	-1.34	8.00E-04	108
3610463	ERCC5	NM_000123	387	518.88	-1.34	0	131.88
3930538	PNPLA6	NM_006702	373.95	502.8	-1.34	0	128.85
4060121	UROD		355.43	474.92	-1.34	0	119.49
4210487	CSK	NM_004383	885.33	1187.11	-1.34	0	301.78
4880181	RIC8A	NM_021932	311.82	417.71	-1.34	0	105.89
5890674	RPS6KA1	NM_001006665	470.51	632.16	-1.34	0	161.65
7330541	ARPC4	NM_001024959	617.78	827.84	-1.34	0	210.05
1010136	HSPA6	XM_001134322	371.57	495.12	-1.33	0.0017	123.55
1940450	NME2	NM_001018137	1089.67	1453.69	-1.33	0	364.02
2680520	HNRNPA2B1	NM_002137	1376.34	1827.25	-1.33	0	450.91
3170092	GLTSCR2	NM_015710	4331.63	5776.38	-1.33	0	1444.75
4590646	FCRL3	NM_001024667	331.31	442.08	-1.33	0.0118	110.77
4920092	SLC2A3	NM_006931	1367.13	1817.87	-1.33	0.0014	450.75
5690673	RBMX	NM_002139	484.51	645.18	-1.33	0	160.67
7050291	NA	NA	6698.89	8937.3	-1.33	0	2238.42
580072	GRN	NM_001012479	958.46	1265.98	-1.32	4.00E-04	307.52
580241	CD53	NM_000560	566.65	745.61	-1.32	0	178.97
1430743	CYC1	NM_001916	452.47	595.42	-1.32	0	142.95
2940035	GPX1	NM_000581	2668.53	3520.44	-1.32	1.00E-04	851.92
3370736	PSMG2	NM_020232	837.09	1101.4	-1.32	0	264.31
3520072	P4HB	NM_000918	512.42	674.01	-1.32	0	161.59
4640528	TRAF3IP3	NM_025228	469.03	618.93	-1.32	1.00E-04	149.9
4730156	RAB24	NM_001031677	731.44	967.37	-1.32	0	235.93
5290523	RPS27	NM_001030	11742.24	15497.89	-1.32	0	3755.65
5310059	MZF1	NM_003422	339.69	449.78	-1.32	0	110.09
5900156	TUBA1B	NM_006082	3057.56	4042.67	-1.32	0	985.1
6020768	LCP2	NM_005565	959.27	1262.5	-1.32	0	303.23
6520743	VKORC1	NM_024006	623.43	824.48	-1.32	0	201.05
7000343	RBPJ	NM_005349	974.47	1288.09	-1.32	0	313.62
650019	PGD	NM_002631	397.23	519.87	-1.31	1.00E-04	122.63
1170390	STOM	NM_004099	891.35	1168.92	-1.31	1.00E-04	277.57
2070634	CERK	NM_182661	430.77	563.64	-1.31	0	132.88
2680653	ENO1	NM_001428	2073.47	2719.52	-1.31	0	646.05
2760639	POLR2A	NM_000937	1608.46	2113.5	-1.31	0	505.04
3850025	TAF1C	NM_005679	502.8	656.99	-1.31	0	154.19
4180142	EIF3EIP	NM_016091	1942.9	2542.04	-1.31	0	599.14
4250328	MGAT1	NM_002406	975.58	1280.01	-1.31	0	304.43
5290634	DPEP2	NM_022355	403.51	530.44	-1.31	0	126.92
5570750	UNC84B	NM_015374	494.85	646.74	-1.31	0	151.89
6220019	LOC124446	NM_001083613	348.26	456.12	-1.31	0	107.85
7200673	PSME4	NM_014614	388.36	508.21	-1.31	0	119.85
7380671	TBCB	NM_001281	616.64	806.38	-1.31	0	189.74
7550402	ITGAL	NM_002209	568.49	742.63	-1.31	0	174.13
360056	NRD1	NM_001101662	377	489.76	-1.3	0	112.75
610291	WARS	NM_004184	422.13	546.79	-1.3	0.0011	124.67
1470019	FGR	NM_001042729	1274.56	1654.79	-1.3	0	380.23
1510008	TAPBP	NM_003190	554.9	722.16	-1.3	2.00E-04	167.25
1770468	STAT4	NM_003151	423.02	549.21	-1.3	0.0051	126.18
2070255	DRAP1	NM_006442	448.33	582.2	-1.3	0	133.87
2490468	UXT	NM_004182	1941.7	2526.22	-1.3	0	584.53
3420471	ST6GAL1	NM_003032	562.3	730.44	-1.3	0	168.14
3990626	IL7R	XM_001127146	2100.47	2738.89	-1.3	0.0092	638.42
4050706	SH3BGRL3	NM_031286	1329.6	1732.88	-1.3	0	403.28
4490292	MAP2K1	NM_002755	466.62	605.24	-1.3	0	138.62
6620167	ATP6V0B	NM_001039457	998.22	1296.11	-1.3	0	297.89
6660193	RPL4	NM_000968	2799.04	3637.46	-1.3	0	838.42
7550224	COTL1	NM_021149	529.81	690.49	-1.3	0	160.68
1710170	SLC7A7	NM_003982	1314.97	1693.14	-1.29	4.00E-04	378.17
1770070	TGFBR2	NM_001024847	680.21	877.25	-1.29	0	197.04
2070468	SNRP70	NM_001009820	1242.84	1597.78	-1.29	0	354.94
2370315	SF3B1	NM_001005526	772.08	999.53	-1.29	0	227.45
3060059	ARCN1	NM_001655	397.51	511.32	-1.29	0	113.81
3390685	MKRN1	NM_013446	1112.14	1430.9	-1.29	0	318.76
3610703	P2RY8	NM_178129	692.13	894.73	-1.29	0	202.6
3930546	C6orf32	NM_015864	1211.69	1558.68	-1.29	0	346.99
4810703	NA	NA	1067.99	1382.09	-1.29	0	314.09
5570564	PQLC1	NM_025078	588.27	757.11	-1.29	0	168.84
5910273	TCF25	NM_014972	1108.42	1434.01	-1.29	0	325.59
6760768	CSNK2B	NM_001320	719.28	926.51	-1.29	0	207.22
840379	SLC25A28	NM_031212	724.6	930.21	-1.28	0	205.61
1170497	SIRPA	NM_001040022	1504.76	1933.35	-1.28	3.00E-04	428.59
1500437	RPL3	NM_000967	5540.1	7073.7	-1.28	0	1533.6
2640722	CD33	NM_001082618	433.95	555.45	-1.28	0.0021	121.49
3400601	LOC653888	XM_936251	520.97	668.34	-1.28	0	147.36
6770653	DDX5	NM_004396	2831.3	3617.97	-1.28	0	786.67
7160767	UBE2Z	NM_023079	603.2	772.69	-1.28	0	169.49
7400669	HLA-A		3914.33	4999.88	-1.28	0	1085.55
1440382	UBE2G2	NM_003343	461.49	585.23	-1.27	0	123.74
2600706	RAB6IP1	NM_015213	544.75	689.99	-1.27	0	145.24
2690368	SH3KBP1	NM_001024666	1105.37	1400.16	-1.27	0	294.79
5900021	WDR6	NM_018031	551.96	703.71	-1.27	1.00E-04	151.75
6480646	TYK2	NM_003331	1083.27	1375.81	-1.27	0	292.54
6840403	NA	NA	5543.37	7024.06	-1.27	0	1480.69
7210386	RBMS1	NM_002897	424.34	539.04	-1.27	0	114.71
60044	DEF6	NM_022047	415.46	524.97	-1.26	0	109.51
1010301	DYNC1H1	NM_001376	1479.5	1865.95	-1.26	0	386.45
1230743	DCTN2	NM_006400	690.46	868.95	-1.26	0	178.48
1450367	ARHGEF3	NM_019555	1092.42	1377.7	-1.26	9.00E-04	285.27
4560102	NA	NA	380.3	480.49	-1.26	0	100.19
6760670	TRA@		506	639.53	-1.26	0.0093	133.53
7320088	USP49	NM_018561	1140.18	1439.02	-1.26	0.0044	298.84
10593	PTDSS1	NM_014754	420.57	527.32	-1.25	0	106.75
450091	TMEM123	NM_052932	892.39	1113.85	-1.25	0	221.46
840184	SFRS14	NM_001017392	855.44	1072.61	-1.25	0	217.17
1190241	CD2	NM_001767	794.28	990.65	-1.25	0.0201	196.37
2070315	SHC1	NM_003029	407.47	508.3	-1.25	0	100.82
2850270	SSH2	NM_033389	485.79	607.48	-1.25	3.00E-04	121.69
4730612	RPS17	NM_001021	3917.49	4879.02	-1.25	0	961.53
6220070	MLKL	XM_001126647	817.69	1019.09	-1.25	0	201.4
6370041	TTC3	NM_001001894	484.53	605.88	-1.25	0.0042	121.36
6860403	RHOA	NM_001664	1969.03	2469.23	-1.25	0	500.2
7000537	NA	NA	3589.1	4482.28	-1.25	0.0069	893.19
60328	LOC339123	NM_001005920	887.03	1103.89	-1.24	0	216.87
770458	ECH1	NM_001398	795.64	985.27	-1.24	0	189.62
870164	ATP5J2	NM_001003713	785.55	975.49	-1.24	0	189.94
1470392	FYN	NM_002037	425.05	527.47	-1.24	0	102.42
2640156	IL27RA	NM_004843	441.79	549.19	-1.24	9.00E-04	107.4
2810402	FLJ10154	NM_018011	1336.41	1662.25	-1.24	0	325.84
3840019	ARHGAP25	NM_001007231	475.54	590.53	-1.24	0.0085	114.99
4880195	NSUN2	NM_017755	597.35	742.79	-1.24	0	145.43
4920376	MAPK3	NM_001040056	725.75	900.88	-1.24	0	175.13
5550195	CST3		3749.07	4661.58	-1.24	9.00E-04	912.52
6270608	EML3	NM_153265	802.91	994.02	-1.24	0	191.11
6480010	RPL15	NM_002948	1823.16	2260.43	-1.24	0	437.27
6590253	CREG1	NM_003851	420.65	523.35	-1.24	2.00E-04	102.71
20328	STX11	NM_003764	530.72	655.15	-1.23	6.00E-04	124.44
510487	TPP1	NM_000391	924.23	1135.86	-1.23	0	211.63
1260609	LOC653635	XR_017611	972.4	1195.94	-1.23	0.001	223.55
1450270	C17orf49	NM_174893	431.42	531.65	-1.23	0	100.23
1570414	PRKCB1	NM_002738	1389.6	1702.82	-1.23	0	313.21
1660382	PPP4C	NM_002720	537.74	659.07	-1.23	0	121.33
2120324	SOD1	NM_000454	2113.59	2608.24	-1.23	0	494.65
3780162	ATP5D	NM_001001975	510.06	627.98	-1.23	0	117.92
4050537	C20orf43	NM_016407	991.84	1223.14	-1.23	0	231.3
4150551	ATG3	NM_022488	555.37	680.52	-1.23	0	125.15
4180082	EWSR1	NM_005243	660.9	809.66	-1.23	0	148.76
4490632	LOC388720	XM_371330	7939.03	9743.29	-1.23	0	1804.27
6220736	RGS10	NM_001005339	1485.14	1824.94	-1.23	0	339.8
150021	GNL2	NM_013285	469.32	570.35	-1.22	0	101.03
430059	COPA	NM_001098398	470.78	574.65	-1.22	0	103.86
1400136	CHMP2A	NM_014453	561.22	682.59	-1.22	0	121.37
2060746	GM2A	NM_000405	566.4	690.5	-1.22	0.0366	124.1
2640044	BASP1	NM_006317	583.19	713.91	-1.22	0.0383	130.73
3930593	SEMA4D	NM_006378	1004.81	1229.79	-1.22	8.00E-04	224.98
6130521	CAPN1	NM_005186	683.4	835.43	-1.22	0	152.03
6400309	CYBA	NM_000101	2334.37	2840.85	-1.22	1.00E-04	506.48
7160647	FCN1	NM_002003	7094.46	8637.38	-1.22	1.00E-04	1542.92
450603	CLCN7	NM_001287	1150.91	1388.61	-1.21	9.00E-04	237.71
580435	EIF1	NM_005801	2160.26	2605.85	-1.21	0.0066	445.59
1110053	POU2F2	NM_002698	1399.1	1698.15	-1.21	0.0028	299.05
1690544	ZYX	NM_001010972	1086.66	1313.37	-1.21	0.0015	226.71
2070451	CD97	NM_001025160	1920.62	2315.46	-1.21	0	394.84
4250487	RPS19		9630.76	11626.71	-1.21	0	1995.95
4280674	TYROBP	NM_003332	5589.2	6777.81	-1.21	4.00E-04	1188.6
7100348	S100A4	NM_002961	6487.27	7842.41	-1.21	0	1355.15
630711	RPLP0	NM_001002	2471.25	2975.22	-1.2	0	503.97
1010402	MGEA5	NM_012215	1411.78	1697.81	-1.2	0.0013	286.03
2900482	EIF3F	NM_003754	1119.17	1347.86	-1.2	0	228.69
4780743	EWSR1	NM_005243	675.71	812.03	-1.2	0	136.32
7610639	BTBD2	NM_017797	902.63	1083.25	-1.2	0	180.62
1240209	CTSD	NM_001909	2040.93	1694.5	1.2	0.0097	346.43
1340192	C15orf15	NM_016304	869.84	723.45	1.2	0	146.39
1450753	C6orf1	NM_001008703	803.29	666.77	1.2	0	136.52
2360458	TMEM14B	NM_030969	776.64	646.71	1.2	0	129.93
2940639	RPL9	NM_000661	11211.13	9342.32	1.2	0	1868.82
3130437	RPS14	NM_001025070	9679.07	8046.49	1.2	0	1632.58
4920408	NA	NA	2209.12	1839.69	1.2	0	369.43
5560523	PLOD1	NM_000302	616.68	513.59	1.2	0.0067	103.1
650292	NA	NA	4838.16	3996.46	1.21	0	841.69
1260301	ZNF467	NM_207336	977.92	809.7	1.21	0.0034	168.22
2900035	SNX27	NM_030918	718.19	593.97	1.21	2.00E-04	124.21
4180564	NA	NA	3534.23	2929.55	1.21	0.0093	604.69
4860603	CXCL16	NM_001100812	638.52	525.96	1.21	0.0426	112.56
4900504	GSDMDC1	NM_024736	935.13	769.88	1.21	0.0014	165.25
4920180	CMTM7	NM_138410	1841.12	1526.37	1.21	0	314.75
6370181	RPL11	NM_000975	11058.72	9136.46	1.21	2.00E-04	1922.26
6370239	NA	NA	883.65	732.62	1.21	0	151.03
6580189	LOC649821	XM_942212	6075.15	5024.12	1.21	0	1051.03
6650215	LYN	NM_002350	1177.64	974.77	1.21	0.0062	202.87
1240546	RALGDS	NM_001042368	1471.46	1202.72	1.22	0.0029	268.74
1300521	KLF6	NM_001008490	714.09	584.33	1.22	0.0284	129.76
1430347	LOC158345		2175.24	1783.19	1.22	1.00E-04	392.05
1660753	LOC650283	XM_939370	8597.4	7021.82	1.22	0	1575.58
2900121	ARMET	NM_006010	1000.02	820.62	1.22	0	179.4
3120292	MS4A6A	NM_022349	2093.97	1718.72	1.22	5.00E-04	375.26
3440390	hCG_1794003		8702.43	7109.35	1.22	4.00E-04	1593.09
3940184	LILRB3	NM_001081450	1684.79	1385.15	1.22	0.0026	299.64
4860619	MRPL51	NM_016497	672.54	550.71	1.22	8.00E-04	121.83
5900600	LOC644511	XM_934381	2975.82	2431.72	1.22	0.0024	544.09
6220291	ULK1	XM_001133335	653.26	537.24	1.22	1.00E-04	116.02
6270358	LOC650901	XM_946019	9643.84	7898.56	1.22	0	1745.28
7160458	FBXL10	NM_001005366	769.57	631.97	1.22	0	137.6
150132	NDUFA1	NM_004541	3166.28	2571.2	1.23	0	595.08
1430064	C20orf24	NM_018840	1769.26	1439.29	1.23	0	329.98
2850471	TMEM59	NM_004872	1132.02	923.58	1.23	0	208.44
3990176	PROSC	NM_007198	565.75	461.12	1.23	0	104.63
4610309	CD7	NM_006137	957.99	779.96	1.23	0.0131	178.02
5270433	VAMP8	NM_003761	3227.86	2632.9	1.23	0	594.96
5560328	PRDX1	NM_002574	2861.33	2321.04	1.23	0	540.28
6220615	ATPIF1	NM_016311	547.06	446.26	1.23	0	100.8
6350452	APAF1	NM_001160	727.3	589.58	1.23	1.00E-04	137.72
7610189	RPL12	NM_000976	6995.14	5706.86	1.23	0	1288.28
20274	ADIPOR2	NM_024551	611.21	491.13	1.24	0	120.08
1070427	BEX4	XM_043653	681.37	550.02	1.24	0	131.36
1300603	BIN2	NM_016293	588.48	475.54	1.24	0	112.94
1300739	LOC645317	XM_934920	4471.51	3612.79	1.24	0	858.72
1410315	SF3B14	NM_016047	720.15	581.32	1.24	0	138.83
1410452	THYN1	NM_001037304	937.44	756.91	1.24	0	180.53
1660014	SH3KBP1	NM_001024666	756.73	609.35	1.24	0	147.38
1740735	DAZAP2	NM_014764	4225.64	3408.67	1.24	0	816.98
2060008	DEGS1	NM_003676	930.89	750.64	1.24	0	180.25
2260193	SF3A3	NM_006802	863.87	695.06	1.24	0	168.8
2470519	TUSC4	NM_006545	694.04	560.84	1.24	0	133.2
2630333	PSMB3	NM_002795	1488.57	1198.27	1.24	0	290.3
3170291	ADSL	NM_000026	753.6	608.18	1.24	0	145.42
3850338	TMEM175	NM_032326	550.48	442.91	1.24	0	107.56
4490093	PLD3	NM_001031696	533.15	430.42	1.24	0.0012	102.73
4590189	SIDT2	NM_001040455	1206.55	973.33	1.24	4.00E-04	233.22
6040408	CECR5	NM_017829	703.81	567.21	1.24	0	136.6
6220367	EPRS	NM_004446	598.56	482.49	1.24	0	116.07
6220377	SFRS10	NM_004593	672.53	540.77	1.24	0	131.75
6560228	PAIP2	NM_001033112	772.41	623.17	1.24	0	149.24
7160546	PCID2	NM_018386	718.44	577.85	1.24	0	140.59
50039	COX6B1	NM_001863	1912.41	1533.15	1.25	0	379.26
150296	RBX1	NM_014248	1252.91	1003.22	1.25	0	249.69
270243	DNAJB11	NM_016306	607.27	485.8	1.25	0	121.47
840189	AHR	NM_001621	3234.29	2589.89	1.25	0	644.4
1070181	SUMO2	NM_001005849	904.11	724.92	1.25	0.0165	179.19
2370338	ALDH9A1	NM_000696	1259.83	1009.7	1.25	0	250.13
4220669	PRCP	NM_005040	1551.42	1243.73	1.25	0	307.69
4560598	CTSS	NM_004079	1065.2	850.26	1.25	0	214.94
4590376	SLC35A1	NM_006416	620.85	496.33	1.25	0	124.52
6280576	S100A8	NM_002964	12050.52	9605.02	1.25	0	2445.5
7650386	9-Sep	NM_006640	6248.58	4979.14	1.25	0	1269.44
130075	MRPS24	NM_032014	533.18	424.17	1.26	0	109.01
460093	UBE2E1	NM_003341	1140.02	906.76	1.26	0	233.26
870196	NA	NA	2971.06	2355.16	1.26	0	615.9
940397	IGF2R	NM_000876	1158.68	922.06	1.26	1.00E-04	236.62
1300056	NDUFB2	NM_004546	2173.79	1729.55	1.26	0	444.25
1450706	ATP5B	NM_001686	3710.12	2950.09	1.26	0	760.02
3310246	ESD	NM_001984	744.97	590.02	1.26	0	154.95
3520768	ATP6AP2	NM_005765	1754.1	1396.65	1.26	0	357.44
4390136	C21orf55	NM_001040192	7006.01	5551.05	1.26	0	1454.96
4920128	TRAPPC3	NM_014408	586.68	464.46	1.26	0	122.22
5420577	ITGB2	NM_000211	7774.42	6162.37	1.26	0	1612.05
5820092	FAM26F	NM_001010919	739.71	585.35	1.26	0.0491	154.36
5860189	CNIH4	NM_014184	838.95	663.24	1.26	0	175.7
6270082	MCM8	NM_032485	3892.88	3093.03	1.26	2.00E-04	799.84
6280730	FKBP11	NM_016594	566.34	448.72	1.26	0	117.62
6330672	ANXA5	NM_001154	1049.18	830.92	1.26	3.00E-04	218.26
6450326	LOC440055	XM_495885	2982.99	2365	1.26	0	617.98
6520438	ARL5A	NM_001037174	1091.79	863.17	1.26	0	228.62
6560692	ATXN2	NM_002973	492.71	391.77	1.26	0	100.93
6620224	RPL6	NM_000970	12308.03	9757.09	1.26	0	2550.94
70722	COX7B	NM_001866	624.97	492.77	1.27	0	132.2
150435	MS4A6A	NM_022349	1507.09	1185.65	1.27	0.0012	321.44
630176	UQCRQ	NM_014402	1648.12	1300.6	1.27	0	347.52
650338	TMCO1	NM_019026	936.97	737.29	1.27	0	199.68
840253	PLAC8	NM_016619	1219.34	956.71	1.27	5.00E-04	262.63
940348	GCA	NM_012198	1065.26	842.08	1.27	6.00E-04	223.19
1170671	TMED3	NM_007364	782.74	616.93	1.27	0	165.81
1240754	OAS2	NM_001032731	1154.41	907.98	1.27	0.0071	246.42
1470091	PTPLAD2	NM_001010915	743.81	585.66	1.27	1.00E-04	158.15
1510523	PTGES3	NM_006601	495.78	388.97	1.27	0.0012	106.81
2320524	NA	NA	722.73	570.75	1.27	0	151.98
3870427	CYB5B	NM_030579	710.6	561.73	1.27	0	148.87
4200541	ZNF786	NM_152411	583.99	460.87	1.27	0.001	123.12
5050209	DECR1	NM_001359	1324.71	1039.2	1.27	0	285.51
5080156	ATP5H	NM_001003785	1952.88	1539.63	1.27	0	413.25
5690446	hCG_21078	XM_371853	13639.48	10730.44	1.27	0	2909.05
6650333	MRPS6	NM_032476	1568.9	1237.14	1.27	0	331.75
7210255	PMPCB	NM_004279	544.5	430.23	1.27	0	114.26
240519	MRPL21	NM_181514	469.68	366.47	1.28	0	103.21
830762	TXN	NM_003329	1298.95	1013.51	1.28	0	285.44
1070041	CAMLG	NM_001745	1345.9	1055.23	1.28	0	290.68
1500181	NOL12	NM_024313	599.14	469.01	1.28	0	130.13
1580026	SH2B3	NM_005475	615.8	480.51	1.28	0	135.3
1660709	C20orf30	NM_001009923	1854.5	1450.05	1.28	0	404.45
2140243	COX4I1	NM_001861	6704.97	5239.37	1.28	0	1465.6
2340403	SPN	NM_001030288	475.11	371.99	1.28	0.006	103.12
2810221	YY1AP1	NM_018253	844.79	661.94	1.28	0	182.85
3140202	LOC729030	XM_001129105	642.01	500.43	1.28	0	141.57
3450228	SUMO3	NM_006936	577.88	451.82	1.28	0	126.06
4390176	IFI6	NM_002038	1268.81	994.5	1.28	0.0159	274.31
4900338	SNX10	NM_013322	1297.83	1017.13	1.28	0	280.69
5310369	GZMK	NM_002104	1278.78	996.02	1.28	0.0318	282.76
6280575	DNAJA3	NM_005147	577.39	451.68	1.28	0	125.71
6550438	SPCS1	NM_014041	1254.81	979.41	1.28	0	275.39
7400402	NUDT1	NM_002452	573.79	446.84	1.28	0	126.95
7560445	TMED2	NM_006815	568.83	446.06	1.28	0	122.78
70630	LOC642828	XR_016385	6872.57	5347.38	1.29	0	1525.19
270451	NDUFA4	NM_002489	2318.4	1802.97	1.29	0	515.43
290315	NFE2	NM_006163	1060.04	821.99	1.29	2.00E-04	238.05
1010201	ZNF622	NM_033414	638.87	496.33	1.29	0	142.54
1070397	UNQ501	NM_198536	1037.56	802.61	1.29	0	234.95
1190161	PSMB2	NM_002794	555.32	430.13	1.29	0	125.19
1470408	YWHAQ	NM_006826	1990.38	1539.31	1.29	0	451.08
1570129	COX5A	NM_004255	1506.31	1164.85	1.29	0	341.45
2070168	OSTF1	NM_012383	1021.82	793.44	1.29	0	228.38
2450154	BCYRN1		455.9	352.11	1.29	3.00E-04	103.79
2490279	C19orf2	NM_003796	1046.59	813.9	1.29	0	232.69
2690356	EIF3FP2		769.49	595.49	1.29	6.00E-04	174
3140575	NA	NA	9305.3	7193.82	1.29	0	2111.48
3890475	ATP6V1A	NM_001690	1009.69	780.37	1.29	0	229.32
4220195	UBB	NM_018955	2830.82	2189.89	1.29	0	640.93
4640064	CNOT1	NM_016284	661.27	514.53	1.29	0	146.74
5090204	C2orf25	NM_015702	619.22	478.27	1.29	0	140.96
5290070	NA	NA	490.74	381.38	1.29	0.0324	109.36
6060347	PPIB	NM_000942	1479.44	1145.14	1.29	0	334.3
6900367	MARCKS	NM_002356	899.26	696.78	1.29	3.00E-04	202.48
7050091	TBCA	NM_004607	2081.91	1617.74	1.29	0	464.17
7610241	AP1M1	NM_032493	819.75	633.9	1.29	0	185.84
110619	PSMB7	NM_002799	844.8	647.45	1.3	0	197.35
460048	CCDC59	NM_014167	472.54	364.02	1.3	0	108.53
510402	GLIPR1	NM_006851	915.54	704.72	1.3	2.00E-04	210.83
650646	LOC441034	XR_016809	9358.82	7184.18	1.3	0	2174.64
1170553	PTBP1	NM_002819	1612.34	1239.07	1.3	0	373.26
1190369	SRPRB	NM_021203	449.05	346.08	1.3	0	102.97
2470187	SNRPG	NM_003096	2015.1	1554.33	1.3	0	460.77
3060373	SUCLG1	NM_003849	508	390.94	1.3	0	117.06
3170722	RP6-213H19.1	NM_001042452	733.69	565.7	1.3	0	167.99
3190477	MAP2K3	XM_001130488	506.4	390.46	1.3	0	115.94
5050370	FAM129B	NM_001035534	533.08	409.05	1.3	0	124.03
5720086	C6orf153	NM_033112	577.55	444.54	1.3	0	133.01
6450711	NA	NA	3887.31	2986.89	1.3	0	900.43
6520327	LEPROTL1	NM_015344	737.11	568.52	1.3	7.00E-04	168.59
360463	NDUFA12	NM_018838	1075.67	818.08	1.31	0	257.59
630673	YWHAB	NM_003404	2578.52	1962.56	1.31	0	615.96
730180	NUP214	NM_005085	911.15	694.79	1.31	0	216.35
830674	CD79A	NM_001783	690.16	527.69	1.31	0.0413	162.47
1240465	ISCA2	NM_194279	617.89	472.16	1.31	0	145.72
1340086	MYADM	NM_001020818	530.82	405.79	1.31	1.00E-04	125.03
1400097	LOC731985	XR_015987	4796.09	3671.79	1.31	0	1124.3
1660707	NA	NA	7462.46	5697.25	1.31	0	1765.21
2000528	SDCBP	NM_001007067	573.66	438.11	1.31	0	135.56
2230132	VPS37C	NM_017966	457.28	349.55	1.31	0	107.74
3190133	STAT1	NM_007315	1007.43	770.4	1.31	7.00E-04	237.03
4280253	C9orf19	NM_022343	2783.33	2119.14	1.31	0	664.19
4780356	PDCD6	NM_013232	828.01	631.38	1.31	0	196.63
6940372	DGCR6L	NM_033257	532.71	406.14	1.31	0.0051	126.57
7000619	ISG20	NM_002201	1710.12	1303.72	1.31	0	406.4
7150176	ATOX1	NM_004045	508.12	387.95	1.31	0	120.17
620324	NA	NA	982.85	746.86	1.32	0.0033	235.99
1410307	SLC27A3	NM_024330	906.72	687.6	1.32	0	219.12
2680398	IKBKG	NM_001099856	745.04	563.92	1.32	0	181.12
4230112	CALM2	NM_001743	3735.97	2828.75	1.32	0	907.22
5390725	SELS	NM_018445	697.95	528	1.32	0	169.95
5420634	NA	NA	1198.13	908.21	1.32	0	289.92
6200543	VPS16	NM_022575	702.93	533.32	1.32	0	169.62
6760041	CLEC4A	NM_016184	563.1	427.28	1.32	2.00E-04	135.82
6860064	NA	NA	3016.81	2288.21	1.32	0	728.6
7550762	LOC642934	XM_942991	447.17	338.36	1.32	0.0114	108.81
150148	ARID1A	NM_006015	787.86	593.19	1.33	0	194.67
430209	NA	NA	1553.4	1169.53	1.33	0	383.87
650709	SLC2A6	NM_017585	629.18	472.23	1.33	1.00E-04	156.95
1050253	CCDC28A	NM_015439	453.37	340.43	1.33	0	112.94
1090603	NA	NA	481.03	360.57	1.33	0	120.46
2230601	FOLR3	NM_000804	467.25	351.75	1.33	0.0143	115.5
2340408	TDG	NM_003211	424.22	318.01	1.33	0	106.21
3440369	C8orf55	NM_016647	462.57	347.44	1.33	0	115.13
5090553	PPT1	NM_000310	1938.57	1455.96	1.33	1.00E-04	482.61
5340243	RAB35	NM_006861	429.35	323.14	1.33	0	106.21
5390615	NDE1	NM_017668	469.21	351.99	1.33	0	117.22
5890307	LOC440926	XR_017835	9575.81	7217.44	1.33	0	2358.37
5890471	NCR3	NM_147130	493.9	371.62	1.33	4.00E-04	122.28
6860392	ETS1	NM_005238	2646.93	1990.91	1.33	0	656.02
7330148	GALNAC4S-6ST	NM_015892	661.31	496.02	1.33	0	165.29
7650523	ARPC3	NM_005719	3067.72	2308.44	1.33	0	759.28
160524	hCG_1790806		500.56	374.09	1.34	0	126.47
380504	GHITM	NM_014394	1364.86	1016	1.34	0	348.86
460220	ATP6V1G1	NM_004888	1253.39	934.83	1.34	0	318.57
520008	AP1S2	NM_003916	2725.01	2033.59	1.34	0	691.42
2000551	CKLF	NM_001040139	1705.02	1274.84	1.34	0	430.18
2650070	MRPL37	NM_016491	508.73	379.12	1.34	0	129.61
4060110	ALS2CR13	NM_173511	595.74	444.28	1.34	0.0018	151.46
4060605	CD44	NM_000610	3457.45	2583.63	1.34	0	873.82
4640110	UBE2D3	NM_003340	1207.89	903.17	1.34	0	304.72
4850138	RAE1	NM_001015885	480.56	358.63	1.34	0	121.94
4860551	METAP2	NM_006838	568.97	424.52	1.34	0	144.46
5890246	RXRA	NM_002957	1080.06	807.38	1.34	3.00E-04	272.68
5960328	DAD1	NM_001344	1742.39	1302.37	1.34	0	440.02
6400242	TMEM71	NM_144649	793.29	592.67	1.34	0	200.61
6420392	POLR1D	NM_015972	1772.68	1318.95	1.34	0	453.73
6560554	C17orf70	NM_001109760	635.7	475.13	1.34	0	160.57
20427	PPP1CC	NM_002710	1688.06	1247.98	1.35	0	440.08
290575	KIAA1542	NM_020901	643.24	476.08	1.35	0	167.16
520309	TETRAN	NM_001120	1511.35	1121.23	1.35	0	390.12
1050180	C20orf20	NM_018270	430.15	318.37	1.35	0	111.78
1340170	RFTN1	NM_015150	861.48	638.81	1.35	0	222.67
1740471	PSMF1	NM_178579	604.28	446.22	1.35	0	158.06
1770347	DC2	NM_021227	601.05	445.11	1.35	0	155.94
1980397	UBE2Q2	NM_173469	393.82	292.73	1.35	0	101.08
2260035	UPP1	NM_003364	1105.44	818.66	1.35	0	286.78
3610192	MRPL22	NM_001014990	620.78	458.79	1.35	0	161.99
4010050	GABARAPL2	NM_007285	978.97	724.27	1.35	0	254.71
5090725	FIBP	NM_004214	527.87	390.83	1.35	0	137.05
5290494	CNDP2	NM_018235	1442.43	1069.2	1.35	0	373.23
5490411	PQLC3	NM_152391	686.45	509.27	1.35	0	177.18
5690431	DNAJC8	NM_014280	1348.65	1001.75	1.35	0	346.9
6450692	FAM104A	NM_001098832	456.5	337.3	1.35	0	119.19
130520	LOC387820	XR_017453	976.32	720.21	1.36	0	256.11
160180	GLRX	NM_002064	1383.32	1017.48	1.36	0	365.84
2640554	FYB	NM_001465	1535.21	1131.12	1.36	0	404.08
3190411	PDHB	NM_000925	937.27	688.23	1.36	0	249.04
3310471	KTELC1	NM_020231	464.45	340.95	1.36	0	123.5
3940523	C6orf62	NM_030939	705.94	520.34	1.36	0	185.6
4060014	PAPOLA	NM_032632	906.66	667.78	1.36	0	238.88
4120707	RPL23	NM_000978	2669.06	1955.95	1.36	0	713.11
6760128	NDEL1	NM_001025579	679.19	498.13	1.36	0	181.06
6900343	NDUFB8	NM_005004	2046.6	1504.25	1.36	0	542.35
10070	EMILIN2	NM_032048	1078.71	788.45	1.37	0	290.26
130215	RPL39	NM_001000	8334.44	6089.1	1.37	0	2245.35
510338	TLR8	NM_016610	468.06	341.48	1.37	0	126.59
1690184	ANKRD30B	NM_001029862	2737.34	1993.62	1.37	0	743.72
3190010	FTH1	NM_002032	677.03	494	1.37	0.0014	183.03
4290626	PAF1	NM_019088	403.86	295.48	1.37	0	108.38
4560082	C16orf61	NM_020188	737.83	540.28	1.37	0	197.54
4590398	NCOA3	NM_006534	459.83	336.62	1.37	0	123.21
5050487	CCDC23	NM_199342	762.13	554.85	1.37	0	207.29
6980474	LY96	NM_015364	813.97	593.11	1.37	0	220.85
150196	SIPA1L1	NM_015556	455.26	329.94	1.38	7.00E-04	125.32
380215	NOL7	NM_016167	1022.89	743.57	1.38	0	279.33
2760392	GZMB	NM_004131	547.1	396.27	1.38	0.0183	150.83
3460164	NA	NA	377.56	274.49	1.38	0	103.07
4730397	FCGR2A	XM_001129584	424.2	307.81	1.38	1.00E-04	116.39
4850255	MEF2D	NM_005920	396.55	287.35	1.38	0	109.19
5420717	EIF4EBP2	NM_004096	708.97	514.24	1.38	0	194.74
6200170	SNX14	NM_020468	368.65	267.08	1.38	0	101.57
6420477	PSMA6	NM_002791	448.97	324.34	1.38	0	124.63
520161	TPT1	NM_003295	15428.74	11093.46	1.39	0	4335.28
4070280	NA	NA	610.15	440.44	1.39	0	169.71
4150113	RRAGA	NM_006570	369.29	265.36	1.39	0	103.93
4850592	CNO	NM_018366	607.66	438.48	1.39	0	169.18
5810392	BHLHB2	NM_003670	651.06	467.3	1.39	2.00E-04	183.76
6380471	tcag7.350	XM_069842	3400	2454.16	1.39	0	945.84
6760075	EOMES	NM_005442	618.61	444.26	1.39	0.0195	174.35
7320064	FAM96B	NM_016062	551.76	396.44	1.39	0	155.32
620750	GTF2A2	NM_004492	694.95	497.91	1.4	0	197.03
1300634	NDUFS6	NM_004553	2252.92	1603.95	1.4	0	648.97
1580450	NA	NA	1936.52	1379.02	1.4	0	557.49
1820082	RAB7L1	NM_003929	439.2	314.04	1.4	0	125.16
2070307	TSPYL1	NM_003309	361.23	257.98	1.4	0	103.25
2650192	SNF8	NM_007241	460.48	329.96	1.4	0	130.52
3370327	DENR	NM_003677	467.74	333.78	1.4	0	133.96
4540075	GOLGA7	NM_001002296	651.61	465.7	1.4	0	185.91
5090309	TMEM60	NM_032936	440.62	315.77	1.4	0	124.85
5670040	SDF2L1	NM_022044	651.26	463.63	1.4	0	187.62
7050167	EIF3E	NM_001568	5145.63	3663.55	1.4	0	1482.09
10082	RNF149	NM_173647	1267.39	896.44	1.41	0	370.94
2600187	NA	NA	2197.82	1557.22	1.41	0	640.6
2630154	GABARAPL1	NM_031412	521.9	371.3	1.41	0	150.6
2650440	FTHL2	NR_002200	1772.22	1253.6	1.41	0	518.62
2900131	AP3B1	NM_003664	413.5	293.14	1.41	0	120.37
2970634	MACF1	NM_012090	829.52	587.63	1.41	0	241.89
4610075	TFRC	NM_003234	462.9	328.19	1.41	0	134.71
4670138	DGCR6	NM_005675	476.49	338.84	1.41	1.00E-04	137.64
5270242	MAPKAPK3	NM_004635	1432.16	1017.04	1.41	0	415.12
5390669	ARIH2	NM_006321	367.24	260.15	1.41	0	107.09
5890747	ARL2	NM_001667	624.27	441.97	1.41	0	182.3
1230762	PPCS	NM_001077447	583.98	410.34	1.42	0	173.64
1300735	SSU72	NM_014188	1254.72	880.66	1.42	0	374.06
1690091	MRPL18	NM_014161	375.89	264.86	1.42	0	111.03
1770379	VDAC2	NM_003375	1365.77	962.25	1.42	0	403.53
1820253	CGGBP1	NM_001008390	816.77	576.4	1.42	0	240.37
4120646	LOC642236	XM_942958	402.29	284.02	1.42	0	118.27
4590035	LAP3	NM_015907	369.27	260.2	1.42	0	109.07
5890037	RYK	XM_001130617	511.39	359.22	1.42	0	152.17
6220564	PLEKHA1	NM_001001974	362.55	255.03	1.42	0	107.51
6760553	PCNP	NM_020357	746.32	524.55	1.42	0	221.77
7000332	OXR1	NM_181354	374.35	263.65	1.42	0	110.71
7320475	LSM3	NM_014463	762.88	536.19	1.42	0	226.69
7560438	DIAPH1	NM_001079812	1092.27	769.31	1.42	0	322.96
1400605	SMARCD3	NM_001003801	473.05	331.4	1.43	0	141.65
2760239	AKR1C3	NM_003739	376.67	262.77	1.43	0.0085	113.9
4730324	RSBN1	NM_018364	352.43	246.09	1.43	0	106.34
5490273	CD81	NM_004356	3221.35	2258.05	1.43	0	963.3
50156	LAMP1	NM_005561	3287.48	2275.28	1.44	0	1012.2
2030397	NSF	XM_001128468	678.8	471.26	1.44	0	207.54
3120608	AIF1	NM_004847	2800.33	1948.65	1.44	0	851.68
5270356	TMBIM4	NM_016056	1963.95	1368.19	1.44	0	595.76
6250296	FAM53C	NM_016605	542.6	376.24	1.44	0	166.36
6960661	MRPL33	NM_004891	1744.22	1212.23	1.44	0	531.99
7550070	ATP5G1	NM_001002027	600.28	415.6	1.44	0	184.68
240025	CENPB	NM_001810	1214.62	836.05	1.45	0	378.57
450114	GIMAP7	NM_153236	1553.95	1070.6	1.45	0.0029	483.35
650541	SRGN	NM_002727	4812.26	3317.8	1.45	0	1494.46
1190349	EIF2AK2	NM_002759	325.09	224.34	1.45	0	100.75
2370121	CCNY	NM_145012	439.31	302.06	1.45	0	137.25
2640309	FBXO33	NM_203301	423.47	292.42	1.45	0	131.05
2680020	IKBKB	NM_001556	335.81	232.2	1.45	0	103.61
3400470	NA	NA	651.99	451.02	1.45	0	200.97
4290475	SNRPB	NM_003091	919.07	633.16	1.45	0	285.9
5910110	RABGAP1	NM_012197	380.88	262.69	1.45	0	118.2
6270747	CCNI	NM_006835	3554.51	2446.54	1.45	0	1107.97
6900541	C19orf53	NM_014047	599.52	413.44	1.45	0	186.08
830326	FAM96A	NM_001014812	1106.54	759.32	1.46	0	347.22
1300136	POLD2	NM_006230	651.65	447.45	1.46	0	204.19
1820056	COX6C		1750.82	1202.59	1.46	0	548.23
1980743	EXOSC3	NM_001002269	355.49	242.83	1.46	0	112.66
2710424	PLEKHF1	NM_024310	365.68	250.71	1.46	5.00E-04	114.97
5700477	DDT	NM_001084392	1194.07	816.29	1.46	0	377.78
5720681	TIPARP	NM_015508	329.65	225.99	1.46	0	103.65
6100315	MKKS	NM_018848	385.8	264.46	1.46	0	121.34
6270537	MGST2	NM_002413	589.4	403.3	1.46	0	186.1
6420612	MRPL17	NM_022061	330.53	226.27	1.46	0	104.27
6580215	GRAMD1A	NM_020895	547.08	374.66	1.46	0	172.41
7570653	UIMC1	NM_016290	573.68	393.69	1.46	0	179.99
1410707	DNMT1	NM_001379	1356.06	922.39	1.47	0	433.67
2370468	VHL	NM_000551	482.22	327.16	1.47	0	155.06
2940767	OAZ1	NM_004152	11613.61	7884.45	1.47	0	3729.16
3180725	TNPO2	NM_013433	379.28	258.6	1.47	0	120.68
3840050	GVIN1	XM_495863	485.48	331.36	1.47	0.0019	154.11
3930148	NDUFB5	NM_002492	984.34	667.69	1.47	0	316.65
4610019	ZYG11B	NM_024646	383.44	260.14	1.47	0	123.3
5310433	CHD8	NM_020920	320.85	218.16	1.47	0	102.69
5570523	RASSF2	NM_014737	1099.31	746.95	1.47	0	352.36
5860075	HIST2H2AC	NM_003517	406.23	277.21	1.47	3.00E-04	129.03
5900072	hCG_1749005	XM_293312	501.76	341.83	1.47	0	159.94
5960128	TAF15	NM_003487	751.1	511.35	1.47	0	239.75
6130717	PHPT1	NM_014172	458.85	311.31	1.47	0	147.54
6400674	DGUOK	NM_080916	1284.48	875.16	1.47	0	409.32
7210630	ATP5L	NM_006476	3085.88	2095.7	1.47	0	990.18
520333	MAPK1	NM_002745	612.98	414.91	1.48	0	198.08
830484	AIF1	NM_004847	3067.06	2076.1	1.48	0	990.96
2320041	ELP3	NM_018091	437.43	295.47	1.48	0	141.97
3840377	YY1	NM_003403	772.33	520.27	1.48	0	252.06
3870739	VPS35	NM_018206	536.31	362.32	1.48	0	173.99
3930368	GTPBP6	XM_001124673	950.63	641.97	1.48	0	308.66
4570435	ERH	XM_001130537	1113.12	754.55	1.48	0	358.57
5890139	PRNP	NM_000311	1414.42	955.08	1.48	0	459.34
6180059	CCL4	NM_002984	379.4	255.83	1.48	0.0039	123.57
6270072	SFT2D1	NM_145169	780.18	526.66	1.48	0	253.51
6510102	BMI1	NM_005180	399.62	269.79	1.48	0	129.83
7570746	GLE1	NM_001003722	574.41	386.94	1.48	0	187.48
580347	LOC650832	XM_939919	493.89	331.59	1.49	0	162.3
1300441	MSH6		325.42	218.89	1.49	0	106.53
1430333	SUZ12	NM_015355	1041.05	698.04	1.49	0	343.01
4890598	TXNDC1	NM_030755	786.75	528.26	1.49	0	258.49
990288	C5orf15	NM_020199	663.72	442.61	1.5	0	221.11
1780408	NSL1	NM_001042549	411.38	274.92	1.5	0	136.46
2230040	LOC441876	XM_497657	15486.41	10350.65	1.5	0	5135.76
3370471	EIF2AK4	NM_001013703	322.93	215.67	1.5	0	107.26
4390113	IL32	NM_001012631	343.98	229.92	1.5	0	114.06
5550500	PBX2	NM_002586	314.81	210.53	1.5	0	104.27
6580546	ATP5J	NM_001003696	1398.31	933.86	1.5	0	464.45
1010296	LOC642333	XR_019071	576.81	381.44	1.51	0	195.37
1940240	RPS21	NM_001024	348.36	230.2	1.51	0	118.16
3840022	ECHS1	NM_004092	315.69	208.95	1.51	0	106.75
5050541	PTGER4	NM_000958	847.28	562.8	1.51	0	284.47
5090184	HEBP2	NM_014320	911.73	604.72	1.51	0	307.01
5220553	ETFB		571.24	377.55	1.51	0	193.69
5720458	RARRES3	NM_004585	1590.56	1054.43	1.51	0	536.13
6100112	C4orf18	NM_001031700	418.07	277.17	1.51	0	140.9
7150521	CENTA2	NM_018404	519.23	343.27	1.51	0	175.95
7210300	NA	NA	605.5	400.76	1.51	0	204.74
7650356	RHOQ	NM_012249	550.07	364.52	1.51	0	185.54
10343	FPR1	NM_002029	1958.36	1284.45	1.52	1.00E-04	673.91
1090239	ANXA11	NM_001157	396.41	260.38	1.52	0	136.02
1820491	PIK3AP1	NM_152309	312.89	205.46	1.52	0	107.43
3120184	SRF	NM_003131	543.33	358.54	1.52	0	184.79
4010204	ATP5J	NM_001003696	684.33	449.24	1.52	0	235.09
4260035	PRKAR1A		1018.02	671.95	1.52	0	346.07
4560047	CP110	NM_014711	297.82	195.49	1.52	0	102.33
4640725	TBC1D22A	NM_014346	402.86	265.23	1.52	0	137.63
5050274	RP9	NM_203288	424.45	278.96	1.52	0	145.5
5340037	NA	NA	816.94	538.1	1.52	0	278.84
6270725	HAVCR2	NM_032782	698.48	460.12	1.52	0	238.37
6510161	SP110	NM_004509	747.11	490.91	1.52	0	256.2
6560411	NA	NA	607.26	400.69	1.52	0	206.57
2350674	SCAMP1	NM_052822	507.36	332.56	1.53	0	174.8
6350372	LOC643287	XM_928075	344.97	224.82	1.53	0	120.14
7610273	FAM136A	NM_032822	306.27	200.8	1.53	0	105.48
770630	KLRD1	NM_002262	353.32	228.71	1.54	0.001	124.6
1500647	EVI5	NM_005665	337.35	218.56	1.54	0	118.78
2480128	SS18L2	NM_016305	1368.17	891.16	1.54	0	477.01
4040259	ITM2A	NM_004867	327.98	213.16	1.54	0	114.82
6330561	RAB3GAP1	NM_012233	342.17	221.87	1.54	0	120.3
6380360	FAM79A	NM_182752	867.42	562.99	1.54	0	304.43
6560327	CHD1	NM_001270	349.7	226.8	1.54	0	122.9
450544	DUSP3	NM_004090	581.46	374.43	1.55	0	207.03
2470097	EIF3A	NM_003750	799.5	514.68	1.55	0	284.82
2690437	NA	NA	1053.18	681.34	1.55	0	371.84
3850524	CEP27	NM_018097	514.05	331.96	1.55	0	182.09
540332	MPND	NM_032868	493	316.1	1.56	0	176.91
1010348	TRAPPC2L	NM_016209	638.56	409.35	1.56	0	229.21
1190441	C4orf34	NM_174921	496.15	318.73	1.56	0	177.42
2600386	TNRC6B	NM_001024843	447.2	286.55	1.56	0	160.65
2600520	MBP	NM_001025094	1217.89	778.42	1.56	0	439.48
5050561	SGPP1	NM_030791	564.9	362.2	1.56	0	202.71
5310296	USP1	NM_001017415	321.96	206.2	1.56	0	115.75
5490064	OTUD1	XM_001134465	311.57	199.87	1.56	0.0223	111.7
1110373	SIRT7	NM_016538	412.45	263.4	1.57	0	149.05
1470681	HOPX	NM_032495	421.4	267.79	1.57	0	153.61
3310102	GNS	NM_002076	2488.24	1579.89	1.57	0	908.35
3360022	PPP2R5E	NM_006246	301.29	192.28	1.57	0	109.01
4210376	ACTR6	NM_022496	381.13	242.72	1.57	0	138.41
6130739	TOMM34	NM_006809	292.88	186.91	1.57	0	105.97
6280243	DNASE2	NM_001375	422.39	269	1.57	0	153.38
6960397	NOTCH1	NM_017617	638.59	406.47	1.57	0	232.12
7100576	KLRD1	NM_002262	400.99	255.91	1.57	0.0012	145.08
2140402	C4orf18	NM_001031700	532.45	336.27	1.58	0	196.19
3390167	CRIP1	NM_001311	3888.56	2455.19	1.58	0	1433.37
3930243	ARPC5	NM_005717	2635.78	1663.55	1.58	0	972.23
5490041	FRMD8	NM_031904	757.95	478.47	1.58	0	279.49
540470	NECAP2	NM_018090	595.61	374.89	1.59	0	220.73
940386	NA	NA	1044.62	657.42	1.59	0	387.21
2120056	ZNHIT3	NM_001033577	1006.41	633.78	1.59	0	372.63
3190445	CARHSP1	NM_001042476	552.22	346.52	1.59	0	205.7
3370193	THOC3	XM_001133439	607.56	382.45	1.59	0	225.1
4250609	LMOD3	NM_198271	525.32	329.54	1.59	3.00E-04	195.78
6040470	TMEM87A	NM_001110503	925.04	580.81	1.59	0	344.22
510577	KRT10	NM_000421	511.18	318.91	1.6	0	192.27
1170438	MTHFS	NM_006441	321.12	201.08	1.6	0	120.04
1690446	RHOC	NM_001042678	462.81	289.53	1.6	0	173.28
3440035	DIS3L	NM_133375	416.8	260.85	1.6	0	155.96
4880717	ACSL1	NM_001995	309.62	193.1	1.6	0	116.53
5890653	NA	NA	391.54	244.92	1.6	0	146.62
6550520	LYSMD2	NM_153374	792.07	496.12	1.6	0	295.95
3360484	BST2	NM_004335	914.18	566.21	1.61	0	347.97
6100441	ACTR2	NM_001005386	1798.74	1114.15	1.61	0	684.6
510653	NA	NA	287.43	177.77	1.62	0	109.66
990437	SETD3	XM_001133062	871.48	538.27	1.62	0	333.21
1430187	KIAA1012	NM_014939	347.04	214.68	1.62	0	132.36
1850139	LST1	NM_007161	1225.71	757.51	1.62	4.00E-04	468.21
3190470	C10orf104	NM_173473	372.99	229.85	1.62	0	143.13
4590678	PHF21A	NM_001101802	641.29	396.05	1.62	0	245.24
5340079	GGNBP2	NM_024835	340.6	210.05	1.62	0	130.55
7050600	COQ10B	NM_025147	535.3	331.27	1.62	0	204.03
460685	ATF6	NM_007348	299.61	183.99	1.63	0	115.62
3440431	CHIC2	NM_012110	446.61	273.33	1.63	0	173.27
4590301	LMBRD1	NM_018368	489.94	301.05	1.63	0	188.89
5090093	C19orf56	NM_016145	1348.56	828.09	1.63	0	520.47
1780600	SDHC	NM_001035511	423.75	258.8	1.64	0	164.95
2450239	CDC37	NM_007065	2817.59	1719.53	1.64	0	1098.07
3370537	FYTTD1	NM_001011537	328.71	200.04	1.64	0	128.67
5310520	C17orf61	NM_152766	832.75	507.34	1.64	0	325.41
5670059	DHRS1	NM_138452	351.18	213.7	1.64	0	137.48
6760373	MED1	NM_004774	275.87	168.2	1.64	0	107.67
70477	EXOSC6	NM_058219	297.7	180.65	1.65	0	117.05
240523	C14orf2	NM_004894	360.19	217.72	1.65	0	142.47
1500768	DPYSL2	NM_001386	1386.34	842.51	1.65	0	543.82
4570154	NFKBIA	NM_020529	2542.39	1535.04	1.66	5.00E-04	1007.35
5360603	NA	NA	420.73	253.8	1.66	0	166.93
7560504	DBNL	NM_001014436	1681.8	1014.54	1.66	0	667.26
2030437	C9orf114	NM_016390	253.92	151.85	1.67	0	102.07
1770114	MGC16385	XM_001128698	276.54	165.03	1.68	0	111.51
2370639	IL12RB1	NM_005535	248.5	148.33	1.68	0	100.16
3390392	tcag7.1015	NR_002187	314.73	187.8	1.68	0	126.93
4830537	C11orf17	NM_020642	271.57	161.95	1.68	0	109.62
5900671	FAM129A	NM_052966	436.82	260.49	1.68	0	176.33
780025	SNX15	NM_013306	613.13	361.41	1.7	0	251.71
2370768	NA	NA	949.25	557.7	1.7	0	391.55
4760767	ZNF223	NM_013361	868.16	511.08	1.7	0	357.08
2230360	CANX	NM_001024649	486.6	284.29	1.71	0	202.31
1340441	DEK	NM_003472	1061.43	618.15	1.72	0	443.28
6110332	NDUFS7	NM_024407	1025.97	595.61	1.72	0	430.36
2900672	TOMM20	NM_014765	1071.48	612.68	1.75	0	458.8
7610544	LOC644790	XM_927887	239.66	137.03	1.75	0	102.63
1780564	EIF1AX	XM_001134077	243.78	138.16	1.76	0	105.62
6980168	NA	NA	517.48	293.28	1.76	0	224.2
1450390	KLRB1	NM_002258	983.1	556.77	1.77	0	426.33
5860553	AUTS2	NM_015570	287.1	161.76	1.77	8.00E-04	125.34
6940148	CXXC1	NM_001101654	689.09	389.25	1.77	0	299.84
5550364	LOC649821	XM_942212	1836.06	1030.75	1.78	0	805.31
6770348	CKAP4	NM_006825	322.03	181.1	1.78	0	140.93
2000139	RSPRY1	NM_133368	263.14	146.33	1.8	0	116.81
2640538	C9orf130	XM_379656	308.38	171.28	1.8	0	137.09
70577	SF3B5	NM_031287	621.1	342.96	1.81	0	278.14
580307	KCTD12	NM_138444	415.08	229.61	1.81	0	185.46
3460201	DAP	NM_004394	1344.24	743.38	1.81	0	600.87
6550468	CTSO	NM_001334	271.14	149.42	1.81	0	121.71
6940138	RXRB	NM_021976	420.16	232.71	1.81	0	187.45
110326	DCAKD	NM_024819	327.25	179.72	1.82	0	147.53
940474	MGST3	NM_004528	848.11	467.18	1.82	0	380.93
6110048	LOC645317	XM_934920	414.76	227.35	1.82	0	187.42
1690201	RAB1A	NM_004161	377.85	205.19	1.84	0	172.66
7000129	NA	NA	701.79	382.19	1.84	0	319.6
2190273	NA	NA	303.85	161.29	1.88	1.00E-04	142.55
5360364	PPTC7	NM_139283	223.37	118.9	1.88	0	104.47
6100300	LOC648343	XR_018327	315.45	168.2	1.88	0	147.25
7650538	SNX5	NM_014426	278.18	148.07	1.88	0	130.11
5690390	RAB10	NM_016131	1353.02	717.14	1.89	0	635.89
4120577	LOC653382	XM_930107	283.04	148.85	1.9	0	134.19
2480762	LOC649564	XR_019402	14432.79	7570.97	1.91	0	6861.83
3440170	ATP5I	NM_007100	346.13	181.23	1.91	0	164.91
4560435	WDR18	NM_024100	541.28	283.58	1.91	0	257.71
3140152	RBM22	NM_018047	1446.1	751.63	1.92	0	694.47
6380167	PIAS4	NM_015897	383.93	200.3	1.92	0	183.63
3940152	TSPAN31	NM_005981	363.55	188.15	1.93	0	175.4
4210414	FTHL11	NR_002204	898.4	464.1	1.94	0	434.3
5910762	NPC2	NM_006432	4837.9	2497.21	1.94	0	2340.69
6130672	NA	NA	265.03	136.42	1.94	0	128.61
2510133	SAP30	NM_003864	297.34	152.75	1.95	0	144.59
2350615	C20orf27	NM_001039140	408.85	208.59	1.96	0	200.26
7550706	NA	NA	215.26	109.23	1.97	0	106.02
1070564	MAFB	NM_005461	833.11	417.68	1.99	0	415.43
160022	NA	NA	322.52	161.55	2	0	160.97
5900301	IGSF6	NM_005849	1398.75	687.84	2.03	0	710.91
5260239	XBP1	NM_001079539	722.71	354.96	2.04	0	367.75
840639	SCARNA9	NR_002569	619.07	302.65	2.05	0	316.42
990687	MRPL1	NM_020236	432.4	211.36	2.05	0	221.03
4260154	POLE3	NM_017443	1146.95	556.88	2.06	0	590.07
130364	FAM65A	NM_024519	869.15	415.65	2.09	0	453.5
6960390	VEZF1	NM_007146	567.33	271.95	2.09	0	295.38
2030280	NA	NA	282.68	132.53	2.13	0	150.15
5390754	SIL1	NM_001037633	454.46	207.93	2.19	0	246.53
60470	C5orf39	NM_001014279	725.42	326.87	2.22	0	398.55
130382	LASP1	NM_006148	3260	1415.16	2.3	0	1844.84
4250398	HIST1H4C		3950.73	1697.47	2.33	0	2253.27
3830301	SNRPB2	NM_003092	398.97	166.1	2.4	0	232.87
1690162	LOC642115	XM_936258	2710.56	1125.38	2.41	0	1585.19
1990446	CCL5	NM_002985	1766.95	728.02	2.43	0	1038.93
3460735	FLJ11903	XM_926814	170.04	66.01	2.58	0	104.02
6770059	NA	NA	205.68	77.46	2.66	0	128.22
1470669	ANKRD33	NM_182608	405.78	129.7	3.13	0	276.09
5700471	RPPH1	NR_002312	537.17	168.12	3.2	0	369.05
