Top Genes	ID	M	A	t	P.Value
44228	234978_at	0.627305046	6.051906975	4.738122411	0.000285353
38417	229162_s_at	-0.37681764	6.311045109	-4.501502787	0.000452312
8851	1568782_at	0.407863167	4.211017013	4.405743132	0.00054592
37117	227862_at	0.324452657	5.148311824	4.310362125	0.000658998
19320	209913_x_at	-0.42963187	5.098337665	-4.261063709	0.00072658
16064	206617_s_at	0.390681319	6.70766261	4.226496241	0.000778161
43612	234361_at	0.373765172	5.132446498	4.186632345	0.000842316
53900	244649_at	0.433341065	5.927527516	4.148306908	0.000909089
49282	240032_at	0.360329078	5.115111796	4.136281259	0.000931136
21044	211722_s_at	-0.533335008	5.949988473	-4.084185833	0.001033123
2038	1555059_at	0.370685021	5.80504474	4.080628011	0.00104049
26254	216963_s_at	0.47389297	6.773696003	4.04788738	0.001110851
3118	1556618_at	-0.331264049	5.715630471	-4.039857816	0.001128835
14429	204981_at	0.375733011	7.656288012	4.02292691	0.001167734
38391	229136_s_at	0.408159659	6.467128016	4.013327281	0.001190392
39164	229909_at	-0.475553722	7.819546722	-3.963146272	0.001316324
27090	217804_s_at	-0.417908167	6.906162037	-3.87341217	0.001576278
23738	214438_at	-0.392884667	5.23744338	-3.859353373	0.00162149
12290	202840_at	-0.362956979	7.094014388	-3.834607327	0.00170429
1848	1554806_a_at	0.375275698	4.404425614	3.810065068	0.00179064
42497	233244_at	0.381499632	8.556045677	3.791931215	0.001857278
18807	209393_s_at	-0.443275516	6.219229411	-3.780715456	0.001899744
26935	217649_at	0.354006968	3.995325458	3.776350885	0.001916534
12576	203127_s_at	0.45626716	6.434738304	3.759883011	0.001981246
53504	244253_at	0.338991934	5.577954808	3.723629502	0.002131603
21802	212496_s_at	0.320709958	4.903436976	3.671794062	0.002366838
19739	210339_s_at	0.255245968	6.484097846	3.656767288	0.002439809
6101	1561560_at	0.436171045	4.474132951	3.652125572	0.002462805
8477	1566863_at	0.297709309	4.523407648	3.650425946	0.002471279
40302	231047_at	-0.457170814	6.740121856	-3.643669465	0.002505261
39913	230658_at	-0.389148853	5.888269623	-3.642636379	0.002510498
50963	241713_s_at	-0.261233718	5.120016139	-3.637274954	0.002537855
39486	230231_at	0.297085145	4.78799659	3.63201422	0.002564991
46253	237003_at	-0.461250312	5.30798136	-3.628747088	0.00258199
24740	215445_x_at	-0.33543264	4.857070404	-3.626304346	0.002594774
33796	224534_at	0.307244716	4.861397772	3.607367235	0.002696068
41223	231968_at	0.468236462	4.945171157	3.605126627	0.002708313
33636	224369_s_at	0.321425597	7.298659131	3.60406402	0.00271414
27357	218071_s_at	0.2886058	5.915308447	3.588147951	0.002802944
45640	236390_at	-0.376533265	5.088073283	-3.569609968	0.002910069
47802	238552_at	0.295062761	4.648874366	3.568977797	0.002913794
32049	222769_at	-0.448637738	6.208568679	-3.560196564	0.002966034
42037	232783_at	-0.387722156	5.250065704	-3.559519096	0.002970103
37495	228240_at	-0.420506838	5.718460078	-3.55662983	0.00298752
7688	1564626_at	-0.308903195	5.562232728	-3.552170517	0.003014604
38203	228948_at	0.538388465	6.444960849	3.548981654	0.003034122
31576	222296_at	0.269299667	5.337164258	3.54808035	0.003039662
43545	234294_x_at	0.333703584	6.263317723	3.53974968	0.00309135
19620	210218_s_at	-0.326981929	5.066243635	-3.53659763	0.003111136
10355	200906_s_at	-0.510476581	5.522579036	-3.535947733	0.003115231
39756	230501_at	0.33811941	4.888832987	3.535779399	0.003116293
19502	210097_s_at	0.361806321	4.275793974	3.53442667	0.003124838
45622	236372_at	0.335670964	8.733976056	3.530854159	0.003147517
5451	1560617_at	-0.419959123	5.940503782	-3.527258396	0.003170511
46184	236934_at	0.347761448	4.539114513	3.524661493	0.003187223
43773	234523_at	0.357212631	4.244227696	3.515501458	0.003246878
29914	220629_at	-0.353808007	8.777189965	-3.507664409	0.003298807
31188	221907_at	-0.510628349	8.036379926	-3.500081226	0.003349847
38034	228779_at	-0.307402647	5.46553637	-3.496579483	0.003373683
853	1553436_at	0.401107455	5.127265497	3.496269681	0.0033758
49407	240157_at	-0.367575995	6.036610926	-3.487103956	0.003439038
29976	220691_at	-0.453273358	8.657453356	-3.484304037	0.003458592
29633	220348_at	0.423208143	5.814297592	3.466042761	0.003588887
11071	201622_at	-0.564597679	6.256824445	-3.462465874	0.003614979
17277	207837_at	0.338401651	5.112310875	3.462125204	0.003617474
43957	234707_x_at	0.29601697	7.631461052	3.461896104	0.003619153
15171	205723_at	-0.353872996	6.257176713	-3.450799156	0.003701412
10632	201183_s_at	-0.355821068	7.139847824	-3.450676814	0.003702329
31679	222399_s_at	0.330002713	4.600657321	3.445889792	0.003738399
28236	218951_s_at	0.334474205	5.573967768	3.43794415	0.003799048
42287	233033_at	0.31182915	6.044236039	3.435643534	0.003816791
50014	240764_at	0.395575808	7.051044198	3.43174108	0.00384708
17398	207964_x_at	0.267979888	4.945030288	3.430492433	0.003856821
5883	1561264_at	0.354473381	4.073475515	3.430215265	0.003858987
40228	230973_at	-0.377018105	7.280852663	-3.425217902	0.003898246
39951	230696_at	-0.51410868	7.137505032	-3.418158594	0.003954386
16189	206742_at	0.448150436	4.779982949	3.416592442	0.00396695
15435	205987_at	0.391099971	6.237284922	3.415827947	0.003973098
28157	218872_at	-0.35425932	6.21585464	-3.413849396	0.003989052
32604	223326_s_at	-0.38264929	5.004042558	-3.407430213	0.004041257
28030	218745_x_at	-0.379300235	7.475461803	-3.406748004	0.004046845
24599	215304_at	-0.378861314	6.057183928	-3.405288931	0.004058823
25341	216048_s_at	0.351753746	4.70020556	3.400311912	0.004099948
51356	242106_at	0.251683975	4.403547308	3.397850615	0.004120439
17981	208562_s_at	-0.407192795	5.187990859	-3.394569895	0.004147911
14349	204901_at	0.424768377	5.522652118	3.391656558	0.004172461
15085	205637_s_at	0.374815066	5.544076635	3.38519106	0.004227463
28063	218778_x_at	-0.402761888	7.83039331	-3.384138269	0.004236488
23990	214693_x_at	0.327143352	5.203086935	3.375711712	0.004309418
42523	233270_x_at	-0.252294844	4.275065735	-3.375681892	0.004309678
31147	221866_at	-0.376763451	8.015979887	-3.367186271	0.004384481
45809	236559_at	0.319446348	4.313752291	3.362772918	0.00442385
47384	238134_at	-0.389676087	4.906245532	-3.36228067	0.004428263
11073	201624_at	0.225609776	4.011920162	3.351651073	0.004524636
49563	240313_at	-0.483625129	6.046211965	-3.350533665	0.004534887
12365	202915_s_at	0.273109094	4.692797567	3.345134334	0.004584752
23143	213842_x_at	-0.305747898	6.615404249	-3.344702071	0.004588768
21241	211932_at	-0.283545116	4.804285699	-3.340135003	0.00463141
5035	1559870_at	0.374533691	9.124875145	3.339798641	0.004634567
32146	222866_s_at	0.275262272	7.550404039	3.336764816	0.004663131
40273	231018_at	-0.413490566	5.993534562	-3.328465423	0.004742174
3907	1557809_a_at	0.377434606	5.501232063	3.327171483	0.004754617
23145	213844_at	0.299215296	4.724066062	3.324727733	0.004778207
9213	1569426_at	-0.490586727	6.517893728	-3.322833212	0.004796575
1470	1554302_s_at	0.337938797	5.304906629	3.322394937	0.004800834
38506	229251_s_at	-0.36326144	8.537363631	-3.322393671	0.004800846
47311	238061_at	-0.364815177	5.866577904	-3.320220811	0.004822019
35339	226082_s_at	0.382940466	6.135857706	3.319178934	0.004832204
32292	223012_at	-0.300891303	4.536693774	-3.316798558	0.004855554
14347	204899_s_at	-0.361495544	6.801317014	-3.312135473	0.004901623
30650	221366_at	-0.341809326	5.103867805	-3.311252519	0.004910395
21569	212262_at	0.308191963	4.423101492	3.30925564	0.004930291
39005	229750_at	-0.629545795	7.531284071	-3.308581675	0.004937025
7513	1564198_a_at	0.516355346	5.809726814	3.306326615	0.004959621
52539	243288_at	-0.419077499	8.130887917	-3.303600561	0.004987075
41811	232556_at	-0.292216513	5.378158073	-3.303284553	0.004990267
39527	230272_at	0.391838275	4.796772637	3.299961263	0.005023962
46893	237643_at	-0.475675387	6.391015827	-3.295817954	0.005066289
49380	240130_at	0.325909981	4.404295799	3.294328937	0.005081587
6656	1562543_at	0.367942758	4.665223386	3.290369958	0.005122485
37149	227894_at	-0.313942351	5.777356714	-3.286900242	0.005158599
26293	217002_s_at	-0.332285081	5.487657887	-3.284507075	0.005183655
29455	220170_at	0.336099709	4.975850002	3.281129012	0.005219229
18096	208679_s_at	0.387595627	6.146366755	3.281062467	0.005219933
40835	231580_at	-0.546600089	6.1470895	-3.280745676	0.005223282
36616	227360_at	-0.401266871	4.870779508	-3.280459001	0.005226314
45375	236125_at	0.281219303	4.230923997	3.27876229	0.005244298
32211	222931_s_at	0.489512778	5.033882313	3.278642437	0.005245571
40649	231394_at	0.440508647	5.961615434	3.278012724	0.005252263
17677	208252_s_at	0.327003161	6.605891378	3.274600911	0.005288667
43116	233865_at	0.375275866	5.026390497	3.273446548	0.005301041
29178	219893_at	-0.354799298	8.815263913	-3.267975187	0.005360084
6033	1561473_at	-0.235796832	3.989246483	-3.264581467	0.005397035
28756	219471_at	0.370672429	6.179660167	3.259567988	0.005452087
54425	46665_at	-0.41220169	5.989515283	-3.259402693	0.005453912
21583	212276_at	0.293510714	4.297357075	3.257610546	0.005473732
27454	218168_s_at	-0.382822755	5.192749928	-3.257019305	0.005480287
17699	208274_at	-0.285638883	5.139067423	-3.251049886	0.005546906
19118	209709_s_at	0.480385379	5.480441829	3.248558547	0.005574947
506	1552967_at	0.320456077	5.294552358	3.248501084	0.005575595
8287	1566469_at	0.314991907	5.298125451	3.247022362	0.005592307
35120	225862_at	-0.372077477	6.799389114	-3.24695208	0.005593103
6019	1561452_at	0.265079735	4.182730697	3.246365373	0.005599749
6590	1562432_at	-0.57486123	5.970903678	-3.246133564	0.005602376
48658	239408_at	-0.286840083	6.729680594	-3.240230087	0.005669715
45710	236460_at	-0.41408441	7.902701575	-3.238811442	0.005686016
2660	1555902_at	0.351666841	4.659041803	3.236734172	0.00570997
17597	208169_s_at	0.229074697	4.483321033	3.235409311	0.005725299
33874	224614_at	-0.439673685	4.722492072	-3.234322402	0.005737906
31726	222446_s_at	0.281884767	6.704056497	3.233329969	0.005749442
10710	201261_x_at	-0.316750032	7.764811956	-3.230885674	0.005777951
41729	232474_at	0.40160091	6.014162112	3.229840474	0.005790184
54217	35148_at	-0.578810568	5.41722727	-3.228848871	0.005801814
53847	244596_at	-0.328438439	6.42318681	-3.226463626	0.005829885
48408	239158_at	-0.327733055	7.507060962	-3.224349205	0.005854881
11843	202394_s_at	-0.400747286	6.151123518	-3.224317463	0.005855257
28680	219395_at	-0.42129683	8.093946523	-3.223891199	0.005860309
23458	214158_s_at	-0.467440574	6.666858698	-3.222920978	0.005871825
21487	212180_at	-0.387498651	5.530227332	-3.217819976	0.005932742
33218	223942_x_at	-0.318461467	7.41943282	-3.217440308	0.005937301
43141	233890_at	-0.364067553	5.283240786	-3.214743594	0.005969784
17333	207893_at	0.234274519	5.334084805	3.214516292	0.005972529
15589	206142_at	0.337656026	4.685779597	3.214066105	0.005977972
21876	212570_at	-0.385127225	6.220327645	-3.210893492	0.006016465
45868	236618_at	-0.348085285	5.005708148	-3.210508537	0.006021152
7758	1564803_at	0.471387279	5.545491594	3.207623057	0.006056403
51767	242517_at	-0.299970831	4.388951513	-3.204160403	0.006098975
3427	1557080_s_at	0.241321552	3.975730161	3.203370923	0.006108723
30458	221174_at	0.291648364	4.868639399	3.20273695	0.006116562
4850	1559540_at	0.370980099	6.475323346	3.201345744	0.006133799
27920	218634_at	-0.388984466	6.759246034	-3.200919663	0.006139088
2513	1555711_x_at	-0.624407115	5.553800398	-3.200371111	0.006145904
4863	1559566_at	-0.259904475	4.508177421	-3.200210208	0.006147904
5315	1560378_at	0.366565118	6.224917714	3.199141007	0.006161215
25462	216169_at	0.390602883	4.390452962	3.19665564	0.006192266
49422	240172_at	0.374769387	4.523776536	3.194023325	0.006225323
3589	1557349_at	0.354452791	4.685545497	3.19322333	0.006235404
50649	241399_at	-0.241712447	6.014399451	-3.192548596	0.006243919
22210	212905_at	0.266359286	4.250810221	3.19168409	0.006254846
26933	217647_at	-0.489902076	5.212687876	-3.191511758	0.006257026
20005	210619_s_at	0.436884617	5.467737418	3.189571047	0.006281634
10077	200628_s_at	0.288316731	4.531407568	3.189522433	0.006282251
17789	208367_x_at	0.356905969	6.405536281	3.186820905	0.006316669
31028	221747_at	-0.454638814	5.820828053	-3.183559365	0.00635847
45935	236685_at	-0.50362567	4.799569685	-3.183517978	0.006359002
12781	203333_at	0.311051399	5.047025099	3.182870347	0.006367336
33232	223956_at	-0.352960829	9.069776946	-3.180820101	0.006393789
28300	219015_s_at	0.35745874	5.083066617	3.180200049	0.006401811
45008	235758_at	-0.328971138	5.931402367	-3.178974683	0.006417694
12993	203545_at	0.442565092	5.244610715	3.176221061	0.006453527
40058	230803_s_at	0.298039596	5.40736211	3.176109635	0.006454981
18391	208975_s_at	0.276167456	5.015179271	3.175714848	0.006460136
49474	240224_at	0.291228689	5.219570722	3.174382284	0.006477566
38455	229200_at	-0.30500927	7.913855422	-3.173888601	0.006484035
33221	223945_x_at	0.423039652	7.938778608	3.172051504	0.006508164
54409	44822_s_at	0.25680396	6.004934739	3.170742444	0.006525412
21451	212144_at	-0.263755199	7.943381695	-3.17043231	0.006529505
20734	211398_at	-0.494819294	6.880667293	-3.170029584	0.006534824
2160	1555226_s_at	0.450747833	5.793822085	3.166489473	0.006581762
42301	233047_at	-0.316320552	5.223700313	-3.164212755	0.006612126
39362	230107_at	-0.405414746	7.933515841	-3.162805986	0.006630957
10878	201429_s_at	0.310863351	6.416822041	3.161968756	0.006642189
32995	223718_at	-0.481499113	8.073825483	-3.15879467	0.006684945
16768	207323_s_at	-0.404112532	7.125737265	-3.158449295	0.006689613
17873	208454_s_at	-0.306529311	7.681832576	-3.158243422	0.006692398
10357	200908_s_at	-0.27370192	5.168884497	-3.156259524	0.006719289
33216	223940_x_at	-0.484043642	5.397536669	-3.155734443	0.006726425
4457	1558850_s_at	0.262613902	6.966456409	3.155491221	0.006729732
49074	239824_s_at	-0.396240075	5.849747021	-3.155358333	0.00673154
32780	223502_s_at	0.304833818	4.673773741	3.154461053	0.00674376
53455	244204_at	0.419736555	4.925501472	3.149840753	0.006807031
43892	234642_at	0.418726475	7.557110777	3.147844462	0.00683455
39903	230648_at	-0.483820285	7.321716999	-3.14645812	0.006853725
11636	202187_s_at	0.35645052	5.75941292	3.145513317	0.006866824
31866	222586_s_at	0.278107121	4.811535409	3.143242579	0.006898407
33612	224344_at	-0.340296316	6.468456943	-3.143213439	0.006898814
23135	213834_at	-0.497543041	7.237172417	-3.13750676	0.006978828
44012	234762_x_at	-0.580781584	6.226030232	-3.13723557	0.006982653
45304	236054_at	-0.288585288	6.3360706	-3.13678135	0.006989065
49366	240116_at	-0.516377114	8.27975285	-3.136563438	0.006992143
10623	201174_s_at	0.343328494	5.565760853	3.136505023	0.006992968
16853	207409_at	0.44167384	5.016456049	3.135650999	0.007005046
37609	228354_at	0.274289748	7.477172435	3.133750065	0.007032002
46454	237204_at	-0.47941088	5.991270418	-3.132480377	0.007050065
48103	238853_at	0.366534632	6.330421149	3.128897055	0.007101289
12465	203015_s_at	0.255432818	4.944146627	3.128637193	0.007105018
15083	205635_at	0.313431312	4.586395886	3.126251137	0.007139349
43978	234728_s_at	0.471748006	5.964164228	3.122524991	0.00719329
14848	205400_at	-0.276733411	6.188382267	-3.12206135	0.00720003
23027	213726_x_at	-0.33015566	6.087535866	-3.119084584	0.007243452
42837	233585_at	0.372945862	7.157612081	3.118116342	0.007257632
27095	217809_at	0.220881264	4.609968278	3.117203191	0.00727103
17859	208439_s_at	-0.336912935	8.676417411	-3.116197766	0.00728581
49287	240037_at	0.417600906	5.266065445	3.114267313	0.007314272
32793	223515_s_at	0.35523032	5.429843319	3.11400097	0.007318208
27056	217770_at	-0.461621065	5.593175091	-3.11331692	0.007328325
36482	227226_at	0.346560043	5.189275021	3.112553596	0.007339631
33201	223925_s_at	0.407247167	4.807544458	3.110866439	0.007364681
52342	243091_at	-0.621120674	8.223189402	-3.110660523	0.007367745
10814	201365_at	-0.607666983	6.102851664	-3.106812495	0.00742522
52891	243640_x_at	-0.445260397	7.527721298	-3.106592355	0.007428521
49260	240010_at	0.567621168	6.517527671	3.105137246	0.00745038
10802	201353_s_at	-0.27221179	6.904126754	-3.103964071	0.00746805
10949	201500_s_at	0.404896576	4.857059305	3.103503014	0.007475006
23080	213779_at	-0.279231567	6.687530648	-3.103204539	0.007479512
20750	211417_x_at	-0.348390587	5.790534574	-3.102626453	0.007488247
29191	219906_at	-0.343432695	5.640158019	-3.102426106	0.007491277
40585	231330_at	-0.35791913	5.70259673	-3.102060638	0.007496807
13289	203841_x_at	0.334249775	4.982515642	3.101658607	0.007502895
22063	212757_s_at	-0.341831809	5.626545022	-3.10059244	0.007519063
41222	231967_at	0.32317633	4.147004263	3.099727482	0.007532206
31609	222329_x_at	-0.300363825	6.581789273	-3.098239979	0.00755486
30032	220747_at	-0.324186146	7.373449653	-3.098176832	0.007555824
52530	243279_at	-0.313660438	7.973986688	-3.097568943	0.007565102
42349	233095_at	0.234075375	4.137646614	3.097050328	0.007573027
19214	209806_at	0.32392392	7.209555129	3.096475155	0.007581826
40913	231658_x_at	-0.234122303	7.369273122	-3.096277527	0.007584852
41284	232029_at	-0.362961969	5.736869736	-3.093707229	0.00762431
17360	207923_x_at	-0.310282468	5.099743126	-3.093074451	0.007634056
14882	205434_s_at	0.378817501	8.198066041	3.093021979	0.007634864
43930	234680_at	-0.273374959	5.246766571	-3.092598348	0.007641396
52116	242866_x_at	-0.703517836	6.848458822	-3.088761128	0.007700813
54114	244863_at	-0.424762594	7.276876405	-3.088240326	0.007708913
42125	232871_at	-0.320754792	5.915050008	-3.086159194	0.007741362
29245	219960_s_at	0.254873974	4.190864648	3.086028844	0.007743399
38625	229370_at	-0.333004556	6.44006176	-3.083988607	0.007775351
48928	239678_at	0.562134397	4.894738659	3.081940147	0.007807562
29088	219803_at	-0.260676196	5.390790739	-3.081327467	0.007817221
22935	213634_s_at	-0.622279971	7.359059699	-3.081183049	0.0078195
23730	214430_at	0.270447115	6.502812803	3.080564001	0.007829275
51951	242701_at	-0.312844945	7.147530517	-3.077946536	0.007870739
47159	237909_at	-0.262281828	5.781505936	-3.077406819	0.007879316
33097	223820_at	-0.434434906	5.664851925	-3.076535155	0.007893187
10917	201468_s_at	0.259278464	8.104862218	3.075593265	0.007908203
35239	225982_at	-0.2774621	6.391340311	-3.075270525	0.007913354
40081	230826_at	-0.307724168	5.76402525	-3.074694305	0.007922561
20673	211333_s_at	-0.267789647	5.771003407	-3.073227042	0.00794605
51052	241802_x_at	-0.255271336	6.683384638	-3.07162877	0.007971716
27653	218367_x_at	0.359443797	6.611506042	3.070979332	0.007982168
6953	1562984_at	0.521148016	5.206447307	3.070652142	0.007987439
12549	203099_s_at	-0.388123841	6.223166305	-3.070230462	0.007994237
11307	201858_s_at	0.235551202	4.834679117	3.070139499	0.007995705
23066	213765_at	-0.35865408	4.39081721	-3.068566166	0.008021125
22151	212845_at	0.325342987	4.554249263	3.067399802	0.008040021
21051	211730_s_at	-0.449251493	6.144653414	-3.066781791	0.008050051
18781	209367_at	-0.355411754	6.65308628	-3.065719469	0.008067322
29972	220687_at	-0.44725448	5.843218048	-3.064690059	0.008084092
36231	226975_at	0.315495521	5.443281612	3.064089143	0.008093897
24567	215272_at	-0.325785644	5.195431035	-3.062767173	0.00811551
37958	228703_at	0.225597878	8.11429984	3.062195461	0.008124874
23244	213944_x_at	-0.430830539	6.160073707	-3.058982953	0.008177692
51698	242448_at	0.292166696	4.223496858	3.057727298	0.008198429
18649	209234_at	0.39292445	5.362219773	3.057013225	0.008210245
824	1553399_a_at	-0.629192894	5.998870609	-3.056123211	0.008224995
39613	230358_at	-0.305699407	6.870240341	-3.055750723	0.008231177
19259	209852_x_at	0.530303023	7.130304473	3.055122853	0.008241606
35203	225946_at	0.220130157	4.170016015	3.050821813	0.008313401
35175	225917_at	-0.345983935	6.756972024	-3.050214105	0.008323595
19792	210393_at	0.448528143	4.808888323	3.048973659	0.008344441
32406	223127_s_at	0.287658782	5.568243289	3.048558876	0.008351423
48320	239070_at	0.251637503	6.081167885	3.045616376	0.008401119
16029	206582_s_at	-0.278507247	7.15524958	-3.044347503	0.008422639
17207	207765_s_at	-0.393054908	6.238959317	-3.043066413	0.008444421
17010	207568_at	-0.389476375	6.761893786	-3.041398769	0.00847286
24365	215070_x_at	-0.315657611	7.778121556	-3.041223501	0.008475854
25216	215922_at	0.440518781	6.063058875	3.037935766	0.008532216
13230	203782_s_at	0.291520631	4.813354206	3.037483429	0.008539999
18581	209166_s_at	-0.357387902	7.202916019	-3.036630112	0.008554701
1339	1554115_at	0.511647575	7.332164293	3.036569896	0.00855574
34788	225530_at	0.322876885	5.795226319	3.034737584	0.008587397
12155	202706_s_at	-0.29041084	4.865213724	-3.034218828	0.008596381
8338	1566555_at	-0.24918372	4.905832113	-3.034013801	0.008599934
9593	1570033_at	0.442055847	5.352190588	3.033557443	0.008607848
27552	218266_s_at	-0.327331923	6.656235959	-3.033368418	0.008611128
49768	240518_at	0.386974882	4.752884552	3.031982415	0.008635217
29740	220455_at	-0.504168867	5.669165646	-3.029997225	0.008669835
51755	242505_at	0.279381552	7.865750509	3.029749582	0.008674163
14251	204803_s_at	-0.442899059	6.976870028	-3.029547974	0.008677688
50717	241467_at	-0.438812654	8.331677347	-3.028475347	0.008696466
20872	211546_x_at	-0.568535382	7.258099963	-3.026552878	0.008730223
29860	220575_at	0.396144449	4.996551423	3.025855701	0.008742497
6760	1562703_at	0.266988084	4.945490043	3.024397724	0.008768219
16431	206984_s_at	0.284866287	5.003776959	3.023700097	0.008780553
45997	236747_at	-0.364412852	6.11368807	-3.023105706	0.008791076
25930	216639_at	0.343320038	4.426984192	3.023103736	0.008791111
15287	205839_s_at	-0.32384075	7.686467394	-3.021554462	0.008818596
26449	217161_x_at	-0.411422382	5.805263549	-3.020108448	0.008844325
14194	204746_s_at	-0.523727838	7.458189843	-3.019333688	0.008858142
53380	244129_at	0.339815572	5.117651127	3.017599508	0.008889144
10562	201113_at	0.268893465	5.686804598	3.016794244	0.008903576
23205	213905_x_at	-0.249533972	7.758856824	-3.016291284	0.008912602
53888	244637_at	-0.338655052	4.865463977	-3.015664666	0.00892386
38781	229526_at	0.454461478	5.806055066	3.014915739	0.008937333
18835	209421_at	0.239645931	5.197884828	3.014775121	0.008939865
54263	37022_at	0.268824817	8.133263959	3.014421209	0.008946241
22997	213696_s_at	-0.530668404	6.022124179	-3.014216638	0.008949928
30653	221369_at	0.310643183	5.155189313	3.013759121	0.00895818
1365	1554155_at	0.309163304	4.15611713	3.013424633	0.008964218
38108	228853_at	0.214965701	3.925401063	3.013203691	0.008968209
17617	208190_s_at	-0.285934307	6.12624376	-3.013002535	0.008971843
43601	234350_at	-0.306723896	6.347033081	-3.012819227	0.008975157
20407	211042_x_at	0.283055245	5.818120207	3.012286503	0.008984793
31267	221986_s_at	0.259666896	4.257453069	3.008239044	0.009058338
45728	236478_at	-0.494974728	4.916172563	-3.008086349	0.009061124
43371	234120_at	-0.497528959	7.428076664	-3.007480883	0.00907218
53275	244024_at	-0.60324655	7.586253369	-3.00649253	0.009090256
37561	228306_at	0.43457805	4.89062183	3.006382326	0.009092273
29762	220477_s_at	0.340419976	5.596869683	3.005191433	0.009114106
1995	1555001_at	0.334641587	4.337091565	3.004888209	0.009119673
15847	206400_at	-0.443223921	5.448064413	-3.004737092	0.009122448
32019	222739_at	-0.275763604	4.901590307	-3.002821358	0.009157709
32835	223558_at	0.430766346	4.865142994	3.001973513	0.009173357
43975	234725_s_at	0.363329898	6.482625282	3.001900666	0.009174703
48332	239082_at	0.353094373	4.821531857	3.001381925	0.009184291
9531	1569933_at	0.329806703	7.018024532	3.000900553	0.009193197
41962	232707_at	0.353964646	5.576300367	3.000709484	0.009196735
35181	225923_at	0.414457928	5.81425113	3.000596737	0.009198823
4119	1558248_at	-0.229705423	4.425583915	-3.000032348	0.009209283
1752	1554685_a_at	0.291929246	6.109387506	2.999452616	0.009220039
39645	230390_at	-0.303431203	6.013811987	-2.999355194	0.009221847
14931	205483_s_at	-0.439899849	6.749448507	-2.998171956	0.009243843
44074	234824_at	0.417111709	5.307317567	2.9977108	0.00925243
12324	202874_s_at	0.309506481	4.523184601	2.995890318	0.009286404
32644	223366_at	-0.243583546	5.73063268	-2.995578992	0.009292226
44818	235568_at	-0.499798358	7.101947916	-2.995561175	0.00929256
21390	212083_at	0.375689973	6.17744088	2.988596263	0.009423761
6767	1562718_at	0.221099015	5.03450629	2.988485339	0.009425866
47207	237957_at	0.235889627	4.12931893	2.986449578	0.009464566
52692	243441_at	-0.213637246	6.198643357	-2.9858487	0.009476019
45796	236546_at	0.294053547	6.621241292	2.985262991	0.009487195
7351	1563781_at	0.486523032	5.997260941	2.985057361	0.009491122
44577	235327_x_at	-0.354945937	6.309535875	-2.984712208	0.009497717
27436	218150_at	0.445322574	4.601479204	2.983961974	0.009512068
8016	1565811_at	0.383882336	5.445972779	2.98390495	0.00951316
34222	224963_at	0.253046275	7.142844118	2.982925113	0.009531937
39232	229977_at	0.496941601	6.984029796	2.981421254	0.009560826
48067	238817_at	0.268316982	5.242269863	2.980770439	0.009573355
28206	218921_at	-0.321384121	6.791766214	-2.980646237	0.009575748
15784	206337_at	0.253325689	5.522980822	2.980334976	0.009581748
47572	238322_s_at	-0.396881757	7.881636393	-2.980304531	0.009582335
39933	230678_at	0.290345118	4.420083017	2.978977455	0.009607957
50158	240908_at	-0.289121418	4.601887271	-2.978812711	0.009611142
36285	227029_at	0.399315309	4.469474106	2.97865806	0.009614133
32896	223619_x_at	-0.406978328	5.436097568	-2.978167664	0.009623624
15175	205727_at	0.427396668	4.862077874	2.977602633	0.009634571
39651	230396_at	-0.328244944	7.037845468	-2.977269289	0.009641035
27220	217934_x_at	-0.438780994	6.075972713	-2.976703082	0.009652025
54125	244874_at	-0.631868145	6.320920881	-2.974975672	0.009685627
26568	217282_at	-0.326198225	4.689584673	-2.974960043	0.009685932
27384	218098_at	0.40020022	4.302609149	2.9747345	0.009690328
39685	230430_at	-0.263023367	6.943058113	-2.973869703	0.009707202
13377	203929_s_at	-0.2780836	4.648997128	-2.973327686	0.009717792
13308	203860_at	-0.231015453	4.262898809	-2.972814522	0.00972783
48201	238951_at	0.346238196	5.056846852	2.972158078	0.009740684
31462	222181_at	-0.418436373	5.607678537	-2.972015845	0.009743472
48833	239583_x_at	-0.379647977	6.465809898	-2.971732956	0.009749018
942	1553545_at	-0.326132556	5.589835913	-2.971728201	0.009749111
10207	200758_s_at	0.32685952	7.619677082	2.971199393	0.009759487
21170	211858_x_at	-0.287343954	5.071624758	-2.96954186	0.009792081
54546	61297_at	-0.306148505	7.316638032	-2.969044079	0.009801891
344	1552738_a_at	0.377515108	4.016227472	2.968648876	0.009809686
14095	204647_at	-0.392160848	6.952580227	-2.967571948	0.009830957
26455	217167_x_at	-0.317986015	6.239185007	-2.967087034	0.00984055
28872	219587_at	-0.286804741	4.839232679	-2.965170833	0.009878548
1145	1553839_at	0.296682139	5.097151712	2.965080119	0.009880351
15384	205936_s_at	-0.347489661	7.160927922	-2.965019003	0.009881565
16452	207005_s_at	-0.430169882	8.305059751	-2.963773515	0.009906347
35614	226357_at	-0.455104772	7.452345715	-2.963240787	0.009916966
10190	200741_s_at	0.295793438	4.224976382	2.961819662	0.009945348
47928	238678_at	-0.364890622	5.071606681	-2.961439862	0.009952947
22295	212991_at	-0.357203349	4.785480685	-2.960939388	0.009962968
4104	1558212_at	0.430334064	4.889610091	2.959272979	0.009996408
40857	231602_at	-0.288867633	6.990233324	-2.95914803	0.00999892
