probeset_id	total_probes	gene_assignment	gene_id	T8A	T8B	T8C	T16A	T16B	T16C	T28	T32	N8A	N8B	N8C	N16A	N16B	N16C	N32	Log2 Fc T vs N	P T vs N	q T vs N
8178435	24	NM_003897	IER3	619.34045	669.57804	454.93826	758.29057	1375.53685	926.44332	1093.56144	712.36316	1043.66706	2109.8634	1255.13896	1126.40095	1522.02224	907.02381	1549.90056	-0.775284601	0.04943938	0.04717207
8031207	12	NM_006866	LILRA2	43.90558	35.56047	41.55084	31.83674	18.85816	42.80269	32.6131	65.15829	35.5744	57.54907	45.54432	38.5769	68.00766	67.08649	32.59342	-0.600088476	0.043456758	0.0432454
8053654	24	NM_001443	FABP1	14.58538	34.07106	10.01787	12.76318	19.48288	31.52679	23.37774	25.0387	28.71385	36.20365	29.78475	19.4188	31.63971	28.97356	33.44519	-0.679453133	0.040594764	0.04129597
7899627	32	NM_022164	TINAGL1	342.27156	367.3596	162.60658	321.6841	311.9027	775.39777	798.46743	319.9653	435.94727	308.15667	352.96131	689.33985	480.13224	563.9622	689.04188	-0.647468607	0.039820563	0.04079971
8178086	39	NM_005346	HSPA1B	822.16972	785.73526	482.35596	554.2112	931.06812	752.10904	1236.53587	732.765	1682.32306	1330.95311	1262.73295	856.98623	950.15289	750.85983	1151.52876	-0.671536298	0.038941884	0.04022146
7908499	24	NM_030787	CFHR5	19.28942	27.69335	15.29044	10.35905	25.39422	27.17353	23.41187	27.73996	24.92345	36.73846	36.22939	17.42655	42.31734	35.38484	28.88984	-0.714472738	0.034273366	0.03678444
8108370	32	NM_001964	EGR1	309.07088	424.24737	706.64766	626.61545	761.35944	1001.49642	720.00978	444.30285	588.41789	1210.57359	1018.67673	1560.13998	990.98451	687.54145	586.01635	-0.83565848	0.033793941	0.03643857
7940210	29	NM_173801	PLAC1L	10.12044	7.74136	12.88268	19.78523	13.36293	24.61163	20.196	25.66399	15.78696	33.3767	19.61768	20.39965	28.73089	15.44061	20.0088	-0.7984887	0.033011449	0.03584022
8075924	26	NM_002405	MFNG	79.93559	78.43806	72.57737	69.103	87.9713	43.83239	106.36336	57.65743	142.82401	153.52763	156.87202	88.9708	79.84382	92.57516	117.90997	-0.617977844	0.031578196	0.03470038
8049620	29	BC031951	FAM132B	458.26641	509.37691	315.88016	457.43176	553.53222	477.96481	585.53284	401.14961	636.68885	591.37728	625.9435	1079.1974	680.31061	583.75123	744.08316	-0.608244554	0.028933205	0.03264111
8082585	27	ENST00000312481	FLJ35880	26.8897	35.92035	59.09038	28.85264	47.47453	74.46935	35.27011	75.14991	47.76725	50.92748	56.99995	65.09985	89.71028	95.8333	42.46383	-0.772488426	0.027585503	0.03159599
8096061	29	AK128642	C4orf22	18.0873	18.47666	24.16601	26.0057	16.62245	36.80708	22.59608	40.97854	30.63606	26.04946	23.99977	28.52945	39.20568	49.10745	26.61466	-0.671370083	0.026135545	0.03042198
7925761	15	NM_001004734	OR5BU1	82.01011	68.1362	51.93115	49.58295	56.75558	37.52985	70.43253	73.73521	80.17173	117.96082	127.82079	90.8126	67.65382	83.05035	82.77839	-0.616632434	0.021616942	0.02670206
8133721	18	NM_001540	HSPB1	1020.35854	1133.25137	1084.94599	808.5445	820.87405	714.21391	1466.33998	1486.75203	1876.38271	1394.36877	1517.48898	1970.23211	1028.90379	1119.42946	1232.40298	-0.608552141	0.021476855	0.02659534
8163548	43	NM_138424	KIF12	243.57283	340.86505	407.03855	262.20431	279.36733	174.07549	458.2557	274.87204	597.42506	479.11018	633.63871	404.07516	344.12407	383.68738	469.26808	-0.627499956	0.021377443	0.02651394
7976795	19	NR_003530	MEG3	8.36226	34.26442	23.33543	37.68663	35.37846	76.19997	41.72977	47.09568	43.50665	36.37464	53.66785	41.2946	71.03723	48.34708	38.41486	-0.81853322	0.018737952	0.02426048
7922127	8	NM_003175	XCL2	40.33647	57.85343	74.64427	53.54251	95.30415	95.32239	59.68703	99.29725	71.06481	115.09742	112.61983	79.84898	129.49912	105.16805	87.7815	-0.667924371	0.018697321	0.02423489
8023910	9	AK098581	FLJ25715	53.0166	84.10643	60.54495	20.50587	70.57406	71.97068	54.76882	83.95662	70.70736	122.73627	118.91348	64.92447	139.06689	138.61153	121.83241	-0.918561891	0.017806687	0.02344799
7907249	31	NM_001002294	FMO3	36.14832	26.76627	29.68263	35.27535	48.7567	30.69767	31.52839	34.38662	49.46258	43.21031	53.66272	44.36179	68.06214	72.51809	29.29121	-0.644281942	0.013939271	0.01995727
8132803	9	NR_003595	CDC14C	90.21727	124.88581	85.90067	61.05444	98.99457	148.232	69.40671	192.18027	97.96729	154.51644	195.11797	121.61885	206.53866	168.70449	130.52427	-0.77152909	0.012887725	0.0189516
7939973	25	NM_001004747	OR5T3	2.80445	4.49838	2.8044	2.90507	2.69721	5.44311	3.86035	7.675	8.11286	4.22864	3.96202	6.34612	8.22748	4.96202	5.66952	-0.92686343	0.012346998	0.01840019
8141463	13	NM_024637	GAL3ST4	55.81555	43.32426	58.80915	35.79717	44.18923	96.13926	31.89094	64.67541	55.86336	80.13752	68.64173	57.50502	97.97037	93.12464	33.79535	-0.666679498	0.012092618	0.01819074
8124440	27	NM_003534	HIST1H3G	152.73154	127.94551	144.75855	159.53258	94.91515	165.78371	165.64391	91.28405	250.21708	160.49727	178.99145	255.87133	162.29882	230.38782	219.86967	-0.601925156	0.012101287	0.01819074
7984259	6	NR_002755	RNU5D	106.56632	107.26209	162.21673	202.70407	117.65917	330.32169	130.90748	346.93452	197.84413	204.68702	174.05573	192.02899	256.08631	273.18446	192.66393	-0.635124507	0.011941568	0.01804184
7938082	23	NM_001037329	CNGA4	48.60914	35.87251	44.42069	39.83655	31.07328	56.7119	38.31014	81.11532	40.56554	82.15672	61.713	53.01007	77.54895	79.11078	49.95882	-0.716901411	0.010906062	0.01697903
8094093	24	NM_080819	GPR78	97.77564	88.35772	94.11275	74.81147	84.87241	124.6628	109.5327	103.66133	97.63659	130.37414	156.27856	112.18256	141.50591	192.78161	117.09385	-0.6541223	0.010425635	0.01647538
7981968	25	NR_003325	SNORD116-10	6.49203	6.51317	4.62626	7.08069	7.92283	9.38593	10.19874	6.90436	11.61483	8.39421	14.41768	11.86091	7.93121	8.98015	11.09649	-0.690447941	0.010244495	0.01628691
8070780	12	NM_198696	KRTAP10-3	62.56381	64.77107	49.69195	53.62281	52.93018	48.43685	51.00887	89.80068	77.05212	93.56083	79.93	67.93438	89.76305	129.76386	66.40906	-0.660828265	0.009979814	0.01606317
7899615	35	NM_178865	SERINC2	345.91657	379.39783	269.72171	421.60113	352.08195	1249.18149	713.70862	524.33058	537.65884	434.2743	499.84542	887.46573	578.90972	682.65401	692.08924	-0.770572263	0.009763806	0.01582978
8114625	9	NM_194249	DND1	289.00016	231.06484	191.74048	293.88163	204.21329	393.33166	264.56454	452.4193	303.83562	405.73139	344.58533	297.12275	454.73646	521.85715	290.99533	-0.681086992	0.009660924	0.01571982
7998666	25	NR_002326	SNORA64	178.18991	211.63151	181.16198	306.21878	353.84865	305.3474	552.78653	461.95524	498.86112	499.21871	493.85138	307.61313	370.93897	328.77271	443.97032	-0.758573959	0.009636631	0.01570118
8003667	23	NM_002615	SERPINF1	49.79561	28.28177	30.52635	32.95324	39.34648	77.1408	65.25334	30.16941	47.35015	48.94618	54.2533	73.36052	67.87799	48.87047	46.40193	-0.650072344	0.00827389	0.01425976
7942118	27	NM_138768	MYEOV	288.9809	262.15012	259.74922	303.53276	349.31678	333.37712	417.30536	503.81645	565.99178	432.44147	470.1126	528.68581	361.99678	318.08426	514.42057	-0.608102004	0.008199792	0.01417238
8019709	6	NR_002716	RNU2	842.84452	944.15706	805.4916	1310.64371	1344.00257	2519.12239	2048.60855	3268.01937	1639.22297	1514.73815	2367.13459	1473.27359	1689.14695	1440.21319	1484.5443	-0.68510341	0.008008801	0.0139587
8094372	28	NM_003102	SOD3	64.52358	119.16437	146.61425	79.52498	52.92764	79.45625	152.07739	100.84458	212.18352	177.02247	240.88295	182.81167	99.35302	260.11079	233.15784	-1.078066761	0.00783354	0.0137445
7937774	27	NM_016412	IGF2AS	198.96904	230.46518	215.74706	204.05794	212.01039	283.15047	284.43776	323.03506	213.31282	362.66141	316.5226	275.63389	413.55437	350.7053	257.34088	-0.601588153	0.007736485	0.01363864
8003875	31	BC041772	SPNS2	255.06988	253.43292	207.64669	312.23667	278.49705	263.50252	451.00854	321.1288	326.67964	333.52598	344.65283	488.17387	449.30652	535.53085	876.09536	-0.659935692	0.006820311	0.01261642
8124540	23	NM_003514	HIST1H2AM	90.60532	67.5889	80.38497	101.08483	68.49775	97.3286	167.05025	73.62711	164.91793	90.27414	142.58999	150.24347	102.66469	138.84554	156.5238	-0.688829145	0.006744156	0.01253409
8020357	22	BC028407	ANKRD30B	0.42321	5.5357	2.2503	1.86666	1.39195	4.9611	2.35228	13.61673	7.02103	7.37972	3.51824	8.52186	13.62515	10.50325	3.60782	-1.87763481	0.006267557	0.01196532
8023995	27	NM_005860	FSTL3	297.56941	292.54307	200.22812	242.9105	333.55391	248.60703	304.02198	285.59845	556.77223	509.86884	488.50258	396.63747	417.00179	291.88641	433.08643	-0.697947369	0.006110576	0.01177338
7957608	23	AB041270	KRT19P2	226.87396	273.84996	341.5586	437.32854	352.16242	376.74655	537.99424	374.44963	630.0348	582.08897	478.8377	473.28917	460.35772	413.57509	642.17095	-0.633733779	0.005260122	0.01068927
8102247	7	AK094992	FLJ37673	89.14382	79.61289	79.87447	55.87839	66.50157	100.74396	86.81252	121.95008	100.30934	133.66075	108.33778	108.98991	128.54944	181.00704	90.9856	-0.773123223	0.005110426	0.01049612
8019802	8	NR_002761	RNU2B	786.42902	929.46749	850.86757	1406.58912	1347.62521	2752.18004	2090.31568	3622.91706	1653.01764	1625.30999	2337.93901	1565.09226	1758.2006	1475.86584	1568.69103	-0.705923897	0.005065558	0.01044483
8075462	19	NM_080430	SELM	135.64231	140.6975	130.05112	134.32599	157.34261	243.66098	180.34878	297.23441	184.47302	258.20185	236.46431	193.21598	371.08787	282.16151	211.90694	-0.864924657	0.005063288	0.01044288
8075857	20	NM_003312	TST	119.79875	134.86063	164.2567	201.05083	131.13195	152.51657	243.23576	98.36536	271.31438	234.4346	212.27558	243.29724	165.12903	239.69463	244.98831	-0.600001982	0.004964416	0.01030645
8052882	24	NM_017488	ADD2	17.78253	28.41318	29.41913	27.24752	37.78741	49.76939	24.17172	31.03481	39.30474	51.75142	46.85909	36.61788	38.98214	54.3946	41.78295	-0.666606133	0.004606947	0.009839292
8074988	5	NR_003082	GSTTP2	40.98393	57.949	32.88706	40.96151	49.71603	83.33452	57.396	110.29162	81.41595	100.8696	101.22376	49.84364	67.66871	85.67726	60.51419	-0.866205848	0.004564405	0.009788255
8059014	30	NM_017521	FEV	269.05361	368.00265	420.04598	373.40952	325.47616	514.20216	331.37861	546.38468	414.53055	527.67754	579.56071	432.6844	634.26751	641.30261	417.6293	-0.616227255	0.004534284	0.009758208
8035639	26	NM_023002	HAPLN4	167.27865	169.16608	192.4638	215.08818	188.36755	154.91378	218.94745	204.71271	364.97967	292.32978	409.67659	246.76036	259.72428	255.03569	227.67995	-0.708665638	0.004426703	0.009624808
7942594	25	NR_000025	SNORD15B	289.47759	274.29721	278.6151	456.01815	453.28643	583.09825	816.64345	748.87824	748.13747	641.37945	635.74576	501.69858	578.51858	432.5362	731.76541	-0.751155013	0.004408706	0.009614073
7941302	26	NM_001098785	FAM89B	249.33	243.55055	264.69857	216.72036	222.92219	271.00003	300.39298	301.02052	469.55297	405.07973	370.35589	373.21518	278.65207	293.32447	348.17322	-0.608324943	0.004198897	0.00936665
8068231	27	NM_005806	OLIG2	74.61306	84.11787	98.64206	88.99726	66.41368	107.29017	75.68464	93.80022	100.07931	117.44029	133.49476	105.71705	156.97367	150.42386	99.68344	-0.625394888	0.004119302	0.009251997
7984635	31	ENST00000341689	FLJ27523	32.52626	34.79868	27.12827	22.98334	26.9663	46.34339	26.29065	52.72953	32.84407	46.1763	45.47693	47.53217	63.75578	57.96875	24.21959	-0.761474874	0.003974735	0.009061699
8117900	33	NM_013993	DDR1	350.43074	441.55276	326.98479	342.10621	469.5932	362.70461	558.78961	329.58429	645.67432	714.00708	688.0867	539.92862	494.18341	471.6908	642.57777	-0.617135215	0.003929453	0.009012598
8006786	6	XM_290799	ARHGAP23	65.40095	45.57413	79.51117	74.89686	40.26929	137.03768	73.26227	131.26753	86.65611	105.45611	104.94941	93.99743	95.99267	138.81336	85.38297	-0.770925406	0.003249282	0.008069825
8132805	27	NM_198570	VWC2	136.28897	132.90492	124.84414	130.9075	138.17783	198.42937	139.95876	238.01243	148.5118	218.07504	211.54206	188.08462	270.38456	266.23157	181.77062	-0.711264868	0.003094802	0.007839713
8177867	29	NM_001954	DDR1	372.67693	471.16887	351.7215	368.90149	510.31367	386.73613	610.37711	352.82039	720.41557	779.69428	763.09766	591.32207	540.47839	522.77704	706.90038	-0.654043747	0.003045855	0.007774596
8130578	24	NR_002960	SNORA20	139.31367	116.56982	84.27446	137.84626	137.01444	130.48152	205.60085	94.57822	328.6423	341.47528	368.28715	232.4817	210.45954	177.00243	266.07089	-1.168010661	0.002543424	0.00696634
8070315	26	AY204749	C21orf24	37.2379	32.54161	31.28013	23.17229	41.76075	54.95114	42.51876	43.55664	62.85317	61.37968	60.17355	42.99724	42.76451	66.74231	44.40951	-0.758211191	0.002446101	0.006819686
7974363	27	NM_000953	PTGDR	67.16764	90.71181	75.78643	75.97608	60.83822	78.89069	71.73001	100.20267	87.85265	110.24526	133.61781	97.58205	128.238	118.18587	106.29086	-0.603998289	0.002314203	0.0066146
8049299	25	NR_003006	SCARNA6	202.01158	159.52052	148.75507	181.66199	215.39511	182.55989	299.58871	299.05738	336.2143	299.98161	361.09703	243.24606	260.88174	238.84233	273.50861	-0.676549048	0.002161951	0.006328741
8006900	26	NM_002686	PNMT	280.87932	306.72341	124.39979	236.2637	153.55364	168.37278	437.47941	111.47835	440.29617	404.72811	357.78848	611.00304	593.21244	707.20875	1045.68533	-1.235955957	0.002058058	0.006159714
7937763	24	NM_021134	MRPL23	377.04635	346.9602	393.72428	608.89226	382.48707	602.98073	408.27615	553.71842	788.03659	631.96066	697.75259	582.62537	672.90674	583.21192	678.6466	-0.644553667	0.002045995	0.006138647
8010770	39	NM_004207	SLC16A3	529.88803	649.66553	275.71145	641.55769	773.07029	746.58444	962.14077	854.82256	968.40333	1318.11564	1000.41255	844.64477	1279.10928	978.53898	1493.20299	-0.891609493	0.001998325	0.006044271
7904717	27	NM_213653	HFE2	49.55122	51.38083	59.40804	52.13071	61.02315	70.50799	60.56808	67.66906	75.67464	86.00035	84.07738	70.06199	95.6475	116.42931	66.73202	-0.68569721	0.001971511	0.005991776
7923372	26	NM_012396	PHLDA3	132.94249	149.16528	154.61774	134.83214	150.53224	316.48997	157.77293	291.84268	221.8455	231.66997	243.90251	398.54107	277.59681	260.21466	205.13905	-0.914920601	0.001931431	0.005926713
8124391	24	NM_003513	HIST1H2AB	235.83015	238.39215	303.43244	352.14828	253.7361	392.99512	545.56922	132.48701	503.17704	341.37332	465.87442	542.61058	374.94678	487.60165	444.58627	-0.709864534	0.001910026	0.005886181
8166440	25	NM_182699	DDX53	34.6742	39.59566	37.3924	35.60972	24.14724	61.35228	27.76818	40.39603	42.99284	57.41579	49.63777	47.16088	63.39602	51.99776	30.39942	-0.603759387	0.001851107	0.005768329
8156278	38	NM_005226	EDG3	86.72317	79.89405	92.67099	65.36939	89.50434	141.79599	88.64119	164.56147	98.71579	140.35459	130.81115	112.88682	158.35342	131.59655	113.92337	-0.636713216	0.001658886	0.005461087
8030360	25	NR_000021	SNORD32A	223.047	203.17136	165.1504	232.32218	296.63185	276.19294	400.13638	473.44636	629.80802	476.56631	512.40433	380.91173	393.59668	337.86844	510.91899	-1.022562592	0.001625555	0.005408622
8124385	21	NM_003544	HIST1H4B	284.83942	273.33789	317.8969	428.79803	328.53512	418.39018	667.86007	260.18135	552.68527	406.45975	572.88025	642.97653	466.53625	525.46567	511.25983	-0.692199523	0.001534407	0.005223161
8067798	26	NM_018419	SOX18	191.35112	164.35278	174.03257	170.69228	177.20741	250.85297	173.1337	257.05902	202.62841	265.13122	259.76696	252.61288	309.86685	333.03436	235.37132	-0.623969881	0.001488875	0.005115256
8163109	26	NM_014334	C9orf4	268.44636	385.5411	359.33765	320.18769	429.10112	591.71738	399.01018	529.75374	435.73071	526.51846	578.45664	488.95509	637.46281	625.09169	431.29595	-0.638307821	0.001477467	0.005086306
8132209	16	NR_003502	LOC441208	294.99806	320.24131	370.33947	440.90976	284.02652	487.75963	413.48918	431.19947	515.06741	587.63325	683.30683	453.75438	545.13868	733.80618	454.99177	-0.777580014	0.0014734	0.00507982
8144705	25	BC035082	C8orf79	60.88855	100.03214	84.10565	104.80474	106.06456	110.508	108.86163	64.70514	157.90141	134.44157	163.34473	133.65352	123.03883	127.01455	110.985	-0.617611181	0.001437414	0.005032875
8117608	45	NM_003511	HIST1H2AL	441.43511	395.91407	403.83839	435.61818	353.74284	557.17277	646.10778	397.85423	686.74376	518.63114	605.2153	741.4527	489.45422	659.52718	613.06188	-0.603020651	0.001434865	0.005029617
7897227	30	NM_018836	AJAP1	53.03645	55.73786	79.2964	63.90324	79.31469	169.75113	82.69108	178.27801	93.27292	138.39495	101.50003	120.82177	148.09914	102.26399	80.39063	-0.825175096	0.001371972	0.004926022
8124534	26	NM_003546	HIST1H4L	686.13098	681.38283	807.30412	953.35891	730.56218	1298.57522	1589.08458	612.61251	1570.10743	1047.71053	1205.53131	1734.39615	1163.1918	1395.48568	1600.2639	-0.809680159	0.001348076	0.004880664
7945801	25	NR_002982	SNORA54	75.56173	82.53225	74.96792	85.55536	84.84376	112.90639	135.48127	121.0653	184.13214	156.81496	172.25774	129.24737	107.18098	121.00455	123.5186	-0.846608858	0.001254323	0.004715203
8055239	24	NM_032545	CFC1	72.94234	80.86614	80.49225	75.43084	93.00403	101.9088	85.02113	120.3306	100.45887	132.0143	146.34293	100.14687	130.89731	142.1656	111.66061	-0.6379149	0.001228907	0.004684114
8028563	25	NM_021107	MRPS12	64.52136	67.2646	77.20939	88.1199	95.25807	113.5599	137.27048	100.77697	138.23699	117.01894	120.5381	153.69066	102.60493	114.15261	137.84966	-0.664382652	0.001208732	0.004653419
8025035	29	NM_032306	ALKBH7	97.53328	123.26477	153.16952	143.25429	134.00839	143.20432	185.66193	141.72106	232.15215	238.19361	191.28459	190.71013	180.79295	172.48663	206.7676	-0.6255013	0.001154197	0.004546059
8125766	10	NM_001188	BAK1	195.19461	210.63125	184.98731	233.41064	161.09342	285.91901	307.50163	254.75268	426.77979	271.14675	301.88837	441.80518	330.53601	338.07486	397.28427	-0.835706312	0.001083657	0.004385032
8049670	39	NM_002081	GPC1	195.7045	218.36174	211.14064	211.90676	208.41829	425.25355	267.71965	250.83693	300.69942	338.17414	343.73201	470.92035	291.31036	339.52319	307.12026	-0.732332579	0.001081112	0.004379234
8111670	25	NM_000514	GDNF	114.34983	137.27083	125.77127	124.41179	130.26118	181.244	117.4118	203.37789	190.74957	237.61779	217.49387	153.55171	251.66831	187.92995	204.65357	-0.708010217	0.000961895	0.004100951
7945663	26	AK022293	CTSD	150.6234	149.60948	188.59466	219.11766	184.49131	161.0057	239.92515	258.0274	304.79633	311.88901	286.34024	295.14523	238.09348	224.9287	406.97978	-0.633363842	0.000887795	0.003946776
8007493	26	NM_001661	ARL4D	154.51361	170.54388	153.29342	171.27665	149.2386	265.61673	234.73295	180.66134	271.75393	266.15294	224.42108	286.65321	189.76434	223.38144	224.73235	-0.609008441	0.000871727	0.003913951
8126524	26	NM_199184	C6orf108	253.76694	283.84463	271.84654	323.46711	276.05769	301.96171	379.37161	231.33443	543.71287	450.1151	380.0716	440.37956	378.49658	393.20998	402.83106	-0.613025773	0.00082726	0.003789335
8117543	21	NM_080596	HIST1H2AH	145.3829	127.42419	147.31241	179.79317	120.76552	186.49975	267.4931	130.37633	284.89444	194.24561	222.55197	274.04167	211.08862	228.7035	274.4538	-0.710876559	0.000825224	0.003786852
8065547	14	AK127732	FLJ45832	8.3936	5.94581	5.94457	5.40882	12.20138	6.82489	5.95617	2.76321	13.98122	14.04209	13.12017	17.59918	16.73216	20.50726	14.2551	-1.077754384	0.00081806	0.00377377
7992584	24	NM_001374	DNASE1L2	50.21107	62.91266	61.83953	55.23201	63.62857	50.17296	73.22606	76.5522	70.50385	86.11418	104.51352	89.49544	102.0746	82.88392	91.66554	-0.603131068	0.000801132	0.003742526
8073816	29	AK130875	FLJ27365	242.66058	276.50339	257.94455	268.26706	287.18383	309.12369	390.7356	253.15188	443.65239	425.65335	505.16171	354.4993	389.5234	337.43505	478.60071	-0.61903236	0.000783193	0.003712983
8178977	24	NM_172208	TAPBP	794.29101	705.62233	758.1077	627.73919	815.95466	832.91375	1023.77636	864.36632	1261.31155	1183.5587	1319.0688	1103.13372	1002.02097	897.7075	1112.38347	-0.607245825	0.000779412	0.003704263
7996081	35	NM_201524	GPR56	791.00553	836.85287	555.76815	595.41024	625.483	951.77574	1158.9966	920.40765	1278.34034	1068.1635	1095.43174	1487.00582	1021.84263	1032.87782	1509.42165	-0.773497981	0.000762218	0.003669004
7911529	11	NM_032348	MXRA8	447.37247	566.82517	558.37787	447.3096	452.59919	782.75374	547.04099	833.4456	613.60296	780.8062	782.59859	660.63109	892.82249	779.43608	683.00445	-0.604098849	0.000756214	0.00365775
8165334	31	NM_004669	CLIC3	74.24199	88.96711	95.12341	57.13457	80.06739	110.20966	100.04369	132.82861	131.17894	114.66279	130.22803	104.66421	154.49767	130.66406	102.03953	-0.690310104	0.000732014	0.003591436
7936494	28	NM_005264	GFRA1	86.0101	104.74104	101.82463	102.28519	125.75483	146.03747	92.18797	210.64264	135.84814	177.1505	184.39758	136.05498	176.64351	155.68943	119.66056	-0.628447297	0.000714575	0.00353007
7904737	29	NM_001039888	ANKRD34	119.38101	159.00644	130.79207	131.95289	149.23032	187.35093	138.17288	185.88405	179.53552	232.82424	273.45751	193.15737	253.26411	262.63909	232.03164	-0.751677887	0.000635142	0.003288254
7977732	25	NR_002916	SNORD8	227.83197	252.22039	222.18216	319.11698	258.18146	304.59308	351.05824	292.70535	448.1403	441.81014	490.85468	339.14829	376.48721	371.56375	402.12191	-0.684693232	0.000621671	0.003257057
8048725	27	NM_058165	MOGAT1	69.02462	69.47787	82.98307	102.67259	98.06282	126.43187	127.50332	143.80481	135.23573	164.9618	164.1358	117.11952	197.88108	159.62396	153.28166	-0.890027819	0.000617402	0.003239269
8034772	25	NM_018154	ASF1B	293.9374	327.98762	312.75399	319.98508	280.0711	420.01863	508.77371	189.77776	598.31457	397.87184	436.58908	572.15845	471.22749	586.13378	565.22655	-0.733589213	0.000611935	0.003230414
8052018	25	NM_022055	KCNK12	188.04095	219.87288	237.72855	204.17659	196.92886	315.20141	214.26835	322.30297	276.68522	334.34521	331.10828	263.00035	367.02245	377.6446	276.52344	-0.634382335	0.000606573	0.003216477
8117746	25	NR_003049	SNORD32B	58.53699	45.84908	45.25259	53.54568	65.12539	129.37084	106.99217	177.64109	201.15285	149.90595	171.74514	107.45224	113.93572	115.54313	154.03968	-1.416958312	0.000594808	0.003171174
8048749	21	NM_080671	KCNE4	112.69521	91.20969	96.56881	118.23164	109.44108	118.96555	111.69451	172.99374	141.11155	162.66613	155.04209	151.57186	206.52196	181.09618	120.17941	-0.655081557	0.000561795	0.003095675
8145793	5	NR_003041	SNORD13	669.37884	561.62802	439.69725	671.0816	707.26422	712.35678	1158.92419	1259.63947	1169.7492	989.36981	1065.32039	916.28475	1037.13809	790.3229	1043.51811	-0.705898109	0.000549113	0.003051916
8016168	43	NM_133373	PLCD3	236.82162	222.97752	255.81918	258.9973	222.71109	292.14182	316.36511	408.09987	505.11183	453.92693	450.70261	344.99274	367.84898	332.16445	394.97412	-0.772723382	0.000546879	0.003047548
7960702	27	NM_031299	CDCA3	91.28612	96.89771	110.70146	110.38466	85.17538	101.83074	154.88082	71.99986	172.33601	133.17838	138.41838	190.78373	144.52631	169.15236	177.58463	-0.676642895	0.000521044	0.002968242
7941694	26	NM_006328	RBM14	413.59881	399.62271	417.52203	392.80481	372.82448	439.59595	536.34077	513.82629	725.35356	641.52836	697.57033	622.64084	517.88034	505.08045	560.17099	-0.631024552	0.000516898	0.002960233
8069208	52	NM_030582	COL18A1	558.09432	653.42295	601.73954	570.20268	594.90675	573.27352	803.08607	736.18279	1102.59663	1064.56675	1173.54115	762.37426	959.8553	842.63988	899.45428	-0.724521709	0.000489298	0.002885303
8102636	27	NM_152399	TMEM155	45.89861	49.87809	35.2618	40.50354	45.15995	48.19531	49.01312	79.48203	58.29382	75.91077	75.83018	57.99544	80.2135	80.63654	66.79215	-0.721828073	0.000465328	0.002805691
8061940	26	BC032818	C20orf144	328.59216	273.98738	292.32208	302.45446	277.81289	515.34088	323.26699	694.99723	423.73641	506.57238	531.53236	389.81448	602.96519	581.05177	427.30014	-0.778101578	0.000451115	0.002773077
7941260	19	ENST00000317568	FRMD8	64.10702	90.37471	94.45743	101.9266	90.19634	106.27753	121.2095	76.15885	164.38938	137.24172	158.4707	184.06293	130.86973	127.69719	160.98023	-0.770280987	0.000442297	0.002740424
8141791	10	NM_001097615	POLR2J3	419.12991	527.00303	524.90935	550.75878	638.02287	533.15452	727.44835	517.40502	1062.48635	946.92032	1021.08561	776.02621	854.2927	732.55249	918.35965	-0.756820161	0.000430742	0.002725566
8006896	25	NM_003673	TCAP	230.67395	269.89468	293.60738	297.46303	244.74403	327.86329	310.77063	313.27613	465.58706	420.82226	571.24388	377.14807	413.89998	420.92386	381.08339	-0.735269143	0.000432258	0.002725566
8165258	28	NM_006412	AGPAT2	445.6974	448.25244	398.3011	509.85535	517.57192	723.1227	608.49269	697.23754	762.33312	819.72147	614.61103	819.23829	777.52365	599.96303	911.78185	-0.658375674	0.000403223	0.002635008
8049567	27	NM_005855	RAMP1	123.25497	135.97534	72.75205	117.08951	96.97286	128.97108	105.91849	260.17425	194.75418	193.76318	252.07621	192.7907	190.12924	275.44278	203.65968	-0.987227437	0.000395253	0.002602362
7941936	28	NM_000852	GSTP1	2618.35996	2593.74005	2393.5219	2517.51301	2449.31619	3051.91418	3405.88764	2746.86384	4447.17644	3770.98855	3447.40836	4544.3209	3377.21684	3444.45001	3765.93785	-0.610311853	0.000387436	0.002572636
7915347	25	NM_133467	CITED4	141.37387	198.64034	110.5508	162.97277	168.7651	264.59841	234.63054	189.33988	294.51431	250.61134	214.34747	287.14509	269.80807	244.88027	297.40113	-0.73392024	0.000379843	0.002546806
8129562	31	NM_001901	CTGF	168.60505	196.84687	126.10127	153.85623	144.55542	230.35768	210.78835	188.03237	272.65828	219.27664	242.31818	283.4523	229.93772	228.786	147.65839	-0.639217344	0.000366903	0.002499125
8035880	9	NM_006003	UQCRFS1	93.05575	89.83991	57.52252	119.91461	104.28607	193.43039	119.07913	162.12677	150.73185	141.76547	146.48816	148.13156	165.22977	179.03325	179.44959	-0.740287872	0.000365484	0.002494885
7931556	22	NM_014468	VENTX	56.04825	84.15948	64.34089	67.73249	74.47619	128.9426	93.58469	128.85453	91.38414	128.8984	115.38326	125.33326	148.90637	123.49499	119.36301	-0.817640433	0.000349325	0.002427859
8148463	25	AF220264	C8orf17	113.39608	88.70199	105.41358	147.77105	122.22994	149.02983	95.27109	69.77758	173.88921	215.88811	213.90476	156.53332	203.70777	220.1522	193.86603	-0.772802081	0.000348811	0.002426429
7950032	28	NM_002007	FGF4	185.8057	201.56115	197.77061	205.19688	196.10723	304.28944	212.62225	327.03107	261.63158	340.55099	380.4496	296.0385	420.48141	351.87375	274.70919	-0.793005751	0.000346795	0.002420475
7998759	26	NM_001042371	LOC283871	324.46325	333.70584	310.71137	362.10927	277.71087	460.17835	427.41225	364.59353	594.24657	424.7569	500.30867	552.52404	432.05092	531.81566	622.83942	-0.653100283	0.000334293	0.002370951
8137959	31	AY129022	LOC441193	357.90209	416.84816	450.0901	409.21191	375.51449	554.54333	482.65009	581.36931	520.37467	588.81621	663.60574	541.91344	704.04806	692.79777	511.67752	-0.62210519	0.000325605	0.002337266
7949373	27	NM_014205	ZNHIT2	60.41536	83.76671	83.34182	64.75132	87.28303	92.80123	83.00797	100.30761	106.79885	124.64886	123.1038	100.65179	124.34282	135.49469	96.85044	-0.650669907	0.00031876	0.002307059
8015827	25	NM_025237	SOST	76.7486	125.39394	98.41237	89.25537	136.17248	142.79316	155.21785	229.63685	167.04199	155.36302	188.40671	177.91748	196.12806	212.29339	158.8341	-0.797639811	0.000299979	0.002220266
8077160	27	NM_000487	ARSA	191.81465	181.74809	173.86493	157.2968	139.40239	225.99228	231.95369	152.27646	354.25723	265.4921	287.25269	285.17231	249.02556	246.38839	296.11201	-0.73639683	0.000300113	0.002220266
8035648	40	NM_001001524	TM6SF2	712.2399	648.30288	731.15798	769.79964	734.75984	656.39455	909.44342	795.36996	1420.10721	1297.47857	1402.84174	1041.78692	1055.7102	1032.42219	1041.77535	-0.74851818	0.000293556	0.002208459
8001938	21	NM_003789	TRADD	497.67756	526.19819	552.38375	647.01337	539.61348	694.50556	635.55357	606.85165	776.16932	843.28427	851.53447	734.0969	844.64656	1028.61557	751.47708	-0.615148377	0.000268466	0.002093108
8118007	35	NM_001517	GTF2H4	138.13698	141.98842	140.38824	147.8982	170.48216	140.18281	236.12084	178.71007	284.79673	246.95437	257.16573	233.51504	196.28104	208.74661	230.07288	-0.686976109	0.000263135	0.002078142
8116070	20	NM_005451	PDLIM7	394.65978	380.40043	232.19988	331.70979	370.46052	602.00818	373.22119	377.25501	569.67344	537.98466	622.81482	566.93591	541.14042	459.43927	404.95894	-0.685036287	0.000263034	0.002078142
8059739	26	NM_024409	NPPC	378.27432	440.58296	434.18175	411.59179	470.83189	589.60847	482.633	720.51553	545.33589	683.81476	665.86895	561.68823	717.54881	734.98216	578.35039	-0.609304605	0.000257708	0.002062322
7949808	27	NM_004910	PITPNM1	248.78973	312.42276	296.51152	257.84013	278.96135	362.57331	343.06368	392.95484	496.66619	452.64719	523.49104	484.45151	394.6237	365.32555	434.12594	-0.699314799	0.000245322	0.002024939
8027932	21	NM_001863	COX6B1	586.56966	571.38176	625.23565	789.7812	616.56401	899.08723	973.1668	893.48353	1044.74897	932.86315	1016.44468	1138.87606	820.84248	1001.75366	1159.61737	-0.637850375	0.000227906	0.001942706
7998510	28	NM_001287	CLCN7	263.88998	338.62797	330.90617	330.0079	332.70665	326.84284	495.77898	443.06249	567.65313	469.325	537.2113	462.34188	447.46393	424.96425	527.36073	-0.602882805	0.000223315	0.001919757
7991904	26	NM_004204	PIGQ	130.07099	106.06973	120.52526	111.8067	89.41765	134.18756	194.21696	126.87954	254.95276	197.53723	192.96748	214.87043	171.23309	176.43013	237.57145	-0.851521993	0.000219204	0.001898927
8063650	27	NM_024663	NPEPL1	159.36333	219.69069	199.95182	215.59946	229.08072	249.52641	260.17841	194.59437	354.29809	366.90635	341.28444	262.39735	305.05119	328.35801	307.91807	-0.672790736	0.000211735	0.001858508
8149673	36	NM_025232	REEP4	243.87946	255.08806	265.297	285.80678	234.9041	331.79417	406.74369	182.14903	424.61494	356.11604	363.16287	494.29459	374.62918	425.49217	499.87137	-0.661106288	0.000211212	0.001856241
7913450	117	NM_005529	HSPG2	560.1794	629.1969	489.47841	520.84878	635.75782	881.91355	860.25863	596.47027	1026.11208	838.99402	973.76977	793.00491	967.5641	772.33035	860.77865	-0.658781062	0.000208502	0.001848796
7896822	49	NM_198576	AGRN	762.81389	840.81038	790.38087	889.80144	919.5739	910.89386	1284.76084	822.15579	1465.12946	1433.18343	1636.43111	1165.28287	1303.96719	1174.98519	1389.29024	-0.697336346	0.0001991	0.0017952
8022831	26	BC091517	C18orf34	40.46049	27.23759	30.93468	32.15982	42.38436	43.99991	32.40228	48.87741	61.86591	59.01842	69.24524	58.25048	86.24936	67.7828	56.32318	-0.953392839	0.000196427	0.00178199
8018449	40	NM_199242	UNC13D	162.73122	185.01504	183.94903	149.40013	222.67033	281.60007	256.34311	223.78646	309.66676	284.45767	296.85461	324.48712	282.73306	234.66867	325.29812	-0.676106475	0.000192533	0.001767021
7897745	27	NM_001040194	AGTRAP	358.26378	320.01697	255.31538	371.35408	409.14557	476.34636	487.30318	448.65841	566.5923	553.05847	534.05352	508.94157	509.82794	456.79229	605.15651	-0.605342208	0.00018645	0.001741641
8065868	26	NM_002212	EIF6	741.223	847.43079	805.40894	903.15102	922.86932	1139.73136	1277.46905	1227.95099	1488.53383	1306.2108	1160.45148	1405.2555	1194.17071	1128.45611	1495.80311	-0.601378678	0.000182357	0.001720012
8000706	32	NM_006319	CDIPT	511.14308	523.02093	476.14492	463.33908	483.29098	571.48268	685.06415	633.2311	1014.25002	830.93039	773.08063	882.06909	704.24383	713.87371	778.09923	-0.738306613	0.000178532	0.001698888
7937508	30	NM_004357	CD151	677.3742	721.42054	582.46761	794.6658	896.3849	910.54301	1200.60323	988.24907	1723.37602	1455.27056	1477.97594	1387.39035	1163.28475	1156.85361	1452.17484	-0.924495693	0.000175162	0.001689878
8009951	46	NM_000213	ITGB4	931.74283	1002.52212	745.52831	1194.53795	1085.73376	1425.59385	1756.50925	969.59217	1708.76539	1548.75335	1829.61474	1508.11723	1449.6963	1477.39169	1931.40511	-0.677922521	0.000160035	0.001619792
8074842	45	XR_017586	LOC644988	124.21487	131.62317	145.53957	121.27475	144.34393	197.88401	182.7847	154.0888	240.79899	197.7522	181.38768	220.91658	213.3192	180.04819	193.10305	-0.62481785	0.000158378	0.001608245
7992271	25	NM_016111	TELO2	151.26236	121.2751	135.86763	100.7057	134.80009	129.06069	164.74942	170.72266	179.87403	187.3361	197.63358	186.1994	222.03958	220.58812	205.86507	-0.627437687	0.000150994	0.001565424
7945420	32	NM_203387	RNH1	211.77694	264.8509	272.66769	290.37637	324.03266	468.8681	411.02792	405.02807	555.075	467.92654	482.42473	443.78353	409.28538	404.90857	423.3447	-0.755880832	0.000150287	0.001565393
8072088	25	NM_021115	SEZ6L	62.06329	47.95804	50.22085	65.73713	69.36409	62.46425	52.20137	70.76654	84.03101	101.43388	101.66736	94.40418	114.72575	118.72783	102.08874	-0.795135197	0.000148352	0.001562755
7937802	30	NM_004356	CD81	1244.14996	1423.20603	1374.54865	1460.90514	1517.0832	1748.08411	1974.25002	2129.5377	2833.61106	2879.08623	2514.84359	2448.27832	2095.11765	2006.56602	2675.24429	-0.810847153	0.000145904	0.001559847
7930857	32	NM_004098	EMX2	122.59053	158.76857	159.07592	243.60596	174.60227	290.87065	291.9295	265.94814	307.31934	334.16458	336.99371	281.8708	303.87697	274.88673	308.70509	-0.835844288	0.000140521	0.001541135
7944530	26	NM_178507	OAF	268.53187	329.67567	347.56311	241.58573	302.7207	398.2856	324.53525	393.21543	500.23991	461.82472	496.53922	401.2025	510.25612	425.82344	395.11709	-0.644884122	0.000140368	0.001541135
8009844	33	NM_001031803	LLGL2	202.93637	205.22106	169.17278	204.29925	210.20689	157.96803	343.21647	183.73063	386.43663	299.76158	335.26583	309.67062	278.87461	292.9445	407.82329	-0.677032104	0.000135417	0.001519938
8110399	26	NM_007255	B4GALT7	213.24998	307.2315	311.12721	233.33559	334.85374	411.43035	435.84166	322.70704	449.86929	436.75773	483.64372	408.04926	464.74426	407.84719	420.72969	-0.658235401	0.000134906	0.001517599
8021183	25	NR_003003	SCARNA17	1647.50741	1493.01986	1032.55006	1726.86877	1473.8856	1819.21058	2375.8133	1753.26018	3566.87373	2869.02533	3195.63673	3025.63462	3299.28623	2163.25271	2635.28076	-1.034039015	0.000133098	0.001513111
7898209	19	XM_946272	LOC645317	170.56901	174.72813	158.89744	218.06786	202.95114	214.92642	327.1134	174.02316	333.89975	296.35267	249.93033	324.28037	270.12914	307.21264	344.23234	-0.682446624	0.000128565	0.001503542
8061564	32	NM_181353	ID1	314.67758	338.18001	246.7738	556.48874	583.67286	591.71839	1045.20019	469.20878	839.4552	923.45814	834.55035	984.53737	874.31196	744.6242	1236.19079	-1.087314472	0.000125849	0.001498822
8060604	26	NM_000915	OXT	95.81668	116.16552	113.73256	115.63564	115.26569	152.88233	114.88544	207.82322	155.86507	186.45712	202.1438	153.21236	198.45924	208.2532	164.17067	-0.725461838	0.000126004	0.001498822
8159642	17	NM_006088	TUBB2C	1773.46539	1917.04946	1891.76631	1926.91577	1568.75241	2427.25099	2638.59414	1899.95503	3097.39133	2526.89177	2617.70712	3170.52669	2453.35069	2770.95275	3010.27103	-0.610906981	0.000118739	0.00143627
7900922	40	NM_004047	ATP6V0B	383.41805	390.50038	434.17928	452.10306	381.19872	605.88933	591.77061	574.73612	943.72299	800.07664	698.30612	943.54901	640.93633	726.1608	864.9092	-0.956170148	0.000114671	0.001410904
8139758	16	NM_016139	CHCHD2	308.25862	290.12027	284.09075	433.01793	336.20594	366.09567	513.17326	329.3387	607.75048	576.82136	495.01226	582.75891	492.84678	631.35057	682.89119	-0.772831779	0.0001085	0.001385914
8023968	27	NM_004359	CDC34	165.14028	166.04728	163.10961	174.53311	183.61549	249.75724	247.25653	211.50532	334.79518	286.628	283.28129	287.42383	242.7354	235.94586	286.89199	-0.707832934	0.000108094	0.001385914
8153474	26	NM_003313	TSTA3	504.97342	567.93155	546.60102	503.79529	446.7141	736.02284	834.08313	422.15625	878.15188	701.55416	748.89513	886.49795	709.36488	773.60418	861.55783	-0.607256251	0.000108629	0.001385914
8000757	36	NM_003586	DOC2A	101.89846	97.03426	110.73073	120.84956	101.10258	184.9012	126.27342	188.9106	140.66663	146.349	168.91055	154.86826	182.23387	174.02561	148.9224	-0.600178514	0.000103054	0.001366546
8006958	24	NM_199321	ZPBP2	15.42826	18.32277	15.05049	14.01781	21.7707	18.76007	11.05059	38.17414	29.46059	35.92329	36.16585	31.93499	42.81957	29.78199	39.55898	-1.021654517	9.19143E-05	0.001281027
8048995	27	NM_030926	ITM2C	708.25658	732.81147	792.39559	852.8695	779.68132	737.51651	996.0757	867.49246	1415.27069	1368.30075	1330.18903	1150.80878	1105.40345	1077.79956	1326.1225	-0.682927518	8.99089E-05	0.001272597
8023549	26	NM_013435	RAX	173.84862	222.99142	218.88285	183.43057	248.83565	304.94811	263.65485	359.8594	311.73459	378.53233	405.79198	317.39901	414.24096	404.48143	288.42378	-0.827795432	8.80315E-05	0.001261569
8016018	28	NM_016016	SLC25A39	804.46372	853.57279	839.15428	817.67254	744.56065	837.94548	1069.77629	927.22433	1495.19682	1416.40294	1481.05923	1256.68303	1094.42969	1201.05525	1386.84715	-0.705706364	8.50239E-05	0.001241038
7960117	27	NM_018663	PXMP2	330.4925	358.46158	381.45175	273.97994	293.49465	335.10278	411.95473	298.76559	541.00211	474.92125	499.52249	543.03259	439.54568	497.03992	502.06677	-0.607722415	0.0000808	0.00122123
7993622	22	NM_001034841	LOC162073	130.96195	138.50315	139.19823	136.8231	119.06942	175.01251	192.6561	204.0246	341.1556	279.90332	309.81606	296.29214	229.65398	219.19323	237.74496	-1.071537723	0.000079707	0.001214148
7952179	29	NM_002105	H2AFX	339.13487	380.17444	366.11693	380.02593	324.86019	452.1982	562.58357	279.67376	563.9454	471.8049	523.39235	643.28436	524.43281	582.32414	619.12532	-0.623229768	7.95335E-05	0.001214148
8077116	23	NM_001014440	LOC440836	44.75678	50.68557	45.16904	51.85484	53.72301	55.5885	94.9349	69.00927	90.10407	83.87389	93.82706	73.307	93.6005	69.0763	100.49697	-0.770016992	7.37898E-05	0.001181984
8164554	34	NM_203434	IER5L	539.42895	557.17657	541.53474	539.36476	629.08611	648.91859	760.09566	852.26565	833.48938	1020.62937	990.16373	753.24754	962.09979	857.54042	934.78666	-0.685686118	7.09996E-05	0.001160772
7940451	41	NM_015533	DAK	188.28129	226.72283	211.74589	222.88317	202.31561	158.61938	292.53021	224.76746	377.1244	363.666	333.81471	327.25073	286.28924	296.21356	317.58364	-0.652573913	6.84438E-05	0.001132272
8075934	48	NM_014550	CARD10	238.92952	325.03765	260.99281	300.64243	307.6485	315.93952	383.12431	299.94681	455.0511	461.93507	500.05316	392.99244	428.89935	415.67624	454.96301	-0.626172889	0.000065117	0.001099445
7898677	23	NM_004807	HS6ST1	239.28854	226.77819	291.00469	302.85939	238.10323	323.13679	429.11268	312.16473	528.53909	473.25829	491.92022	494.50231	356.48821	503.64823	556.34914	-0.870767025	6.35632E-05	0.001088107
8013319	8	NM_006613	GRAP	24.7806	20.08652	0.32164	43.91282	38.09803	71.83518	30.0449	59.80228	72.11664	83.79772	87.75642	87.447	68.92835	79.46455	68.25716	-1.651434297	6.15877E-05	0.001065875
7941732	32	NM_001032279	RCE1	383.70767	385.37618	371.42121	357.55376	399.5915	443.70362	523.73875	524.39071	628.91512	611.83902	645.24449	513.11285	565.77937	501.80931	538.75014	-0.606314483	6.00521E-05	0.001052886
7992789	28	NM_016639	TNFRSF12A	950.95495	935.64555	837.95002	973.1399	934.98058	1573.8935	1206.08422	1193.12048	1740.01402	1434.43311	1488.17533	1828.97828	1351.4316	1452.60284	1388.59097	-0.741674813	5.89917E-05	0.001039219
8065403	29	NM_000099	CST3	732.74827	892.30174	807.92513	943.34131	832.16317	977.8317	1290.32463	1428.6939	1569.15069	1536.79387	1443.6	1326.15397	1273.43459	1176.21595	1422.47718	-0.721177227	5.78248E-05	0.001034526
8138799	34	NM_014817	KIAA0644	135.90252	153.25032	170.14966	148.88352	134.88902	182.59343	173.95778	267.3366	225.91451	269.48625	282.97139	210.00802	280.15458	277.24275	229.11323	-0.79371845	5.65631E-05	0.001030317
8035249	28	NM_005234	NR2F6	381.70164	427.06219	368.19122	315.22662	319.43428	418.99755	524.64717	422.28674	654.41988	625.83418	683.68362	619.07492	555.53933	510.51083	629.30415	-0.747214411	5.52405E-05	0.001022523
8165319	26	NM_018998	FBXW5	371.19639	399.36372	442.06685	514.92843	497.73507	687.55094	753.15168	720.99803	853.14095	740.85241	727.76008	784.42703	672.75968	654.76067	824.80367	-0.731483359	5.59333E-05	0.001022523
8032149	26	NM_002695	POLR2E	651.58483	641.58417	675.50612	765.85	645.48504	893.23631	1035.69666	854.91048	1251.28925	1035.50522	1042.43387	1136.2885	925.63036	1012.95149	1200.64704	-0.658933552	5.51422E-05	0.001022523
8000884	30	ENST00000319285	XTP3TPA	559.04008	534.39989	504.25832	551.79073	520.38279	587.33297	708.15786	534.2678	939.50396	875.65028	687.9664	896.85842	778.53134	820.20156	924.86409	-0.641751517	5.58968E-05	0.001022523
8131326	14	NM_153247	SLC29A4	116.99801	173.34481	208.22227	233.83983	261.93164	385.03796	282.82162	342.57547	422.92497	347.34553	428.18723	368.70949	421.7855	379.25597	356.8666	-0.988955655	5.40765E-05	0.001013872
7959946	30	NM_016155	MMP17	205.72723	245.46694	279.6088	314.26381	274.95014	360.81209	281.10367	386.5332	374.13474	444.51088	486.1039	417.29197	473.94373	444.7602	381.33769	-0.737354398	5.24247E-05	0.001001047
8067288	16	NM_001001977	ATP5E	335.97846	343.26544	383.85641	441.58467	325.13422	418.58835	508.56159	392.0313	671.47646	592.7478	600.37888	638.32046	497.85225	629.48267	585.17429	-0.725336777	4.96502E-05	0.000977428
8131087	28	NM_001080461	UNCX	149.301	147.85855	157.93291	157.1769	139.97678	210.87706	170.17256	227.60798	224.83323	277.77848	281.14713	205.98025	254.48626	266.89741	216.02188	-0.743309756	4.87531E-05	0.00096702
8035600	33	ENST00000162044	TMEM161A	177.22125	202.88762	193.21728	196.37391	202.49015	238.23431	289.48632	226.92703	430.54322	366.8887	373.82486	358.7224	290.45475	317.26074	383.08318	-0.87371089	4.82075E-05	0.000959066
8067409	98	NM_005560	LAMA5	495.74779	627.28831	466.22066	539.71855	654.45744	686.34971	918.70896	619.98039	1044.0313	1047.12153	1176.60414	856.96333	1022.6961	892.60887	1048.39293	-0.854654954	4.76911E-05	0.0009559
8035465	29	NM_016368	ISYNA1	338.44553	348.98654	195.19739	330.01102	327.03695	187.77197	502.49798	412.26691	558.4565	523.53871	510.61303	495.81581	489.9579	497.48217	537.88345	-0.735329234	4.68182E-05	0.000952953
8018494	28	NM_033452	TRIM47	229.08979	210.459	195.81118	220.19014	243.04283	237.19666	291.37752	250.10156	374.26695	331.5506	335.20284	371.18925	324.58131	288.71508	344.25827	-0.619591049	4.46725E-05	0.00093062
7995206	38	NM_001042454	TGFB1I1	232.01347	244.53044	173.11954	189.08012	222.984	291.6267	276.39598	267.49497	332.99028	347.7455	354.07578	315.98716	365.7257	296.82842	312.32007	-0.66015199	4.34978E-05	0.000918295
8087806	45	NM_020418	PCBP4	77.77536	93.5154	97.76891	99.6035	81.35029	177.71152	119.52838	88.11611	174.61343	143.42505	167.95307	181.35021	132.853	157.7147	137.92938	-0.826886741	3.84054E-05	0.000844759
7999596	38	XM_001128282	LOC728138	288.21857	319.40579	263.40863	244.89159	283.53424	382.26323	375.71128	385.19294	481.94531	496.86109	445.36632	423.69131	420.53945	387.8535	459.01899	-0.661491286	0.00003586	0.000809112
8006504	31	NM_017559	FNDC8	61.72193	49.5628	63.93724	55.92467	53.22398	99.77916	58.5059	115.25611	82.44562	102.08864	98.27161	89.6135	108.28002	111.46091	78.9695	-0.795180945	3.52399E-05	0.000797405
8066262	25	NR_003018	SNORA71D	167.90233	160.22791	157.33262	228.21476	221.39479	247.88893	352.0087	248.71215	301.30349	331.98203	349.39394	303.73418	317.58233	292.3659	358.73457	-0.757049892	3.44815E-05	0.000792989
8018975	26	NM_005567	LGALS3BP	887.26045	1082.64983	855.64489	1004.95371	1052.24709	1014.84116	1722.59529	1249.80006	1855.93657	1728.10068	1584.16973	1546.2661	1596.56381	1374.83922	2335.993	-0.725152466	3.48657E-05	0.000792989
8087685	27	NM_007024	TMEM115	203.32465	202.54847	172.42799	164.87689	185.42167	245.22593	255.38409	279.8075	322.84224	289.191	261.86679	296.64414	259.54717	272.40879	284.58169	-0.61149183	3.45008E-05	0.000792989
8049083	20	AF452640	PTMA	245.04918	214.34833	234.92857	242.14377	204.11893	254.1682	315.58734	296.35686	448.88674	417.26636	413.38297	370.38539	334.186	351.06181	394.03498	-0.770713978	3.37405E-05	0.000792516
7960068	34	NM_024078	NOC4L	80.89684	103.29299	97.1532	102.59503	96.10084	123.46657	146.06839	112.62964	167.45792	151.74211	141.73136	171.30143	155.25348	133.05651	156.86986	-0.676299092	3.32198E-05	0.000789745
7998886	28	NM_182687	PKMYT1	144.31104	134.79718	139.08825	141.05958	131.78567	215.58276	184.10995	170.69903	220.44232	201.03372	239.07105	249.88479	202.96834	265.87194	237.48147	-0.734028035	3.15858E-05	0.000777479
7945521	28	NM_182612	PDDC1	222.13852	250.11362	216.69191	239.2148	280.20376	275.87005	348.99221	289.40527	462.97427	395.8088	431.46226	364.30782	368.16717	374.75078	411.09513	-0.725425571	3.16653E-05	0.000777479
7941583	11	NM_030981	RAB1B	847.92533	870.9781	917.80963	902.24439	687.56563	1213.31962	1098.9767	1108.01588	1437.1756	1340.5249	1425.73395	1405.43679	1252.89995	1148.3149	1469.06312	-0.659312014	3.00257E-05	0.000762703
8148799	35	BC015471	C8orf30A	367.02496	448.54859	480.15592	463.8009	390.92185	565.26122	444.20337	517.12694	594.64132	632.1559	690.4517	694.56773	744.20378	729.16332	599.9151	-0.66272649	2.95084E-05	0.000756887
8071737	29	NM_002415	MIF	863.17317	861.02374	730.4716	1001.73231	1163.30102	1090.1458	1841.31186	1444.68008	2129.0175	2155.92566	1857.27287	1666.9467	1798.64955	1617.6297	1982.83609	-1.017866195	2.88002E-05	0.000746836
8066697	44	NM_173179	SLC35C2	261.04376	278.94705	294.55767	299.96687	323.81944	368.02554	421.89297	338.11341	506.96034	456.28609	462.87702	468.81198	423.43418	389.3769	483.80941	-0.629736323	2.82021E-05	0.000745228
8007561	30	NM_138387	G6PC3	332.6241	335.92503	373.01018	377.8623	332.12836	365.82982	432.39633	395.49347	595.0123	555.16566	532.23476	521.32006	450.8211	553.32857	571.7044	-0.609954722	2.73955E-05	0.000732599
8167322	30	NM_017883	WDR13	255.42073	300.48978	322.76302	320.99919	338.01277	422.28472	534.1651	461.34011	529.35105	483.35959	472.56954	468.40433	484.38877	413.20781	552.06013	-0.627815415	2.47324E-05	0.000698049
8153426	6	BC029031	C8orf73	44.05115	68.50064	64.57441	74.31181	61.94259	126.60425	116.27208	182.68796	123.37925	163.83162	172.24171	172.50266	210.24249	169.97956	194.6189	-1.42843983	2.29988E-05	0.000676409
7959153	34	NM_004373	COX6A1	765.07714	727.77995	864.68882	1072.58925	922.0848	1184.65442	1550.47089	1268.27407	1955.02222	1676.02193	1612.47172	1869.80791	1410.0002	1649.60698	1964.9843	-0.961877615	2.30208E-05	0.000676409
8097236	30	NM_139243	ADAD1	58.48404	48.42801	70.66705	58.38038	60.04977	81.46111	64.27974	126.9189	105.37015	93.38083	113.26385	91.14166	116.74907	105.82241	76.55364	-0.816858928	2.22471E-05	0.00066358
8143879	25	NM_031434	TMUB1	115.67277	115.6656	112.06165	93.34177	115.49188	148.82796	155.74261	176.82405	186.71852	169.96101	182.23767	167.70762	145.75778	177.00814	192.02145	-0.635405547	2.20845E-05	0.00066358
8110265	48	NM_213647	FGFR4	178.06903	170.63582	162.46155	166.12258	138.68841	186.25292	219.53295	156.18022	259.51206	235.67523	257.50929	255.98589	224.98369	285.40843	306.47902	-0.633557224	2.17869E-05	0.00066358
8171111	35	NM_001636	SLC25A6	1132.11181	1200.20252	1213.74114	1305.30295	1157.6921	1270.48569	1623.16749	1768.83109	2518.71677	2350.0686	2260.39987	2052.1616	1832.8198	1962.12034	2050.3315	-0.84763427	2.12033E-05	0.000652592
8032996	25	NM_205767	P117	243.60342	260.08411	247.29638	250.12844	275.20218	302.52687	357.61984	366.68952	435.48731	396.61837	393.944	428.93834	334.69727	377.93343	387.01591	-0.628418458	2.12195E-05	0.000652592
8154727	18	AF091236	LOC138412	513.05229	628.41258	684.98793	672.22211	623.41142	675.13969	787.05415	885.79926	1330.52239	1263.38525	1068.469	1141.01119	1029.50126	1026.89831	1066.55001	-0.87261903	1.94305E-05	0.000624513
8003322	18	NM_000101	CYBA	552.98596	576.99679	564.16988	686.44671	814.61891	835.58455	1080.89197	691.00529	1293.92197	1238.1616	1056.6664	1080.85765	1130.01249	1095.43977	1321.80502	-0.846614197	1.83847E-05	0.000600708
8134890	34	NM_005273	GNB2	247.5368	281.38832	321.49877	247.80057	339.09133	466.87895	391.85855	384.34499	524.23628	447.78497	445.64704	477.1347	450.47799	453.95042	453.05339	-0.698619278	1.79617E-05	0.000591798
8124437	21	NM_021018	HIST1H3F	235.91757	199.32851	230.59795	387.986	268.53523	345.2522	516.65762	228.31192	618.44857	501.4751	613.41442	630.6803	543.29592	661.97455	687.99477	-1.169481529	1.76098E-05	0.000586611
7945573	22	NM_021128	POLR2L	563.95287	653.39103	658.30479	630.7338	580.37108	891.27174	900.40093	923.60261	1122.93339	993.78616	1042.95164	1031.70926	879.91817	892.95692	1035.85449	-0.687217355	1.71175E-05	0.000586611
8073612	28	NM_000714	TSPO	204.92446	220.10637	189.89268	250.83366	231.53094	261.60604	314.59902	344.14612	373.28226	367.48498	353.85627	315.02956	335.62063	313.91325	344.29141	-0.645098032	0.000017436	0.000586611
8024228	30	NM_177401	MIDN	347.76406	310.2169	312.01367	324.04324	377.4866	468.27784	500.83276	426.49371	568.68655	595.14438	623.26908	526.23607	515.02107	485.34101	651.56831	-0.724243315	1.64445E-05	0.000572975
7912102	35	NM_014851	KLHL21	70.09383	94.97223	67.21068	87.5389	83.80991	150.96542	102.16326	112.63901	128.1324	121.72603	120.24101	132.40002	119.24281	128.10695	142.40373	-0.630548619	1.62549E-05	0.000570577
8117330	24	NM_003529	HIST1H3A	113.50157	110.16379	123.99225	174.02381	92.58579	171.76402	211.606	73.62084	387.89789	289.22328	292.86799	328.36465	267.51968	345.75526	338.51017	-1.374829684	1.59978E-05	0.000567455
8153727	36	NM_013291	CPSF1	235.38461	262.22256	247.77734	249.39814	264.04427	300.51868	413.03201	260.2544	453.33132	373.46375	416.00396	402.40251	353.81272	372.45837	434.23863	-0.650668876	1.45833E-05	0.000550611
8024089	24	NM_024100	WDR18	302.50221	320.87982	297.10547	365.86213	311.74907	371.12852	488.9473	418.99614	645.29911	543.04209	503.14561	531.31853	536.45232	499.1895	507.30706	-0.764793681	1.42222E-05	0.000546307
7948772	26	NM_030628	INTS5	196.3427	203.00776	187.92352	168.79108	210.46643	282.37145	214.16748	299.19388	294.81235	332.39264	328.50778	290.01466	266.40743	306.72171	252.67644	-0.649108733	1.40318E-05	0.000545556
7998136	40	NM_022450	RHBDF1	217.53271	274.80426	227.38026	233.03972	283.90233	402.65469	320.45079	358.02747	389.93247	394.76621	387.59168	358.08699	414.43757	353.54863	397.31317	-0.631124543	1.36626E-05	0.000544596
8039166	28	NM_024298	LENG4	1213.55099	1277.09833	1237.59281	1285.93961	1204.57282	1486.61833	1701.50424	1378.09611	2166.83781	2024.41795	1933.31506	1835.69517	1761.14485	1717.43042	2127.6455	-0.616208926	1.37627E-05	0.000544596
8032670	29	NM_004886	APBA3	57.92945	63.67263	71.57563	60.86848	67.02837	71.9773	75.49025	79.41178	104.24798	107.15905	100.84672	94.38468	100.68645	85.93224	102.2637	-0.622714745	1.32317E-05	0.000538219
8153652	35	NM_030974	SHARPIN	376.06765	346.05444	317.54801	305.14689	295.76259	401.14495	439.42057	494.76107	577.48531	531.08143	556.11629	490.46625	530.5	465.18423	627.91717	-0.678493541	1.23067E-05	0.000518286
8158214	36	NM_016035	COQ4	201.69214	206.04049	207.22597	210.04204	221.1034	183.65379	246.76439	213.6805	362.29283	304.16894	343.52499	320.89595	285.88098	309.24769	346.54824	-0.61755548	1.15752E-05	0.000500819
7911383	30	BC008788	C1orf159	89.62887	91.27146	98.18184	94.30965	110.67786	136.1714	116.10707	89.34088	154.18583	143.25875	169.058	140.24284	140.95146	149.624	151.60211	-0.627374844	1.04136E-05	0.000479544
8159654	34	NM_015456	RP13-122B23.3	222.30153	243.94832	228.62159	216.53394	250.97869	287.40204	351.88415	305.03504	405.17786	351.78991	363.96549	349.85256	329.27204	329.90906	393.16832	-0.610709783	1.03915E-05	0.000479544
8032608	33	NM_174983	C19orf28	185.54624	202.73255	169.97091	199.00084	179.30609	239.83464	322.80786	270.3592	402.93582	374.82153	374.43332	370.2813	336.79354	285.96797	372.59019	-0.932662133	9.88822E-06	0.000471909
8030362	25	NR_000020	SNORD33	2036.73547	1758.78161	1360.4408	1941.29536	2158.90392	2343.34234	3463.77831	3636.75259	4574.64672	4535.35305	4670.10331	4077.00837	3820.63833	3429.4679	4795.65046	-1.176582491	7.76032E-06	0.000417412
7977507	25	NR_002312	RPPH1	1325.97472	1431.12131	1311.12387	1644.02102	1846.35033	1634.65864	2641.61792	2063.58145	2680.40848	2814.42727	3257.62927	2564.95853	3173.77242	2998.93813	3322.03722	-0.947317665	8.13847E-06	0.000417412
8158123	41	NM_004957	FPGS	245.25833	210.13534	195.67153	234.64826	238.25115	258.31564	296.47226	254.65658	421.21762	338.63641	348.94765	377.4192	383.92912	352.85365	389.58979	-0.720879301	8.10195E-06	0.000417412
8172447	30	NM_013271	PCSK1N	413.81323	419.13871	453.09276	442.07459	380.91161	540.97861	505.0768	632.28883	677.60569	726.75748	727.63306	587.27504	654.16738	633.40523	568.10027	-0.662851661	8.16323E-06	0.000417412
7941743	25	NM_024036	LRFN4	184.07068	194.92206	203.3297	219.89129	191.97321	306.74865	229.43315	322.93621	281.66815	310.03664	284.07314	309.6466	330.71584	341.55894	316.68957	-0.638893541	7.84954E-06	0.000417412
8148917	27	NM_138431	MFSD3	160.6647	170.44421	162.35493	164.76948	159.81043	224.69119	229.20982	174.80783	268.48197	258.38101	267.09971	268.51281	215.73351	238.87819	250.75437	-0.628019699	7.91432E-06	0.000417412
8004506	25	NR_002918	SNORA48	468.01584	478.57811	365.91596	536.22869	713.51349	619.54341	1006.18621	822.23936	1186.82238	1188.96289	1341.86091	1083.00535	1281.27002	1031.70477	1358.89804	-1.210138361	7.57936E-06	0.000411612
7992092	31	NM_022092	CHTF18	185.31616	210.25788	198.44447	177.30895	190.58019	243.22507	238.37149	213.85397	274.76552	258.49751	305.54073	316.09544	299.59212	298.84066	261.28854	-0.603094482	7.47534E-06	0.000410912
8026763	34	NM_198580	SLC27A1	65.31931	92.28417	69.05699	75.4752	80.24074	78.14801	106.21145	87.11737	119.4466	124.37747	120.38103	123.29117	120.62244	111.45947	126.70564	-0.649123513	7.16964E-06	0.000400407
8001147	28	NM_198490	RAB43	285.08243	283.95341	291.24819	296.60825	324.19367	394.61683	438.06717	350.4478	511.46954	449.82465	452.35263	495.5848	416.20589	433.74555	510.43426	-0.634551406	7.13128E-06	0.000400407
8010243	17	NM_004710	SYNGR2	442.16543	398.17896	547.56733	499.82619	553.67537	544.37928	729.43315	568.40231	914.6299	950.21208	898.87875	803.4809	829.14236	784.79219	961.66181	-0.822517565	0.000006917	0.000397577
8002057	32	NM_022914	ACD	219.97983	216.24067	190.9373	208.19325	218.93106	272.36821	300.44088	230.4985	427.41933	382.50316	347.98178	354.91678	341.89328	332.35256	391.17964	-0.789701977	6.82191E-06	0.000397577
8160857	28	NM_005866	OPRS1	215.98448	260.11943	246.2906	216.43569	228.28249	378.9734	289.49929	394.64306	397.29984	338.76461	375.75842	382.67641	332.71593	352.95433	323.25863	-0.638462057	6.73243E-06	0.000397577
7949645	28	NM_207340	ZDHHC24	162.45616	180.17536	191.30647	192.4604	183.86141	237.83776	200.41212	281.37957	287.48563	325.45479	335.31786	271.66619	315.71097	278.78487	282.33418	-0.732124016	6.46637E-06	0.000388699
8039937	17	BC072454	MGC10334	62.6737	65.71537	65.68942	62.60018	47.99364	139.28594	120.90909	83.45411	156.82582	121.35951	137.83918	142.05844	112.00455	130.12234	153.80377	-1.130085576	6.28717E-06	0.000380834
7963713	26	NM_005176	ATP5G2	706.26571	747.64486	696.71269	686.26815	728.73721	667.77638	959.99191	1136.80808	1197.72233	1092.43153	1127.29346	1061.90456	944.73688	1072.79558	1091.05912	-0.602557171	5.58527E-06	0.000363482
8148642	30	NM_024736	GSDMDC1	165.33141	180.96684	161.62603	187.52363	186.18664	240.11452	285.17109	198.3113	344.04558	264.90567	302.44456	286.87738	289.75039	304.00113	295.21756	-0.760303458	5.31276E-06	0.000354537
7945781	28	NM_003311	PHLDA2	288.91983	295.1133	289.60324	270.99639	263.26643	351.6735	350.04196	388.68597	430.13726	459.88986	449.05571	401.29819	457.55153	514.75262	523.64505	-0.683143179	5.27044E-06	0.000354537
8059244	22	NM_024536	CHPF	253.40805	272.02926	217.4978	238.1602	252.95071	364.70547	302.77595	304.54604	443.24362	453.20864	483.13025	368.0415	447.78156	414.44187	459.17027	-0.817534873	5.0359E-06	0.000341856
8031992	47	ENST00000382718	FLJ45445	850.32579	895.94501	835.25609	980.98398	1039.67023	972.86132	1502.63287	1052.23134	1638.49383	1763.24521	1818.85531	1490.88557	1675.73977	1457.11125	1961.92635	-0.833940995	4.53084E-06	0.000327323
8153664	32	uc003zbm.1	BOP1	162.0376	183.52266	198.47746	151.27969	197.25722	293.3518	250.42255	198.99013	273.60199	291.66339	299.81648	279.82165	261.5051	279.46479	262.30156	-0.654417089	4.30589E-06	0.000322041
8161024	25	NR_003051	RMRP	1256.79305	1357.00386	1332.73076	1768.28742	1912.1189	1990.02643	3185.86642	2579.78995	5016.67908	4740.45381	5095.7082	3840.12017	3980.95263	3855.66851	4414.91056	-1.53539244	3.9542E-06	0.000303263
8030525	31	NM_017432	PTOV1	270.63994	295.71716	312.91808	284.0949	348.18741	389.79313	395.76027	343.34572	539.12084	507.00442	557.4438	462.01576	472.2579	498.49694	535.76602	-0.743262931	4.00525E-06	0.000303263
8099037	37	NM_001120	TETRAN	393.47891	396.67485	324.59914	362.42097	441.625	437.15956	646.17176	573.88433	810.42765	855.82659	787.92568	722.43332	744.80313	645.45333	903.3859	-0.987967727	3.52243E-06	0.000288336
8024446	27	NM_001077238	SPPL2B	211.01487	248.78718	268.72946	243.34896	249.60553	284.59363	375.25733	271.46493	514.72298	477.77656	505.68053	456.0719	399.15022	437.5705	492.53134	-0.929096274	2.72073E-06	0.000288336
8133027	84	AK125790	LOC401357	365.21106	362.63047	361.00399	424.22222	418.4814	431.96638	645.15742	481.46849	707.25489	741.54766	819.54072	649.5487	762.18936	645.86339	849.55254	-0.900222442	3.26085E-06	0.000288336
7982185	24	NM_014015	DEXI	250.31703	254.14244	261.09461	259.3337	245.76088	372.08773	366.36899	456.34903	534.96985	480.12647	442.63099	482.34216	413.01504	421.16405	421.91783	-0.863497471	3.61218E-06	0.000288336
7975562	37	NM_173462	PAPLN	814.58857	991.88666	773.23326	796.98619	877.23973	644.98014	1453.95342	777.54066	1653.09925	1516.06422	1727.80886	1383.61445	1551.86203	1434.2732	1847.28502	-0.860226899	3.21629E-06	0.000288336
8032137	44	NM_001033026	C19orf6	619.16441	665.2637	602.03092	706.56779	755.71285	840.71462	976.63361	939.3554	1266.20535	1197.19036	1246.31628	1096.64358	1117.82039	1033.28878	1381.32725	-0.791909059	3.32676E-06	0.000288336
8049689	39	NM_018226	RNPEPL1	177.99157	174.61965	182.08353	184.04332	179.25999	240.06175	279.05989	256.20529	328.76781	299.03216	355.0503	297.89209	302.32171	275.47598	324.41204	-0.786351139	2.89622E-06	0.000288336
7973352	37	NM_014045	LRP10	250.85941	221.93765	228.35877	246.0578	197.52459	431.31213	386.15949	286.09381	394.11076	353.73973	369.48782	401.33141	344.58143	347.18734	443.73526	-0.686280465	3.62502E-06	0.000288336
7992775	28	NM_152341	PAQR4	528.78565	470.69741	430.29804	439.44048	474.74444	624.22808	589.42455	737.80822	752.98943	760.49252	674.08046	761.88091	727.03101	833.77809	665.68891	-0.681222116	3.49402E-06	0.000288336
7998267	33	NM_001005920	LOC339123	373.63121	389.97163	394.94481	423.53334	352.87504	464.45092	585.62393	487.18622	665.65148	580.87515	673.82463	625.00922	558.91824	607.99036	686.16162	-0.676966098	3.54739E-06	0.000288336
7937363	35	NM_007183	PKP3	144.74575	175.333	140.82383	166.72227	176.5122	299.89642	239.56223	206.19055	264.25599	261.34226	236.33781	277.8412	250.31087	249.64392	289.0569	-0.674131596	3.1269E-06	0.000288336
8019392	48	NM_004104	FASN	307.26893	379.48114	312.78765	327.92862	344.84879	387.01401	508.17931	252.9176	545.82372	470.17195	574.47027	540.59495	519.82735	548.23037	674.872	-0.672793344	3.5596E-06	0.000288336
8083214	41	NM_004267	CHST2	732.48784	759.36798	737.27762	739.23829	688.39061	857.44873	774.80446	774.40812	1263.25343	1155.86724	1012.2778	1213.16958	1181.3411	1090.33297	1298.9369	-0.656387103	3.39992E-06	0.000288336
8110382	31	NM_030567	PRR7	165.5493	161.52957	147.02159	148.61504	168.63409	195.38614	195.48543	223.92994	247.89724	243.83188	236.57886	217.14264	261.53482	260.26155	251.01732	-0.627690271	3.00944E-06	0.000288336
8030429	26	NM_138639	BCL2L12	147.76326	136.68365	147.31133	146.34814	148.93271	213.65864	221.00669	159.57179	226.77109	220.26049	199.45664	249.92158	224.86989	223.61701	234.98576	-0.62435612	2.49034E-06	0.000288336
8037166	27	NM_006494	ERF	162.44561	173.70231	142.9562	168.62769	162.10285	182.83812	215.54759	151.60809	258.26395	253.64679	260.90186	276.22158	250.46037	226.27885	267.27317	-0.650807016	2.3082E-06	0.00027963
8010354	27	NM_000152	GAA	150.41616	174.94751	163.9308	198.74079	199.93321	190.78464	285.30631	223.01769	381.42441	378.29743	383.79903	304.15594	342.98072	341.6144	385.80155	-1.000776676	2.13526E-06	0.000266613
7991846	36	NM_020664	DECR2	158.27943	165.35909	136.51003	168.19803	136.63143	138.27438	189.52072	188.96381	224.30627	239.72672	229.84458	231.75965	229.92218	248.84922	260.00637	-0.613438168	1.63185E-06	0.000221552
8077082	38	ENST00000216080	TMEM112B	213.38273	198.35539	188.87652	216.49995	225.76041	317.80315	348.25358	239.58542	441.74733	363.13289	392.35618	417.31102	347.86826	404.96124	438.63676	-0.91968877	1.49855E-06	0.000210721
7998902	32	NM_017885	HCFC1R1	220.23713	230.6261	243.13265	206.37518	246.50462	192.27298	256.60665	361.41161	402.67837	429.45012	373.13436	351.29858	407.60587	377.69052	372.53328	-0.766910069	1.37012E-06	0.000199797
8003401	27	NM_000485	APRT	230.39524	257.22845	268.01535	257.15171	299.49617	292.21589	396.06728	392.98153	445.96158	393.32305	444.39333	417.7291	421.57654	459.56193	429.22911	-0.71367619	1.24743E-06	0.000187372
8019754	36	NM_207368	LOC348262	195.99995	173.23761	178.30937	189.01021	175.03262	248.25398	262.52772	214.0874	352.58396	317.70774	326.17503	283.9169	322.83698	299.60077	320.09257	-0.79864911	8.43923E-07	0.000161925
7998233	33	NM_021259	TMEM8	292.63069	339.7184	260.84828	326.79997	285.10014	510.23517	433.64706	440.26608	576.65073	494.25678	526.07131	577.7465	535.05172	520.03093	580.69772	-0.838557057	7.57483E-07	0.00014912
8170009	14	NM_001078171	FAM127A	596.38588	629.76302	651.07076	732.19778	613.76832	587.84413	886.81308	779.25816	1005.14476	1054.13079	1015.04779	1119.52601	994.4959	975.56687	1139.48579	-0.67232455	7.52696E-07	0.00014912
8148715	32	NM_003801	GPAA1	279.526	298.20884	323.0806	308.23681	321.56431	466.45473	564.81296	399.56452	759.09457	646.08245	596.4456	635.63496	594.49059	659.44422	736.78234	-1.083064991	6.8585E-07	0.000148341
7977646	26	NM_016423	ZNF219	126.63199	133.78214	121.06174	141.27783	117.92925	206.08349	161.39412	194.03549	193.26255	189.99716	205.28601	186.96985	200.80272	211.48456	181.34111	-0.62757849	6.97009E-07	0.000148341
8153684	47	NM_012079	DGAT1	240.95271	291.38283	251.11608	300.49005	323.50673	472.09857	512.34351	441.89592	536.82669	478.44443	501.89662	506.90261	473.93204	482.35441	534.18214	-0.81936862	6.4993E-07	0.000146225
8148694	24	NM_000837	GRINA	507.17846	508.36016	497.21033	560.82011	575.60236	630.83562	818.71511	737.37346	872.23239	900.07095	842.7537	794.76773	822.41067	785.85746	1017.50506	-0.658563574	5.7505E-07	0.000146072
8148841	26	NM_024531	GPR172A	554.53918	551.2601	403.22428	617.53864	542.64285	864.32215	768.87261	769.09205	1016.49469	950.60227	985.66648	1095.23313	1024.43952	1036.86964	1036.96004	-0.931563894	5.41601E-07	0.000143098
7919659	29	NM_005850	SF3B4	195.26816	238.2969	232.26016	231.95829	218.92471	400.41019	312.60053	307.50575	382.49285	385.28437	352.75552	393.47237	430.30371	393.89581	387.82208	-0.80311451	5.19442E-07	0.000143098
7941985	45	NM_006019	TCIRG1	228.14989	234.90827	232.73707	251.5144	290.10584	335.76803	369.91904	391.24917	451.13517	423.12561	463.12699	411.6392	405.11292	423.95711	454.66671	-0.795942165	5.2198E-07	0.000143098
8007620	23	NM_002087	GRN	1437.8658	1497.53388	1397.53589	1436.35156	1525.7086	1603.98066	2294.84826	2263.83545	3124.35086	2979.26259	2668.98644	2668.81948	2541.70821	2703.83042	3819.11817	-0.930707534	4.03779E-07	0.000130715
7943160	25	NR_002569	SCARNA9	1101.16605	1049.7287	1172.24238	1313.03843	1453.39386	773.1775	2245.29525	691.45815	2145.56036	2148.93144	2129.6142	2231.47336	2147.1205	2170.91611	2424.80424	-0.828134106	2.33748E-07	9.68764E-05
8066031	33	NM_016558	SCAND1	251.92673	289.77813	244.29472	269.70372	275.19996	289.37278	363.93954	341.77556	461.0634	416.65547	413.04696	417.84837	410.29337	426.0757	461.78756	-0.672216058	2.00756E-07	9.29915E-05
8153497	47	NM_182706	SCRIB	140.41995	167.85428	168.34676	153.97981	165.98222	207.89985	210.51928	236.60932	248.96655	234.58371	252.96711	254.4255	238.56479	249.48248	252.63076	-0.629681397	1.68059E-07	8.82255E-05
7935855	26	NM_006562	LBX1	224.99248	270.39909	261.91582	244.17309	262.02081	383.67787	277.03395	359.57844	385.81491	388.15729	411.89173	377.02272	409.17866	406.69315	414.34279	-0.649747244	1.45341E-07	8.59835E-05
7945666	30	NM_001909	CTSD	1223.53075	1457.81926	1244.63985	1280.63175	1214.93178	1098.09627	1898.05617	1786.96812	2310.30707	2421.2473	2224.16618	2167.38649	2185.85367	2156.03757	2918.50202	-0.805185403	8.19861E-08	6.80272E-05
7991989	25	NM_138769	RHOT2	270.29853	249.70195	239.26183	236.76247	244.22241	317.68231	371.31933	297.55948	426.02633	407.68923	439.20112	389.75471	398.5175	409.26836	413.16939	-0.731115996	4.40625E-08	6.80272E-05
7992388	27	NM_012225	NUBP2	161.64011	181.26679	173.18285	152.5135	173.66862	223.77444	238.67147	211.95553	300.01831	270.52983	288.06003	271.74321	269.20865	276.75539	270.86457	-0.729901341	8.63891E-08	6.80272E-05
7994518	32	NM_032038	SPNS1	312.9743	308.41416	337.56862	299.3467	335.41841	392.60428	478.48382	455.43103	551.67429	521.74801	510.04924	522.70366	496.80922	508.04758	565.93949	-0.701958661	1.99603E-08	6.80272E-05
8049876	22	NM_032515	BOK	368.44748	360.95027	395.09559	413.30409	397.96688	483.25992	521.61093	424.0439	649.26635	607.90013	626.93909	583.98424	597.84655	592.39841	617.74692	-0.655249388	7.15759E-08	6.80272E-05
8019149	29	NM_001037984	MGC15523	335.80267	383.50682	403.79069	400.55019	354.37311	512.9513	540.64882	410.89357	587.79466	573.73202	579.5289	589.64725	603.80366	611.14704	564.74149	-0.653802061	6.95159E-08	6.80272E-05
8170882	25	NM_001183	ATP6AP1	869.76205	994.37133	943.00625	839.62654	914.78749	1081.59383	1356.3397	1322.62488	1440.68146	1464.31725	1380.74785	1404.3364	1374.03573	1489.23162	1852.7863	-0.643929934	6.90827E-08	6.80272E-05
