probeset_id	total_probes	gene_assignment	gene_id	T8A	T8B	T8C	T16A	T16B	T16C	T28	T32	N8A	N8B	N8C	N16A	N16B	N16C	N32	Log2 Fc T vs N	P T vs N	q T vs N
8175432	25	NR_002735	SNORD61	205.44776	229.02162	215.13057	258.00322	284.2167	101.6893	152.87123	139.05362	71.13704	55.3747	61.74159	68.66012	56.31021	72.01614	65.07251	1.892371947	4.14993E-07	0.000130715
8134030	16	NM_012449	STEAP1	58.28952	74.6448	65.20679	47.55939	61.88991	101.91346	58.5431	20.44934	34.85901	29.31198	19.81026	38.62945	33.68179	17.86397	37.37461	1.083660942	0.000234093	0.00196674
8051993	13	NM_173074	PIGF	303.14029	257.42918	315.9962	283.94725	214.9415	151.89646	257.7021	137.09394	145.0382	161.84566	101.38982	181.84841	95.7807	101.93778	139.79193	1.066967122	0.000157195	0.001599269
7932964	27	NM_173177	C1D	1072.61156	956.20385	1016.09784	1006.91305	859.16718	463.45961	705.93072	503.24726	556.89504	555.9755	403.31778	554.50377	402.57974	467.53463	559.96989	1.002837472	2.47254E-06	0.000288336
8052698	41	NM_006333	C1D	809.48704	698.36318	750.77418	725.22208	645.86772	348.99761	523.90536	379.21535	412.8075	419.30616	302.1892	412.65559	306.49606	338.30709	414.21726	0.990799479	2.89945E-06	0.000288336
7934731	16	XM_926027	LOC642538	453.29929	450.70301	472.56326	457.72981	394.69223	203.99798	317.67694	188.63045	262.28508	260.52415	171.60444	249.942	187.19469	240.79129	262.12617	0.962783306	3.21375E-06	0.000288336
8151471	23	NM_014018	MRPS28	517.26568	451.32514	427.51793	432.22041	328.97064	285.21584	370.01764	224.4219	265.23488	192.29492	190.48614	292.10211	159.83446	228.78659	275.69838	0.962203231	0.000222357	0.00191361
7952673	5	AK127847	FLJ45950	132.56032	101.20985	151.16232	175.91597	122.14511	94.11429	113.5116	54.16725	86.14676	46.9423	68.86006	99.88729	61.19109	59.45873	65.97	0.956002082	0.001314723	0.004830537
7965508	10	XR_016608	LOC400061	173.54943	139.21118	184.15788	199.19974	165.79254	96.17148	155.84422	110.43211	81.44273	80.55701	92.44549	122.50669	66.06591	99.29849	99.07419	0.931438341	0.000109354	0.001385914
8083000	22	NM_001033030	FAIM	261.50684	221.67365	283.34087	220.44057	149.21619	152.06826	175.2043	84.0714	133.19225	99.95424	100.65839	177.09864	86.16529	117.99616	132.16499	0.931077197	0.002131468	0.006287711
8151942	26	NM_005836	HRSP12	320.2737	239.19339	252.80649	233.93839	191.19561	116.04241	254.61383	117.01668	160.56538	126.60879	119.58659	169.11952	87.46703	121.38885	174.72283	0.920075597	0.00070951	0.003509451
7955117	24	NM_012404	ANP32D	47.60988	52.15606	53.63833	69.64143	50.79441	21.80521	45.88799	30.23185	34.64363	30.43471	32.81242	28.63358	22.58892	26.20916	34.97742	0.906357685	0.000128188	0.001503542
8102877	36	NM_004362	CLGN	388.76254	233.99304	262.56802	359.62825	297.14929	293.02883	236.93761	304.57844	180.25143	174.25398	117.64871	213.23142	190.14347	120.55114	385.55289	0.893598056	0.001441022	0.005033057
8131871	35	NM_138771	CCDC126	260.6914	218.39572	220.7767	199.48532	172.50503	152.51834	157.04338	121.99561	139.99911	100.26412	81.89256	163.73857	107.21517	102.76593	122.99833	0.886242004	0.000543679	0.003038473
8021470	32	NM_021127	PMAIP1	770.25044	588.84433	436.38265	594.46892	649.05621	406.71988	524.58715	460.62529	342.65245	402.00761	298.79105	355.75372	310.95225	289.23611	386.44186	0.867070079	0.000522824	0.002972552
7934729	11	XM_926017	LOC642521	372.78178	433.10045	366.74049	357.75555	392.09691	204.54813	279.5544	166.13322	242.75286	241.4854	152.21924	226.48811	182.20697	229.0204	227.96908	0.856438229	1.52882E-05	0.000555458
7961281	47	NM_176890	TAS2R50	138.77526	112.1566	100.23559	108.75639	97.06851	54.63346	91.72718	58.59225	73.73406	63.67534	60.0942	68.08975	47.92411	55.90827	70.92204	0.855407567	0.000129933	0.001509084
8170990	15	NR_002969	SNORA36A	48.01782	44.06855	42.48698	43.48601	45.45611	35.54905	31.83684	34.63154	20.09505	26.35756	32.41605	22.8936	26.37028	22.38415	23.38001	0.833485624	7.33269E-06	0.000406629
7971541	18	NM_003850	SUCLA2	1299.8267	1282.18046	1614.88889	1327.30762	1120.98466	907.79898	1054.75729	609.92169	828.80083	709.28284	599.57971	967.90298	647.99218	731.14415	800.09596	0.830332147	0.000160968	0.001622977
7911096	34	NM_032328	EFCAB2	161.34668	145.88381	142.2293	148.51957	99.53961	72.48232	96.92397	47.68925	86.28171	71.98357	72.77173	98.60496	58.67037	83.38901	92.51009	0.827393129	0.000452995	0.002778158
7904965	25	AB042555	PDE4DIP	118.89193	105.2171	102.74716	89.85536	83.14005	60.84638	79.84218	74.83273	62.8941	64.88217	49.55256	56.09473	48.74734	59.55435	60.34063	0.811697393	8.68241E-05	0.001252193
8146685	22	NM_015169	RRS1	220.93001	201.4402	204.22899	208.50459	154.61228	204.72938	230.35373	145.32877	152.02129	72.2719	101.1064	149.59802	85.45453	127.75943	124.32091	0.787196963	0.00137249	0.004926022
7960383	32	NM_020367	PARP11	107.10468	97.99934	105.80703	97.56205	98.50373	77.73749	78.4413	52.92115	63.59048	52.75944	58.61512	71.72815	47.84995	58.07828	64.90518	0.786834106	3.18495E-06	0.000288336
7908988	14	NM_003094	SNRPE	456.58531	388.88266	429.78793	423.78581	414.67376	279.00929	359.85802	354.11751	256.98139	241.59878	216.71156	276.33386	210.48971	271.36024	251.22036	0.783592481	1.46738E-06	0.000210089
8147837	25	NM_012082	ZFPM2	211.90199	198.30867	214.52233	213.39955	251.43926	361.58055	178.87037	147.1634	125.10664	121.23083	151.35537	144.19736	98.7686	122.80573	115.69587	0.776162638	0.00002707	0.000732519
7987361	26	NM_014106	ZNF770	1208.51357	1053.80725	1216.2575	992.53637	923.10752	526.30952	762.05223	567.88157	750.56749	660.21256	609.64622	728.21771	465.86703	585.67307	779.84223	0.768380055	0.000139461	0.001540235
8001782	44	NM_002954	RPS27A	2927.60438	2758.20634	3005.10376	3171.87484	3093.79956	2582.78163	2862.26396	3265.5696	1911.53991	1750.17593	1839.99814	1842.73041	1671.08296	1594.86155	1608.34628	0.75833805	1.4458E-07	8.59835E-05
8058824	31	NM_018000	MREG	447.57577	373.12249	362.90316	322.32899	468.65584	255.89687	306.52683	238.87435	243.4784	253.4943	222.20517	295.92499	197.08205	190.12845	272.02172	0.756776023	0.000494172	0.002904003
8053386	19	XR_017636	LOC647302	159.30072	149.63807	142.84855	173.98095	190.31803	126.95208	167.40416	109.29898	114.38366	95.63283	82.58637	116.00308	67.90829	103.45543	134.57735	0.755778734	0.000257458	0.002062322
8012469	10	NM_000987	RPL26	846.06447	780.16888	1020.96335	1078.84353	1048.21554	798.04333	891.13442	853.90433	577.95774	538.85759	508.53921	630.2782	558.71327	581.23125	609.02874	0.754653405	7.57663E-05	0.001189715
7986407	23	AY956768	HSP90B2P	130.06514	106.92171	97.3654	105.87389	94.52647	58.65673	68.05189	49.16359	63.33975	71.81818	64.71826	54.09968	65.25512	61.18036	68.38015	0.754345734	6.30284E-05	0.001083978
8051387	27	NM_032574	HDPY-30	1472.13513	1359.29788	1477.10117	1383.58051	1301.02922	882.65403	1192.69653	1120.88032	904.47687	794.72942	708.36347	1050.03771	658.50936	867.54026	802.22761	0.751770796	2.20899E-05	0.00066358
8023259	24	NR_002571	SNORD58A	228.88305	265.9807	275.26567	363.72996	320.32936	228.2331	220.59615	234.38523	202.91656	187.51045	167.51661	198.87688	124.04691	155.8192	196.35598	0.751269101	0.00109443	0.004410494
8063835	24	NM_144703	LSM14B	179.5782	139.33077	169.04477	152.63243	150.51154	102.3195	137.05575	122.2329	109.10606	78.50276	89.15049	110.02209	77.3509	101.45042	92.22058	0.747152258	0.000069755	0.001149135
8089988	15	NM_001017928	CCDC58	442.56757	500.08438	457.64853	551.66988	539.29645	367.16767	472.95861	368.2937	308.28999	278.41315	253.08442	344.95918	257.24557	342.12954	381.60069	0.744699796	3.69016E-05	0.000821412
8107859	42	NM_181705	LYRM7	82.14652	76.5297	93.76085	76.09088	76.80605	40.40269	72.32233	54.1816	62.40781	54.18798	49.24017	48.52906	31.76783	45.23832	51.47139	0.739287466	0.000226493	0.001938611
8169022	28	NM_001006612	WBP5	648.47002	609.1751	464.71177	624.33425	507.88691	485.0303	500.58081	385.94076	339.91406	305.18291	340.55096	408.11217	310.9828	353.72711	388.13973	0.734739484	0.000146086	0.001559847
7902400	17	NR_002749	SNORD45A	156.35563	155.30357	174.91344	248.43018	157.79334	93.30854	147.8101	59.60694	118.94819	111.33654	94.87586	134.34571	96.38879	88.59535	113.62184	0.73320627	0.003235269	0.008055197
8162006	28	NM_025211	GKAP1	299.24104	252.18222	290.99377	274.80872	257.67663	129.98907	206.82375	150.45306	197.85716	169.2354	186.00548	182.78237	131.06657	125.80147	150.24861	0.732863487	7.16327E-05	0.001165439
7987642	28	NM_016013	NDUFAF1	340.86389	335.66996	398.63843	310.42743	265.07198	221.74816	267.52329	217.14477	241.29774	197.22944	162.85016	248.93771	147.81172	195.35768	197.50516	0.73090784	0.000861316	0.003889143
7918694	30	NM_001010922	C1orf178	135.58185	81.9328	114.32344	161.27907	121.34398	107.46305	109.22188	121.76562	73.86127	81.07724	83.62243	77.73003	70.91406	57.86841	79.16977	0.72831277	0.003576859	0.008549335
7966321	23	NM_016301	ATPBD1C	313.39465	316.8584	298.72482	280.6883	268.16958	212.64624	278.00375	203.02855	203.51291	165.24019	136.0523	244.74079	126.6785	195.26064	212.72407	0.726908242	0.000458788	0.002788459
8096109	18	NM_016067	MRPS18C	204.4275	217.04503	265.12754	276.91103	213.19138	224.74527	209.1906	129.0338	152.69551	119.45324	125.50012	175.4568	123.74094	157.66485	154.59966	0.724612253	0.000376757	0.002542226
8088167	20	NM_021237	SELK	623.72898	570.43713	598.15448	613.86273	648.76615	538.44794	590.53141	747.75947	418.50821	411.84183	334.13515	461.68364	275.5756	317.96721	430.93414	0.723810653	6.09487E-05	0.0010617
7981990	12	NR_003106	PWCR1	405.94282	368.4268	382.90221	450.82899	336.40079	134.2362	350.94702	113.08008	305.49234	245.68551	218.67004	241.95004	231.39742	177.10661	295.50153	0.716237152	0.00021657	0.001888575
8098508	24	NM_001564	ING2	432.92884	371.99555	311.28828	413.76274	328.65554	315.27812	311.40651	203.67444	234.64915	180.05282	212.28145	293.47729	214.42487	224.56122	288.01053	0.714255048	0.000463633	0.002802741
8044035	40	NM_003855	IL18R1	79.71678	72.10731	93.17	122.23953	93.85566	64.49495	79.48222	45.46888	59.65102	53.15873	59.28216	64.09942	48.77062	53.53247	56.76462	0.708948479	0.001705473	0.005535767
7961291	24	NM_176885	TAS2R44	251.72902	183.18342	173.29629	167.89315	151.04479	69.79724	136.49646	99.06973	126.33928	124.95951	129.86255	126.30983	92.62202	82.74534	129.30747	0.704287524	0.003450964	0.008356293
8098758	19	NM_133474	ZNF721	1083.75314	783.77147	788.97405	824.41987	699.87601	399.46199	677.32934	465.48152	587.90922	502.86698	593.4696	483.8193	435.79425	477.94042	647.01001	0.703038421	0.000817564	0.003773692
8146544	15	NM_001077619	LOC137886	661.34808	622.16767	617.69177	681.9718	635.47119	359.7316	589.78512	169.70638	458.25659	396.80727	404.44121	457.16502	338.60228	317.82308	448.12802	0.70272021	1.14834E-05	0.000500819
7918284	38	NM_005645	TAF13	625.17183	571.256	630.39692	600.26238	561.30944	499.38455	542.07456	401.92905	370.74895	310.60931	274.13251	523.01617	293.42257	431.6425	398.1902	0.702561974	0.000623333	0.003259259
7961293	12	NM_176887	TAS2R46	41.13773	40.5046	44.92348	42.28418	40.50508	20.62078	43.15464	10.00533	27.29221	26.63282	33.25613	28.6018	23.1746	15.43537	33.26573	0.702379572	0.000281752	0.002156132
8113286	33	NM_018343	RIOK2	251.12591	226.46409	246.17295	254.91425	202.78444	141.86284	204.02136	139.44939	171.89128	152.06538	125.04089	178.79685	100.91948	143.29252	163.03315	0.701196565	0.000276412	0.002131842
8126428	27	ENST00000372922	TRERF1	225.10521	211.95958	308.70281	233.59005	161.97705	128.27812	139.17881	99.23266	166.27661	134.54582	134.39852	146.45579	122.66443	138.54222	151.15288	0.700351376	0.003471341	0.00838951
8046792	31	NM_080876	DUSP19	89.63998	76.00155	83.55394	76.57132	55.68314	26.48734	71.06047	43.5665	67.96811	45.81388	38.30437	55.15013	32.22821	42.38551	46.69814	0.699599462	0.00436723	0.009566012
7973985	24	NM_138731	MIPOL1	178.53571	138.16091	124.4085	139.0615	115.13247	64.04871	127.48348	67.02395	94.88311	88.21386	68.51082	107.1931	82.34597	73.35857	98.58939	0.697481804	0.001370712	0.004926022
8110920	24	NM_024091	FASTKD3	146.75442	107.09463	134.77712	122.22177	133.64563	91.89889	106.17581	69.41341	97.54836	77.63474	74.27786	99.30739	65.76315	63.66592	96.55087	0.693594024	0.000468768	0.002815652
8041487	18	NM_174931	CCDC75	284.34054	206.527	236.58764	234.51117	197.98067	172.62439	160.12031	165.36146	159.50098	140.23734	137.96831	176.17598	102.25638	148.04795	122.62736	0.687677985	0.000759769	0.003665939
7951447	26	NM_152434	CWF19L2	357.40864	267.86688	280.55964	243.39093	222.93256	148.46369	236.171	135.92609	193.4522	152.57429	168.44251	195.55055	151.8589	160.67838	178.70146	0.687300677	0.001276266	0.004754009
8081903	31	NM_033364	C3orf15	131.03343	111.35632	86.40246	121.54179	127.63052	66.29804	105.81936	67.68019	84.6367	73.3477	79.59111	60.93162	74.13512	58.21241	84.73555	0.68681405	0.000664656	0.003381751
7943882	30	NM_000317	PTS	737.10876	657.1203	804.75323	712.13546	589.06056	549.79628	607.07831	535.79433	462.84728	429.64972	365.9838	528.14946	346.92267	476.68069	471.52872	0.686283889	0.00024405	0.002018231
7929065	29	NM_001548	IFIT1	121.34546	155.5438	147.28753	169.80406	140.10174	99.1453	152.02249	100.34417	102.81775	115.12246	88.60961	68.94097	94.77168	77.36602	264.72829	0.685779289	0.00050437	0.00293023
8140859	27	NM_006980	MTERF	168.67095	132.24898	139.53381	149.31833	151.10676	86.8316	110.0278	69.78899	108.12703	86.65611	96.72604	92.29366	69.29876	99.81587	103.00679	0.68520786	7.54082E-05	0.001189135
7929072	25	NM_012420	IFIT5	231.83699	231.37849	207.79207	240.63557	174.11222	121.13497	171.93268	137.92079	160.55868	142.76222	107.09225	150.66437	126.49711	123.06504	177.7684	0.684600771	0.000250079	0.002043976
8063903	29	NM_001024	RPS21	908.67798	844.04407	839.68844	1031.64699	1041.83752	1003.58386	1034.66874	1249.33887	682.39584	598.11949	563.07101	567.40301	563.21869	511.43464	609.57285	0.683763564	3.93545E-05	0.000858442
7907213	27	NM_152281	SCYL1BP1	269.63804	192.58146	224.67907	195.06357	176.46101	161.3011	158.30345	120.63234	150.28818	128.01275	131.91567	147.47921	117.89568	115.58843	143.64611	0.682873211	0.000827545	0.003789335
8027345	11	NM_020855	ZNF492	324.29564	280.43318	325.10751	270.70654	189.9499	173.05999	243.32724	126.70198	204.20765	155.64218	157.91147	221.67237	139.07778	161.35697	182.20078	0.682229661	0.003388437	0.008271015
7909782	32	NM_016052	RRP15	388.83382	359.90426	337.75901	376.00151	315.19872	304.71948	309.99229	214.30385	239.41473	202.76686	193.90468	272.63134	194.62357	227.3295	238.67499	0.680890539	4.67891E-05	0.000952953
7903541	41	NM_007269	STXBP3	1339.63724	1127.32334	1224.69717	1160.09755	1025.39499	872.909	987.87642	822.03106	859.19481	747.57165	636.26294	848.02367	593.1424	715.37893	773.03623	0.680787228	0.000109472	0.001385914
8028227	33	NM_152604	ZNF383	437.57961	390.53798	346.37858	345.14201	332.19029	222.3787	320.20388	197.50642	268.37151	243.27065	243.94771	246.64984	174.90452	209.31442	258.08052	0.680580288	0.000199251	0.0017952
8121734	28	ENST00000229595	ASF1A	672.43122	622.73151	763.5041	637.06027	465.02404	313.80639	534.14339	317.20517	464.16765	371.33113	301.22811	508.71686	294.26021	426.761	429.32664	0.680568295	0.002943922	0.007625643
7902553	31	NM_006417	IFI44	220.67336	224.9525	205.70327	202.52381	186.63755	146.54426	164.78046	114.16682	142.33294	150.30746	155.13839	96.3285	126.74469	108.24472	204.47205	0.680423876	0.000136435	0.001524544
8160531	38	NM_018325	C9orf72	244.40043	229.3003	251.14893	196.30039	231.71236	179.6292	203.06669	150.22339	171.20341	145.33484	111.21734	180.55693	116.69353	138.44243	158.4142	0.680072745	0.000303257	0.002233865
8105585	25	AL832580	RNF180	334.36982	248.44954	283.68552	284.07464	259.44708	132.26109	193.83498	118.76803	196.23378	180.26383	178.26086	186.19655	151.27851	164.92931	180.7835	0.678559166	6.52626E-05	0.001099445
8100699	19	NM_001014372	SYT14L	53.66709	54.3503	61.82927	63.21628	42.80261	33.40296	36.64869	22.30068	35.59804	43.00477	27.43361	26.71924	34.46676	39.74006	35.37038	0.677630464	0.001130112	0.004489951
8115606	35	NM_006425	SLU7	563.79229	519.06541	632.80173	692.54502	555.26843	411.21607	502.90091	308.03783	411.15859	439.04136	352.1352	390.31202	298.82734	332.6808	409.15199	0.677065727	0.000186971	0.001742374
7972180	35	NM_024546	C13orf7	464.08073	339.30255	402.1031	365.17705	350.85814	298.70205	322.88773	190.2001	281.02352	230.00694	245.54917	289.45501	192.56296	203.93566	242.29063	0.676678994	0.000485316	0.002875566
8083839	25	NM_014373	GPR160	288.12643	252.46241	267.26954	271.81696	241.34235	84.31898	197.02704	161.33741	211.67893	182.85149	125.24823	205.23679	142.94702	125.06173	206.6002	0.674783425	0.000617453	0.003239269
7983811	41	NM_004855	PIGB	314.33017	240.31522	262.6549	251.2739	213.8943	171.56162	236.06091	153.35792	174.78576	165.24137	117.99396	199.74603	141.67285	164.79761	215.25719	0.674497222	0.000863967	0.003896518
8084708	25	NR_002588	SNORA4	413.16598	289.54579	324.92804	332.92299	312.16624	201.18815	376.42914	197.54566	257.23514	223.31782	186.02317	234.89762	152.07224	204.77999	221.03957	0.67373246	0.000822549	0.003781187
8055702	31	NM_004688	NMI	307.50589	293.36747	287.99748	306.14894	233.84396	176.04615	332.52962	191.0155	216.69923	166.25807	155.30163	229.20437	123.87657	183.66316	194.8597	0.673562024	0.000788454	0.00371778
8140942	70	NM_001040057	FAM133B	816.86728	690.83535	686.66955	653.78789	658.03824	439.61019	597.84337	495.80318	470.20477	431.7741	442.79055	499.34697	373.12257	422.18887	400.31026	0.672716784	2.53818E-05	0.000706252
7928909	10	NM_019054	FAM35A	295.81854	298.85442	264.72134	360.55743	270.11873	160.57081	268.17974	214.22956	246.59233	194.892	178.35576	218.12988	126.55001	157.47178	205.23265	0.672352877	0.00150463	0.005148872
8005473	10	ENST00000332388	RPS28	385.52744	405.14731	501.14143	481.13526	354.07687	267.95058	376.69732	173.89774	282.778	249.90916	204.05898	332.23929	231.4916	302.27729	295.10729	0.671320344	0.00103654	0.00426739
7917707	26	NM_005665	EVI5	500.19971	380.63772	433.19036	444.88095	367.86212	308.06329	318.8479	196.15121	331.21147	274.58522	257.60784	334.8629	197.99547	207.19381	284.67723	0.670513605	0.001227812	0.004684114
8008802	36	NM_182569	GDPD1	115.69584	85.70771	79.24916	81.74384	85.96726	37.48561	68.30973	70.21135	71.71093	60.1821	55.76387	57.6765	47.45436	45.40269	71.43433	0.66986832	0.001436391	0.005031531
7917771	26	NM_014597	DNTTIP2	267.45661	264.06838	278.52215	258.99681	254.56235	216.3042	246.70666	166.84322	194.1759	159.79005	138.5885	211.62351	143.80802	151.10187	210.58939	0.668825025	5.74428E-05	0.001034526
8116980	24	NM_152737	RNF182	117.41281	78.39732	96.74729	116.40449	104.77188	86.75914	87.5943	81.36834	69.21694	64.03562	60.84004	61.0182	60.83179	71.97957	85.27616	0.668288182	0.000351543	0.002438969
8140500	24	NM_032936	TMEM60	153.68485	162.62553	157.18248	160.8292	160.41874	113.94515	144.55735	186.61676	95.57886	93.70737	87.9537	140.96417	62.51636	121.14012	112.44994	0.664089489	0.001084707	0.004387026
8157203	29	NM_001017998	GNG10	433.65037	343.74693	380.48163	372.08223	399.54406	336.79288	355.82953	308.93934	268.41151	249.859	223.46172	301.98793	187.96831	230.43707	261.67192	0.663198164	0.000128461	0.001503542
7970569	33	NM_014363	SACS	661.3795	518.15578	522.99741	533.56547	528.73953	646.70831	410.04258	317.85047	396.48403	343.93416	328.26148	465.82091	302.7344	259.74683	327.61025	0.661914848	0.000779472	0.003704263
8034390	11	AK027660	ZNF799	351.15713	297.14871	351.5876	302.73751	243.627	196.64467	236.656	172.92899	255.78036	172.73296	208.20346	201.67342	140.59709	195.20353	235.86036	0.660148536	0.001422149	0.005012861
8103518	22	NM_012403	ANP32C	526.51219	597.79576	598.02071	520.00943	447.68892	429.55601	388.43045	357.92005	328.61575	303.06639	354.02475	380.68358	303.63508	374.05711	306.86623	0.659201527	9.37872E-05	0.001294129
8121002	24	NM_001042493	C6orf162	585.28719	497.40426	510.65709	421.56206	378.49062	216.20728	388.02428	252.21956	339.86727	304.30258	299.82501	337.86369	237.60256	299.36682	325.1504	0.659087607	0.000982315	0.004143146
8097543	31	NM_014487	ZNF330	710.05877	629.91524	673.92617	619.99015	623.75342	351.98678	591.65146	452.46235	450.51309	416.37091	383.29649	456.05546	364.92819	404.91914	443.62372	0.658803409	2.37268E-06	0.000283086
7969166	25	NM_173605	KCNRG	318.28944	268.8169	287.3786	325.61341	307.33224	210.35487	244.91872	182.55226	245.91305	181.43887	215.30584	202.17714	156.3076	144.99491	206.34835	0.658345962	0.000304698	0.002242382
8052010	22	NM_001743	CALM2	1901.43538	1614.17194	1643.92809	1524.68017	1487.04447	1349.55665	1363.49215	1237.86243	1083.0053	985.09571	907.36457	1270.99051	859.49614	1116.66584	999.56175	0.656071273	0.000139216	0.001539689
8117219	27	NM_018473	THEM2	431.01869	363.54806	433.23079	390.96373	310.39953	292.8734	340.97621	333.1831	264.73865	243.74638	222.31008	257.00048	218.06331	263.54622	285.13874	0.6557756	0.000156018	0.001595033
8134211	27	NM_032120	DKFZP564O0523	159.37365	138.32588	132.70828	115.86219	126.42621	92.26489	114.47676	69.69635	110.27208	96.21453	82.61653	86.69823	65.75682	71.04833	98.45831	0.655137707	0.000758813	0.003663571
7922309	37	NM_003762	VAMP4	393.04126	321.52094	390.21628	359.72368	308.61415	313.74855	269.72755	234.7075	250.06904	227.97266	188.60524	261.5134	214.09336	209.01019	220.41373	0.655012132	0.000108076	0.001385914
8140971	43	NM_152703	SAMD9L	229.03144	204.71388	209.53988	180.69088	168.02294	104.74094	167.42075	93.15444	126.34387	129.11433	141.47892	137.2525	101.94698	119.93637	161.51721	0.654847623	0.000156064	0.001595033
8120239	23	NM_014051	TMEM14A	520.46133	420.59782	467.97101	340.56968	361.02004	260.23257	337.56489	276.84231	274.99482	264.70663	209.20034	326.53332	232.59731	301.03677	283.13899	0.654474817	0.001987945	0.006023125
7988687	27	NM_005254	GABPB2	623.18683	463.95854	495.69881	474.87498	397.88468	397.734	403.23562	278.85654	363.14721	266.71184	260.20569	372.25966	283.66325	327.06446	379.76032	0.6537212	0.001533245	0.005222128
8166593	26	NM_014271	IL1RAPL1	110.85489	90.78889	112.08191	157.0027	105.58158	50.08424	100.58734	56.80727	85.1335	77.60058	67.57467	72.3243	63.90381	73.18328	60.87966	0.653293772	0.003258434	0.00808399
7919715	33	NM_030920	ANP32E	728.70008	723.34649	835.23702	889.98993	649.03265	632.73913	676.26757	384.46673	512.61714	475.7198	398.36156	590.20951	400.24248	545.71405	530.41366	0.651603755	0.000487085	0.002883048
7995258	23	NM_003414	ZNF267	301.21489	233.14209	206.86865	215.08885	223.27515	148.4707	179.86765	124.80136	151.25037	168.40273	145.02826	192.06929	118.77171	125.57623	190.12495	0.651562584	0.001777551	0.005650929
8023855	23	NM_001914	CYB5A	226.26924	202.20895	241.68159	211.05931	171.43988	68.01622	229.19077	131.59737	166.49487	116.39732	109.67191	165.28043	111.48438	135.4336	194.87053	0.650437525	0.000995655	0.004170055
8151587	24	BC032347	C8orf59	675.67913	594.23001	564.78438	802.96306	656.00317	627.23411	646.54043	566.04023	487.76563	423.4592	349.95461	481.84703	370.45688	404.54717	446.24833	0.650430162	0.000499903	0.002915921
7964246	22	NR_003046	SNORD59B	300.78002	311.43121	339.69817	355.59258	400.47226	199.63871	299.1511	191.19666	233.89484	241.71999	197.91067	247.55591	191.62161	193.09833	269.28813	0.650385184	0.000149265	0.001563018
8171791	28	NM_014332	SMPX	52.17214	46.17376	52.24619	66.54268	59.29461	76.56972	72.37743	95.38796	32.29534	32.10163	48.86253	38.82575	29.02911	30.26674	30.11641	0.650098977	0.001887093	0.005837898
7909494	29	NM_153262	SYT14	247.28026	214.13469	213.23627	178.46356	173.48746	80.33472	110.07695	124.19862	160.64009	147.48813	132.3762	117.1362	111.23815	116.17133	120.61394	0.650055088	0.000807636	0.003754275
7978542	34	ENST00000296121	KIAA1143	537.33726	448.39338	448.70807	487.42056	424.5139	238.71598	367.29439	247.9711	299.8666	281.43733	269.16622	354.0082	256.47326	334.5995	343.31299	0.649040165	0.000074815	0.001187766
8046824	45	BC121088	FSIP2	89.9297	87.25948	77.90782	77.99199	63.52475	39.32236	57.39977	35.90828	57.6645	56.53983	56.18766	51.92388	41.26055	39.94665	48.23118	0.648962888	0.000559297	0.003090661
8103226	24	ENST00000304385	TMEM154	374.01658	416.1212	490.13714	500.88672	353.35524	231.33707	272.83063	145.84465	275.85085	313.45906	305.62444	250.30952	198.55494	289.84919	436.23662	0.648846816	0.0011588	0.004554345
8014749	20	NM_000978	RPL23	2210.43095	1981.1916	1955.75973	2014.71743	2154.00516	1478.69758	1825.16496	2213.47866	1532.90494	1435.46892	1372.51018	1352.59544	1165.55531	1041.35186	1327.8229	0.647937583	2.24426E-05	0.000666885
8037433	22	NM_003425	ZNF45	273.61537	205.24135	207.93349	218.75594	163.9179	132.56895	195.44419	106.15362	169.28493	143.5777	140.81077	157.7709	103.8087	103.9503	140.38543	0.647628961	0.003920874	0.009009579
8120378	11	ENST00000370733	KIAA1586	398.35242	312.72714	279.12559	262.50285	288.38284	140.90055	236.64005	176.59602	238.05862	185.51698	203.69348	196.04845	161.5089	196.69783	194.32687	0.646337058	0.001358702	0.004901108
8144866	27	NM_000015	NAT2	98.20357	79.33033	71.31514	99.28809	66.28875	16.66971	82.8815	59.53324	61.61285	54.64392	41.09084	53.49544	45.40241	61.5676	85.82704	0.645970094	0.002485578	0.006872443
7907124	33	NM_152902	TIPRL	560.72398	515.26802	599.024	568.76124	433.97855	436.5875	452.73275	327.97537	378.75711	336.21231	285.90232	427.06491	275.47828	353.47556	350.90173	0.643593813	0.000512985	0.002948546
8038919	28	NM_021632	ZNF350	866.18666	882.45048	653.29872	866.50756	993.4052	321.02376	733.67592	471.2653	568.52554	696.13199	539.10643	426.74076	583.36692	463.38695	812.78667	0.642024243	0.001200226	0.004637486
7989493	28	NM_015920	RPS27L	213.05057	213.12556	234.88872	246.15422	202.06572	134.33261	225.5864	145.8385	159.08481	136.4879	123.7427	167.6784	121.26822	144.87855	149.41346	0.641808813	5.44363E-05	0.001018193
8021756	18	NM_017757	ZNF407	262.70999	276.14001	261.82841	226.011	265.19272	170.55638	228.89839	154.61698	159.45654	153.52116	187.21412	196.07611	141.2556	156.23316	169.0904	0.641544279	3.48919E-05	0.000792989
8135235	33	NM_004279	PMPCB	541.04403	465.86543	500.17362	485.03522	448.7702	273.00054	415.5423	340.5446	375.74452	313.18314	276.6356	343.81203	250.47649	318.93236	325.15876	0.64064148	6.01686E-05	0.001052886
8102362	28	NM_052864	TIFA	250.36576	215.04719	196.23094	165.28335	169.82426	130.25419	170.75473	119.35233	136.0918	124.01861	115.95517	153.9329	119.80458	117.57804	151.13003	0.640325044	0.001321579	0.004837922
8151898	25	BC036855	C8orf37	155.70477	122.22464	127.4459	138.34868	131.83232	70.98181	119.32597	72.73953	91.69633	89.62477	68.26669	109.84596	75.91642	84.81529	124.20708	0.64013983	0.000253227	0.002055711
8131292	29	NM_021163	RBAK	455.23825	337.6305	333.61197	403.16779	371.59601	208.86974	319.69996	169.25525	272.8629	241.27508	202.03711	274.95816	226.34068	247.35727	297.43123	0.639244071	0.000302094	0.002227382
8124498	14	NR_002722	ZNF204	290.20377	226.97295	231.78547	241.95223	230.37101	136.6868	213.3387	71.49515	215.52587	144.52148	166.23978	178.16302	117.23172	120.26856	191.46928	0.637711776	0.001809099	0.005705551
7961295	32	NM_176884	TAS2R43	125.43816	120.487	145.43952	172.06664	121.89102	64.14586	108.5064	66.93458	97.80335	91.03008	86.0402	100.5561	79.02831	74.33096	97.71461	0.637124956	0.00087327	0.003913951
7971590	27	NM_030925	CAB39L	165.67767	149.06937	156.40866	137.00135	108.43035	115.53012	104.3895	55.66116	102.58164	95.33019	94.98766	103.93436	76.6846	79.50927	91.80386	0.636825286	0.000797209	0.003736687
8002999	50	NM_004483	GCSH	660.38157	610.26501	700.74413	853.3873	558.43415	453.7667	573.65411	323.41853	481.46771	430.84068	361.80981	509.92556	319.85898	507.54549	446.07278	0.636577953	0.002400063	0.006734802
8135497	42	NM_021994	ZNF277P	232.16999	145.53132	170.81696	165.97553	162.6375	117.11847	153.31315	116.53462	126.66303	121.26604	99.80291	129.98249	91.54391	108.06239	118.65257	0.635987989	0.002506046	0.006907208
8093332	28	BC046475	MGC26356	304.95134	273.25768	290.12628	288.55234	222.64329	118.76786	207.62808	96.26355	167.9856	169.06609	163.56096	214.37933	163.37226	187.89471	220.14663	0.634654358	0.000150939	0.001565424
8109576	26	NM_017872	THG1L	392.25606	340.55835	366.03979	341.20207	355.57502	305.97162	319.61191	196.18742	262.92528	246.83666	218.2056	236.71372	220.70704	202.68906	244.48867	0.634437574	4.33504E-06	0.000322041
8041982	28	NM_138448	ACYP2	145.80693	143.52947	157.81541	147.00204	127.86175	82.39519	135.41642	45.90591	99.11571	88.2332	85.97675	118.0671	71.03223	95.84259	95.80195	0.634107636	0.000161401	0.001625261
7946105	24	NM_001001922	OR52N5	244.89854	217.58935	217.26843	186.94055	162.26339	82.38173	133.83387	121.16489	156.44827	149.88632	169.49158	131.59113	92.17028	96.05945	117.76218	0.634021209	0.004416536	0.00961783
8112388	38	NM_001656	TRIM23	303.42062	268.08258	285.0797	272.90335	243.15242	155.90616	251.82172	147.19358	202.6537	175.31631	145.84888	206.6965	149.84719	181.7625	177.83462	0.633032637	9.17767E-05	0.001281027
8168366	21	NM_006223	PIN4	377.47602	379.33462	376.97576	375.4735	315.36249	297.08155	352.82976	277.339	262.98604	205.88666	225.55089	271.92946	210.88131	235.35336	240.02815	0.632291872	2.67265E-05	0.000726619
8096718	34	NM_004757	SCYE1	408.46207	349.08586	360.29613	379.04909	326.50862	291.69623	327.60272	287.6835	256.72386	267.24039	191.05211	253.56399	206.11333	237.0923	297.8282	0.632145487	6.56994E-05	0.001103093
7924549	12	XM_001129082	LOC653151	209.46335	221.5136	219.02169	274.31901	234.98039	117.36029	217.58642	75.3603	176.92606	154.83542	137.27763	169.44219	133.70778	126.44254	169.41021	0.630484186	0.000219154	0.001898927
8034342	25	ENST00000292241	ZNF20	564.22584	468.64348	491.2373	458.18809	417.19392	344.79885	395.52793	239.6924	327.0202	265.30855	283.48908	362.7147	264.28063	357.18825	380.90857	0.630457668	0.000296665	0.002217527
7969390	25	NM_006346	C13orf24	311.91098	237.90753	233.3231	236.90789	203.40826	171.18319	176.13537	113.70035	171.02118	156.87926	147.82567	182.14939	134.9039	156.19258	169.1628	0.629561304	0.000923934	0.004012933
7970546	36	NM_152726	EFHA1	930.72379	844.2779	1121.22429	1119.15786	818.43552	870.92665	851.92989	499.98899	746.82653	649.57933	510.23209	713.23065	509.36653	622.13691	712.83867	0.628779618	0.001286072	0.004770227
8174887	17	XR_016370	LOC643421	126.26949	132.5488	163.37154	197.64935	149.03737	127.24915	118.95738	92.10434	85.3258	104.26458	105.65183	106.98484	108.82101	86.04409	100.3694	0.627832784	0.001870316	0.005806518
8044049	42	NM_003853	IL18RAP	36.85484	39.75504	46.1493	42.86278	49.94372	36.18058	35.21119	22.99395	29.10671	29.33713	25.60986	23.87255	31.04613	28.67087	28.11914	0.625767517	0.000139077	0.001539689
8170166	31	NM_014500	HTATSF1	604.63364	566.02906	576.70478	556.25868	450.79175	410.29004	503.53472	347.06467	417.42805	321.44382	330.70471	415.68794	277.11696	381.44788	389.48262	0.624591795	0.000356501	0.00246111
8166278	22	NM_001037540	SCML1	156.81662	122.10653	129.35084	184.8438	150.20191	66.35836	113.5991	76.8813	110.7576	90.61228	109.53537	103.63076	77.85265	86.5536	115.63848	0.623597779	0.001581085	0.005302503
7904693	24	AK024925	FLJ21272	314.85076	274.91411	297.7309	227.75226	247.04596	135.87084	212.03379	137.9944	213.89119	197.88823	193.37652	174.01477	153.27304	130.19209	154.46661	0.621425207	0.001052393	0.004293826
7916018	24	AF242772	LOC51336	178.42338	157.03313	172.27622	172.72167	133.06376	85.59954	155.73425	90.94138	145.55766	102.41565	101.91526	122.96522	75.54533	86.42143	120.40274	0.620860126	0.002366784	0.006687217
7974870	23	NM_003082	SNAPC1	2359.19984	2100.50082	1396.89258	2117.74101	2216.82982	1312.5451	1688.06209	1291.38813	1351.63815	1651.46219	1096.40886	1314.48649	1402.95894	1136.77759	1693.28817	0.620649359	0.002858112	0.007467725
8110486	28	BX648737	DKFZp686E2433	213.31124	191.43658	195.2847	206.87255	145.91869	143.58025	144.04142	72.55786	139.9561	118.90172	122.42119	144.42336	102.48747	115.78307	123.93636	0.619993705	0.000567723	0.003111025
8030899	30	NM_001010851	ZNF766	274.49728	256.08988	288.59532	280.45329	278.86694	142.08928	271.2709	162.84256	215.51973	190.50766	180.52083	189.88676	146.62183	153.72446	217.80751	0.619411289	0.000030737	0.000768378
8105633	31	NM_015342	PPWD1	603.87825	574.09752	580.21363	515.6609	563.36283	364.80932	528.24566	410.97499	431.81332	352.90266	362.45078	433.97485	278.6202	357.47789	364.82197	0.618744191	8.21796E-05	0.001227373
7922243	31	NM_033418	C1orf156	124.06495	97.45698	147.17583	121.34216	103.19874	73.3354	110.11553	57.02504	92.47927	81.21917	61.33312	92.93327	73.32722	63.05997	83.6193	0.616428113	0.002731608	0.007254666
7979473	27	NM_016029	DHRS7	723.55719	646.77146	692.73039	732.94475	588.60678	463.57623	565.07043	481.67205	523.12867	473.20342	372.53719	516.19147	369.09903	395.65193	453.14575	0.616134405	0.000241816	0.002009767
7989315	22	NM_004492	GTF2A2	469.54511	390.847	447.43528	440.74229	374.09667	301.17625	354.21316	301.67726	295.88634	253.45085	244.01434	346.42793	202.96528	320.23792	296.95088	0.6151389	0.000663426	0.003379144
8097920	30	NM_004744	LRAT	138.76619	102.86607	119.542	103.74484	117.10873	29.57648	78.49527	77.10247	80.70898	86.43708	77.15782	97.62822	67.64013	46.41638	83.89864	0.615124756	0.002729066	0.00725036
8095894	35	NM_020236	MRPL1	552.45146	493.76045	467.20676	465.87621	393.70451	317.32355	443.44315	265.81628	364.29942	292.7863	274.64957	391.50439	253.73734	282.26443	339.78736	0.615031998	0.000893315	0.003949466
7994565	23	NR_003370	LOC730092	974.44867	909.29548	869.25233	976.68832	894.60407	504.0543	779.1433	596.31941	652.86736	618.31359	520.46655	701.21829	563.72034	567.79938	749.14603	0.614529512	8.72516E-06	0.000429901
7971361	10	NM_012345	NUFIP1	311.77637	321.45148	314.23694	314.44682	294.36912	268.87852	261.88012	195.6	214.33149	223.83527	213.62867	249.65033	162.19545	156.13655	236.84668	0.614518414	0.000134705	0.001517506
8054664	28	NM_032494	ZC3H8	194.95162	148.5033	185.90844	177.48857	137.58168	133.30341	146.346	74.40412	124.75754	101.28872	108.27341	132.32669	87.4692	109.02925	116.57139	0.611694464	0.00107744	0.004366607
7967933	37	NM_175605	IFT88	307.16867	274.20243	274.74642	286.83837	275.54149	143.70485	235.46441	113.94337	219.65798	208.83636	192.02703	180.58871	160.05639	153.09458	222.11672	0.611310624	3.98843E-05	0.000865205
8103206	26	NM_033632	FBXW7	249.3966	257.88183	248.01265	226.1899	231.50176	161.00274	228.24051	159.02552	170.54501	155.80277	153.98185	182.37011	137.59853	153.01497	184.07253	0.61057119	5.5253E-06	0.000362575
7901931	36	NM_032437	KIAA1799	241.41567	189.12907	226.16148	209.32828	165.18341	91.0751	181.79581	93.35572	168.3804	139.9328	126.14541	151.85176	102.00868	122.1441	146.63291	0.610565135	0.001682632	0.005500843
8111677	28	NM_002310	LIFR	450.7497	339.66643	392.24225	388.26288	328.93772	290.58505	308.48634	224.53362	278.91038	257.04667	250.40604	288.69164	191.53754	226.6231	209.54264	0.610504478	0.000588884	0.003162951
8162086	33	NM_015239	AGTPBP1	641.37938	538.65148	585.64879	677.82393	546.18985	322.8903	460.14674	292.6816	463.60757	408.80636	375.13619	392.96464	351.85682	357.70366	401.48654	0.610325014	8.61366E-05	0.001251112
8067017	27	NM_003859	DPM1	1679.20877	1378.21209	1313.86311	1320.50863	1170.90149	1033.47738	1260.43602	1096.38969	1004.16674	894.89847	694.19106	1166.6179	760.56147	880.55161	1030.68002	0.60858631	0.001761918	0.005617104
7917037	30	NM_001889	CRYZ	915.34382	891.17122	1117.35226	1108.59582	788.6566	543.08353	916.82736	452.32102	745.78339	719.16751	567.5085	717.11819	474.5965	571.49112	704.02654	0.608049914	0.00187425	0.005809721
8103389	30	NM_001334	CTSO	407.98236	300.37796	331.50308	359.70797	290.1383	112.41233	273.27883	174.1668	254.8223	231.14949	218.64742	217.12558	192.24184	216.58921	249.57991	0.607759043	0.000415216	0.002677825
8130952	26	NM_002793	PSMB1	1954.60145	1836.25743	1865.51099	2074.40806	1668.35444	1556.37473	1771.9314	1757.4248	1472.78942	1386.54273	1049.35585	1309.75154	997.99563	1193.43859	1376.67353	0.606113031	0.000163846	0.0016394
8147262	31	NM_016023	OTUD6B	499.68334	466.79376	428.22378	443.73231	391.30852	314.18892	415.208	274.68333	305.3925	258.32534	293.7936	356.11795	241.90475	302.33654	316.20708	0.606082066	0.000148169	0.001562755
8054192	33	NM_138798	MITD1	336.67756	256.44831	286.78517	265.86566	230.49922	241.4595	267.26507	170.63315	215.83705	168.51364	165.91947	206.56715	157.32339	170.96947	189.457	0.605936025	0.000896355	0.003951552
8005955	25	NR_000014	SNORD42A	42.01693	48.12957	55.84302	47.46484	46.12962	22.47145	43.84505	11.44914	32.02606	31.79877	41.21995	35.78473	21.68437	26.3912	38.97259	0.605904351	0.001631383	0.005411041
8171348	25	NR_003585	ATXN3L	35.29544	37.72726	39.85983	36.99438	35.53892	23.03449	32.63437	21.04394	25.78248	29.57781	21.36871	27.90725	20.92759	20.66302	31.74296	0.605590486	9.47315E-05	0.001301858
7902634	33	NM_025065	BXDC5	415.49997	412.62939	452.06792	470.72496	352.63157	459.11418	387.0986	298.72906	320.84017	262.90868	221.67221	375.83708	224.99416	254.79388	284.7133	0.603770946	0.001745088	0.005602006
8042211	32	NM_006577	B3GNT2	908.59671	819.71431	865.02937	1040.22478	1055.30386	383.83765	822.32376	814.67571	658.45773	813.37716	537.43467	604.09048	605.4168	485.1203	681.3821	0.603230354	0.000952822	0.00406791
7925561	18	AK095297	LOC284702	1137.04971	911.4456	764.47884	716.34625	966.40033	412.61425	687.67991	659.09091	651.21503	589.60154	610.64494	608.99623	520.38274	570.55269	600.13589	0.603201737	0.001855536	0.005777558
8069565	25	NM_006806	BTG3	641.83849	528.59755	466.50927	600.1008	558.20563	428.87802	441.28999	512.61159	386.17945	349.01307	283.46864	421.71876	357.46727	411.23532	440.40184	0.602565319	0.000436363	0.002729267
8092067	24	BC107708	RPL22L1	135.43361	122.6329	150.46271	158.72497	196.22187	147.43032	159.73259	154.81422	115.26196	100.09795	94.78826	105.45063	99.16662	88.71293	110.63983	0.602315311	0.001901325	0.005868577
8139727	19	NM_207366	SEPT14	77.57796	77.59706	70.11133	53.59303	55.62419	43.31838	54.9174	67.52803	38.50993	45.20205	51.29629	40.80246	49.89489	38.71124	55.26956	0.602241843	0.002070819	0.006176778
7957467	22	NM_001009894	C12orf29	362.18178	369.24997	330.94024	304.72283	299.91132	210.92563	273.98552	171.29339	283.67742	244.5589	205.17694	245.31436	156.28805	182.88824	214.4246	0.602048638	0.001292893	0.004786047
8094625	29	NM_015990	KLHL5	640.56177	603.4271	641.45862	552.79004	589.70873	444.47932	492.1978	390.55396	441.35325	395.17415	381.82494	450.45723	367.59931	357.60515	400.86334	0.601942399	8.73504E-06	0.000429901
7978527	22	NM_080664	C14orf126	292.55694	216.84208	223.13746	210.90031	197.89698	150.77057	213.45092	132.99967	176.3151	151.90989	128.31113	187.6799	112.83388	145.58016	146.93359	0.601548429	0.003324088	0.008202939
8128726	28	NM_173672	PPIL6	130.28572	123.45475	112.18541	96.67152	89.6971	41.98437	84.83994	41.57419	97.47341	81.50638	77.13153	69.57547	54.86751	56.39043	79.06977	0.601021365	0.004653703	0.009911963
7951144	32	NM_024725	CCDC82	519.1276	435.93001	372.9174	436.37172	436.86605	327.53533	406.32341	253.2684	314.31727	270.94302	268.45334	358.51983	238.13635	291.38275	315.8072	0.600793332	0.000490135	0.002885303
7989013	21	NM_016304	C15orf15	1110.74619	1089.08196	1094.23621	1313.87102	1317.52305	698.21216	1137.07933	989.84094	855.57241	824.81339	740.48271	809.10284	753.56602	706.22567	831.86942	0.60044615	4.19452E-05	0.000900168
8110018	9	NM_016093	RPL26L1	133.77629	123.48759	136.95941	135.39092	108.11424	114.62537	113.90236	117.36865	84.98914	80.3269	86.10675	79.91619	73.06777	100.35177	71.77979	0.600383292	8.04816E-05	0.001218757
7943842	34	NM_018195	C11orf57	402.22734	332.62038	345.53926	345.26678	338.5445	239.19054	306.41808	198.52115	268.33086	250.86216	204.46805	269.54759	195.88123	207.47273	236.14239	0.600166842	0.000140514	0.001541135
7961182	12	NM_002260	KLRC2	23.13456	22.6746	28.24091	30.5826	28.04895	26.336	27.46098	23.81852	19.88489	14.53011	19.26333	15.20554	19.10361	17.05783	31.26336	0.599991188	0.000556179	0.003081432
8099235	28	NM_152301	MRFAP1L1	652.19982	597.06672	564.01226	507.53793	577.50547	385.70072	582.19085	500.1816	414.66821	353.73644	351.58286	428.67825	369.58823	376.48759	444.1514	0.599920696	3.05121E-05	0.000767629
7943715	30	NM_033390	ZC3H12C	300.92924	238.36686	250.33246	246.02973	329.94709	160.20196	263.98029	158.39011	192.03004	193.65143	158.02361	212.13563	188.47564	137.34827	250.77522	0.599321806	0.001377508	0.004938991
8046003	33	NM_012198	GCA	418.47172	385.15696	398.00056	440.63716	341.44044	120.15646	335.57738	185.66188	323.56637	295.37286	208.62181	299.14984	215.01038	230.46093	341.32834	0.598464828	0.000754949	0.00365775
7968915	32	NM_004128	GTF2F2	303.89666	307.16554	303.43236	299.30042	264.53782	262.70506	241.26542	172.72503	212.28556	181.89629	194.44154	238.42818	163.97081	180.66892	213.62248	0.59841297	5.06519E-05	0.000989725
8171418	24	NM_002641	PIGA	215.91834	192.39247	189.47588	202.28995	216.25056	114.01969	171.07432	85.92505	150.10321	133.65474	122.30745	149.48925	126.90447	123.28813	169.48578	0.598000085	8.46636E-06	0.000427362
7950753	16	NM_021825	CCDC90B	469.45277	436.698	424.69124	408.7385	400.69112	287.65843	387.98838	299.17707	269.13337	246.11014	272.80529	346.12599	226.98233	335.7207	271.99807	0.597945621	0.000207615	0.001845223
8044605	24	BC036699	LOC654433	186.87344	149.46642	137.60218	135.43389	145.47403	127.87903	163.47403	122.06942	119.17716	109.83521	115.47966	86.8781	94.07868	73.04097	137.57515	0.597897706	0.001809224	0.005705551
8120165	25	NM_018132	CENPQ	125.81693	88.27997	91.99586	98.83612	86.19776	87.18098	84.01629	64.77471	75.73761	54.25872	68.33034	70.05361	47.864	73.17948	65.84289	0.597788576	0.002939694	0.007619704
8122013	27	NM_032438	L3MBTL3	615.96591	547.16675	610.2764	585.49244	455.09712	340.35052	430.00383	285.34637	422.13496	394.98413	409.41685	379.44554	283.51749	342.46457	378.2593	0.597342567	0.000432663	0.002725566
7922268	27	NM_014970	KIFAP3	547.48823	446.47358	558.25342	492.19336	420.75302	381.62203	372.04196	319.0883	349.72153	352.16194	282.53053	358.18558	294.85134	317.87563	330.21217	0.597307069	0.000234275	0.00196674
8134079	32	NM_033107	GTPBP10	236.20503	212.10244	239.95814	216.81432	181.89232	118.66904	189.20653	148.72066	179.69366	143.894	134.65389	166.7627	109.5316	127.69335	151.0978	0.597206189	0.000813741	0.003773692
7929719	41	NM_014472	C10orf28	270.41173	241.11085	235.59393	286.68688	261.54266	157.47219	234.24252	166.75446	192.35086	184.29551	161.3281	186.99328	142.56364	160.92472	196.86467	0.595891742	0.000052139	0.001001047
8147221	32	NM_004337	OSGIN2	659.60298	713.30438	924.67681	770.93571	607.79819	388.04502	491.137	318.03352	559.57396	517.26631	447.79751	575.19664	378.18722	441.97215	437.97434	0.595330697	0.002562673	0.006986612
8169984	31	NM_000194	HPRT1	988.66245	933.29402	978.28193	939.60079	818.49158	645.19716	674.33513	620.9947	643.14834	620.8529	509.5356	788.52796	501.06654	637.42007	585.92646	0.59510723	0.000279037	0.002145782
