Entrez Gene ID	Gene Symbol	logFC	p-value
374897	SBSN	1.82E+00	3.00E-03
56675	NRIP3	1.31E+00	0.0027
51099	ABHD5	8.90E-01	0.0019
2817	GPC1	8.54E-01	0.0057
9209	LRRFIP2	8.51E-01	0.0007
3638	INSIG1	7.98E-01	0.0019
9903	KLHL21	7.96E-01	0.0012
79614	C5orf23	7.58E-01	0.0009
23466	CBX6	7.23E-01	0.0048
6744	SSFA2	6.61E-01	0.0013
8853	ASAP2	6.55E-01	0.0005
5714	PSMD8	6.50E-01	0.0064
79669	C3orf52	6.44E-01	0.0076
7866	IFRD2	6.15E-01	0.002
6988	TCTA	5.77E-01	0.0001
10352	WARS2	5.77E-01	0.0015
3475	IFRD1	5.71E-01	0.005
10039	PARP3	5.68E-01	0.0041
10383	TUBB2C	5.68E-01	0.0043
643319		5.56E-01	0.0075
7384	UQCRC1	5.55E-01	0.0011
55129	ANO10	5.53E-01	0.0013
284023	LOC284023	5.48E-01	0.0059
9861	PSMD6	5.30E-01	0.0051
7873	MANF	5.26E-01	0.0097
80145	THOC7	5.07E-01	0.0009
54606	DDX56	5.02E-01	0.0096
9943	OXSR1	4.97E-01	0.0039
5045	FURIN	4.86E-01	0.0067
54942	C9orf6	4.85E-01	0.0054
7165	TPD52L2	4.84E-01	0.0081
5372	PMM1	4.83E-01	0.0089
908	CCT6A	4.80E-01	3.60E-03
8668	EIF3I	4.78E-01	0.0049
1454	CSNK1E	4.67E-01	0.0072
10425	ARIH2	4.64E-01	0.0035
23016	EXOSC7	4.57E-01	0.0048
11070	TMEM115	4.48E-01	0.0017
6390	SDHB	4.38E-01	0.0078
22907	DHX30	4.31E-01	1.40E-03
51447	IP6K2	4.28E-01	0.0065
51619	UBE2D4	4.23E-01	0.0017
11099	PTPN21	4.23E-01	0.0076
201626	PDE12	4.23E-01	0.0028
51460	SFMBT1	0.4197	0.0097
23276	KLHL18	0.413	2.50E-03
26097	C1orf77	0.4127	0.0071
1605	DAG1	0.4078	0.0082
7532	YWHAG	0.4027	0.0004
7584	ZNF35	0.4	0.0047
1781	DYNC1I2	0.397	0.002
9807	IP6K1	0.3759	0.0013
441408		0.3677	0.0087
5431	POLR2B	0.3586	0.0017
79714	CCDC51	0.3557	0.0036
91289	LMF2	0.3538	0.01
157922	CAMSAP1	0.3443	0.0054
92399	MRRF	0.3408	0.0055
170487	C20orf134	0.3379	0.0067
25930	PTPN23	0.3301	0.0051
339487	ZBTB8OS	0.3276	0.0026
23604	DAPK2	0.3259	0.006
2130	EWSR1	0.3121	0.0065
984	CDK11B	0.2737	0.0073
652615		0.2561	0.0054
641699		0.2549	0.0083
644278		0.2494	0.007
7407	VARS	0.2438	0.0016
3755	KCNG1	0.2359	0.0081
388939	C2orf71	0.2313	0.0045
65996	MGC2752	0.2048	0.0068
643403		0.1961	0.0036
644680		0.1951	0.0044
147166	TRIM16L	0.1947	0.0021
389118	CDHR4	0.1932	0.0034
253128	C12orf33	0.1902	0.0049
652565		0.1796	0.0019
152831	KLB	0.1784	0.0087
5884	RAD17	0.174	0.002
391574		0.1704	0.0094
285733	LOC285733	0.1676	0.0052
732343		0.1629	0.0044
649770		0.1627	0.0055
645757		0.1601	0.0051
643982		0.1541	0.0053
644225		0.1517	0.0094
84254	CAMKK1	0.1517	0.0048
643912		0.1483	0.0054
204474	PDILT	0.144	0.0061
390829		0.1411	0.0067
651850		0.1411	0.0063
403282	OR6C65	0.1344	0.0074
79368	FCRL2	0.1335	0.0046
154810	AMOTL1	0.1335	0.0035
653882	LOC653882	0.1306	0.0083
259232	NALCN	0.1258	0.0059
729393		0.1232	0.0097
643520	LOC643520	0.1177	0.0066
58511	DNASE2B	0.1102	0.0067
199720	GGN	0.1098	0.009
284656	EPHA10	0.1085	0.009
135152	B3GAT2	0.1081	0.0039
84063	KIRREL2	0.0999	0.0097
648133		-0.1267	0.0088
6998	TDGF3	-0.1334	0.0064
170825	GSX2	-0.1543	0.0036
390999	PRAMEF12	-0.1566	0.0017
286205	SCAI	-0.1649	0.0045
5539	PPY	-0.172	0.0057
2104	ESRRG	-0.1866	0.0024
91522	COL23A1	-0.191	0.0086
10044	SH2D3C	-0.1945	0.0035
115560	ZNF501	-0.2214	0.0057
728308		-0.2317	0.0031
56961	SHD	-0.2421	0.0062
10170	DHRS9	-0.2581	0.0041
92797	HELB	-0.2588	0.0059
645899	RPS28P4	-0.262	0.0051
285176	RPL10P6	-0.2624	0.0005
80034	CSRNP3	-0.2642	0.0032
23130	ATG2A	-0.2705	0.008
63915	MUTED	-0.2776	0.0076
54461	FBXW5	-0.2916	0.0058
89822	KCNK17	-0.3126	0.0079
2494	NR5A2	-0.3367	0.0013
22929	SEPHS1	-0.374	0.0085
2073	ERCC5	-0.3796	0.004
5830	PEX5	-0.3959	0.0061
9365	KL	-0.3963	0.0035
1998	ELF2	-0.4205	0.0052
5775	PTPN4	-0.4223	0.002
84701	COX4I2	-0.4348	0.0087
23047	PDS5B	-0.4475	0.0011
9937	DCLRE1A	-0.4555	0.0073
56987	BBX	-0.4607	0.0025
9651	PLCH2	-0.4806	0.0028
1777	DNASE2	-0.4886	0.0093
54464	XRN1	-0.4922	0.0024
23144	ZC3H3	-0.5242	0.0015
64881	PCDH20	-0.5298	0.0003
23240	KIAA0922	-0.5477	0.0024
10559	SLC35A1	-0.5526	0.0026
54941	RNF125	-0.5618	0.0047
54996	MOSC2	-0.5682	0.0019
4084	MXD1	-0.5729	0.009
1936	EEF1D	-0.5963	0.0031
79622	SNRNP25	-0.6303	0.008
10867	TSPAN9	-0.6365	0.0099
65084	TMEM135	-0.6656	0.0093
9580	SOX13	-0.7295	0.0038
57419	SLC24A3	-0.862	0.0018
22882	ZHX2	-0.9829	0.0008
79805	VASH2	-0.9983	0.0018
2982	GUCY1A3	-1.1562	0.0078
115572	FAM46B	-1.1805	0.0011
187	APLNR	-1.2116	0.0061
3215	HOXB5	-1.2866	0.0082
30061	SLC40A1	-1.8039	0.0029
25805	BAMBI	-1.8561	0.0029
