Systematic Name	Method I	Method II	Method III	Method IV	Method V	Method VI	Total	A	B	Ra	adjusted p	miR family	Chromosomic localization
ebv-miR-BART16	0	0	1	1	0	0	2	4.19	3.02	2.25	0.039
hcmv-miR-US4	1	1	1	1	1	1	6	4.77	3.03	3.33	0.004
hiv1-miR-H1	1	1	1	1	1	1	6	6.61	5.61	2	0.047
hsa-miR-1182	0	1	1	1	1	1	5	4.15	2.26	3.7	0.005	mir-1182	1q42.2
hsa-miR-1183	1	1	1	1	1	1	6	5.65	4.01	3.11	0.005	mir-1183	7p15.3
hsa-miR-1224-5p	1	1	1	1	1	1	6	6.29	5.08	2.31	0.007	mir-1224	3q27.1
hsa-miR-1226	1	1	1	1	1	1	6	4.64	2.87	3.4	0.006	mir-1226	3p21.31
hsa-miR-1228	0	1	1	1	1	1	5	3.22	1.79	2.68	0.013	mir-1228	12q13.3
hsa-miR-125a-3p	0	1	1	1	1	1	5	8.03	6.9	2.2	0.006	mir-125	19q13.41
hsa-miR-1274b	0	0	1	1	1	1	4	10.44	11.17	0.6	0.054	mir-1274	19q13.43
hsa-miR-1275	0	1	1	1	1	1	5	7.56	6.84	1.65	0.023	mir-1275	6p21.31
hsa-miR-1285	0	0	1	1	1	1	4	3.82	2.53	2.45	0.015	mir-1285	7q21.2/2p13.3
hsa-miR-1299	0	1	1	1	1	1	5	3.91	2.29	3.07	0.013	mir-1299	9q21.11
hsa-miR-1300	0	1	1	1	1	1	5	5.75	4.69	2.08	0.019	fragment of the EEF1A mRNA
hsa-miR-1305	0	0	1	1	0	0	2	4.54	3.57	1.95	0.033	mir-1305	4q34.3
hsa-miR-134	1	1	1	1	1	1	6	6.53	5.44	2.13	0.02	mir-134	14q32.31
hsa-miR-135a	1	1	1	1	0	1	5	3.56	1.92	3.13	0.082	mir-135	3p21.1/12q23.1
hsa-miR-1471	1	1	1	1	1	1	6	5.14	3.44	3.24	0.019	mir-1471	2q37.1
hsa-miR-149	1	1	1	1	1	1	6	4.66	2.92	3.34	0.026	mir-149	2q37.3
hsa-miR-150	1	1	1	1	0	1	5	6.77	5.79	1.97	0.019	mir-150	19q13.3
hsa-miR-1826	0	0	1	1	0	0	2	4.84	3.96	1.84	0.033	fragment of 5.8S rRNA
hsa-miR-183	0	0	1	1	0	1	3	2.53	1.68	1.81	0.032	mir-183	7q32.2
hsa-miR-188-5p	1	1	1	1	1	1	6	6.19	4.98	2.31	0.005	mir-188	Xp11.23
hsa-miR-1909	1	1	1	1	1	1	6	5.11	3.58	2.88	0.043	mir-1909	19p13.3
hsa-miR-1914	0	1	1	1	0	1	4	5.75	4.8	1.93	0.012	mir-1914	20q13.33
hsa-miR-202	1	1	1	1	0	1	5	4.22	2.56	3.17	0.021	mir-202	10q26.3
hsa-miR-212	0	0	1	1	0	0	2	4.17	3.25	1.89	0.045	mir-132	17p13.3
hsa-miR-23a	1	1	1	1	1	1	6	3.89	2.13	3.38	0.007	mir-23	19p13.13
hsa-miR-370	1	1	1	1	0	0	4	4.25	2.81	2.71	0.079	mir-370	14q32.2
hsa-miR-371-5p	1	1	1	1	0	0	4	4.94	3.67	2.4	0.034	mir-290	19q13.42
hsa-miR-424	0	0	1	1	1	1	4	4.55	3.14	2.65	0.011	mir-322	Xq26.3
hsa-miR-483-5p	1	1	1	1	1	1	6	6.61	5.35	2.41	0.006	mir-483	11p15.5
hsa-miR-493	0	1	1	1	1	0	4	4.31	2.82	2.81	0.041	mir-493	14q32.2
hsa-miR-513a-5p	0	1	1	1	0	1	4	3.93	2.38	2.91	0.01	miR-506	Xq27.3
hsa-miR-548c-5p	1	1	0	0	0	0	2	4.56	2.87	3.22	0.198	mir-548	12q14.2
hsa-miR-557	1	1	1	1	1	1	6	4.89	3.46	2.7	0.033	mir-557	1q24.2
hsa-miR-564	0	1	1	1	0	0	3	3.84	2.63	2.3	0.029	mir-564	3p21.31
hsa-miR-575	1	1	1	1	1	1	6	7.46	6.37	2.13	0.041	mir-575	4q21.22
hsa-miR-584	1	1	0	1	0	0	3	4.4	3.07	2.51	0.11	mir-584	5q32
hsa-miR-601	1	1	1	1	1	1	6	4.42	2.85	2.97	0.009	mir-601	9q33.3
hsa-miR-610	1	1	1	1	1	1	6	3.68	2.03	3.15	0.02	mir-610	11p14.1
hsa-miR-622	1	1	1	1	0	0	4	5.42	3.79	3.1	0.008	mir-622	13q31.3
hsa-miR-623	1	1	1	1	1	1	6	4.3	2.62	3.21	0.012	mir-623	13q32.3
hsa-miR-630	1	1	1	1	1	1	6	6.01	4.73	2.43	0.017	mir-630	15q24.1
hsa-miR-659	1	1	1	1	1	1	6	4.63	2.89	3.35	0.08		22q13.1
hsa-miR-663	1	1	1	1	0	1	5	6.91	5.9	2.01	0.033	mir-663	20 CEN
hsa-miR-665	1	1	0	0	0	0	2	4.49	3.28	2.32	0.281	mir-665	14q32.2
hsa-miR-671-5p	1	1	1	1	1	1	6	6.08	4.88	2.31	0.0134	mir-671	7q35.1
hsa-miR-720	1	1	1	1	0	0	4	10.08	10.88	0.57	0.0324	mir-720	3q26.1
hsa-miR-760	1	1	1	1	1	1	6	4.25	2.71	2.92	0.0346	mir-760	1p22.1
hsa-miR-765	1	1	1	1	1	1	6	5.2	3.6	3.02	0.0082	mir-765	1q23.1
hsv1-miR-H1	1	1	1	1	1	1	6	5.18	3.33	3.61	0.0052
kshv-miR-K12-10b	0	1	0	1	0	0	2	5.54	4.8	1.67	0.005
