Gene Symbol	Mean	p-value	Std Dev	Std Error	Min	Max
ABHD4	-0.43523	3.51567E-05	0.132781	0.0469452	-0.616886	-0.195412
ABTB2	-0.0886396	0.0109532	0.0730477	0.0258263	-0.233391	-0.0248353
ACOX3	-0.322629	0.000146089	0.122874	0.0434425	-0.532345	-0.157032
ACTL6A	-0.29571	0.00149671	0.165956	0.0586742	-0.570239	-0.106429
ACTR3	-0.321359	0.00013119	0.120321	0.0425398	-0.477751	-0.12236
ACTR1B	-0.532269	2.01238E-05	0.149158	0.0527352	-0.749778	-0.308161
ACVR2A	-1.10545	1.41057E-06	0.208563	0.073738	-1.25899	-0.735627
ADAM10	-0.14487	0.00637113	0.106695	0.0377224	-0.279988	0.013227
ADAM17	-0.435749	0.0126009	0.370178	0.130878	-0.838097	0.253578
ADAR	-0.30993	0.000107263	0.112413	0.0397439	-0.442997	-0.128711
ADCY7	-0.980032	5.35487E-07	0.160473	0.0567357	-1.23307	-0.792857
ADD3	-0.864581	0.000117161	0.317977	0.112422	-1.2874	-0.539029
ADIPOR1	-0.228865	0.0214972	0.219654	0.0776595	-0.473058	0.0931032
ADRB1	-2.24348	1.99174E-08	0.228101	0.080646	-2.58372	-1.91584
AFF1	-1.3049	3.28987E-07	0.199034	0.070369	-1.54952	-0.996707
AFF4	-0.351423	0.00022175	0.143076	0.0505849	-0.621057	-0.181685
AGPAT3	-0.367129	0.000102215	0.132154	0.0467234	-0.500565	-0.0931045
AHNAK	-0.749735	9.32876E-05	0.266036	0.094058	-1.13627	-0.332063
AKAP11	-0.199829	2.36766E-05	0.0573968	0.0202928	-0.320423	-0.140859
AKAP13	-0.670531	5.1462E-08	0.078174	0.0276387	-0.791122	-0.511558
ALDH3A2	-0.437893	3.78742E-05	0.135126	0.0477744	-0.606102	-0.203347
ALS2	-0.375131	0.00545626	0.267885	0.0947115	-0.75644	-0.0135886
ALS2CR8	-1.29056	3.87562E-05	0.399653	0.141299	-1.75198	-0.576924
AMFR	-0.328632	0.007039	0.246955	0.0873119	-0.557426	0.0817155
AMMECR1L	-0.892979	2.90227E-09	0.0688352	0.0243369	-0.977685	-0.782953
ANAPC16	-0.38491	0.00404117	0.259281	0.0916697	-0.767994	0.0535015
ANKFY1	-0.355655	9.75015E-05	0.127078	0.0449288	-0.494514	-0.179325
ANKRD11	-0.980544	5.89229E-05	0.323905	0.114518	-1.40429	-0.475566
ANKRD12	-0.498089	0.00142222	0.277022	0.0979421	-0.922531	-0.0774306
ANKRD52	-0.10957	0.0140832	0.0953962	0.0337276	-0.274604	0.00732422
ANXA2	-0.294352	0.00166485	0.168348	0.0595201	-0.459556	0.0795759
ANXA7	-0.379687	5.70765E-06	0.0880659	0.031136	-0.500971	-0.243982
AP1G1	-0.168856	0.00599664	0.122863	0.0434385	-0.3911	-0.0267356
AP4E1	-0.178363	0.000580113	0.0850364	0.0300649	-0.295757	-0.034849
APC	-0.360925	0.00394472	0.242003	0.085561	-0.711279	-0.0729415
APLP2	-0.812696	0.000604946	0.390197	0.137955	-1.1124	-0.0298543
APOL4	-1.44025	2.6224E-06	0.297696	0.105251	-1.98962	-1.08181
APOL6	-2.28658	3.73031E-06	0.497908	0.176037	-2.93593	-1.64212
APPBP2	-0.856187	3.54498E-06	0.185035	0.0654197	-1.10715	-0.629044
APPL2	-0.362215	0.00395081	0.242939	0.085892	-0.797511	0.00176972
ARF1	-0.312088	0.0035375	0.204965	0.072466	-0.533543	0.00446226
ARFGEF1	-0.454823	4.74587E-06	0.102639	0.0362883	-0.60639	-0.308599
ARFGEF2	-0.315768	5.12332E-06	0.0720734	0.0254818	-0.433707	-0.199102
ARHGAP5	-0.555486	1.58836E-05	0.150192	0.0531009	-0.769463	-0.334974
ARHGAP35	-0.138938	0.0137174	0.12026	0.0425184	-0.293795	0.0646956
ARID1B	-0.190972	0.000537536	0.0898937	0.0317822	-0.374231	-0.0990959
ARID3A	-0.474075	2.18939E-05	0.134559	0.0475738	-0.692382	-0.291247
ARID4B	-0.552444	0.00107609	0.292628	0.10346	-0.828518	-0.129421
ARL4C	-0.95335	4.56952E-05	0.302798	0.107055	-1.39083	-0.577532
ARL6IP1	-0.215511	0.00234947	0.131165	0.0463739	-0.370496	0.00337158
ARL6IP5	-0.201456	8.71456E-05	0.0707266	0.0250056	-0.289669	-0.103922
ARL8B	-0.375055	0.023021	0.365934	0.129377	-0.954695	-0.0761002
ARRDC3	-1.03368	9.80813E-05	0.369686	0.130704	-1.6221	-0.501499
ASAP2	-0.737708	2.8065E-06	0.154017	0.0544534	-0.939288	-0.532421
ASB1	-0.728794	1.52644E-05	0.195872	0.0692513	-0.978217	-0.400023
ASCC2	-0.627927	1.32628E-05	0.165226	0.0584164	-0.835134	-0.401248
ATF6	-1.11278	4.68346E-09	0.0918786	0.032484	-1.26493	-1.01846
ATF7	-0.438224	0.0172768	0.399592	0.141277	-1.04914	0.169476
ATG3	-0.167015	0.0168367	0.151392	0.0535253	-0.321023	0.0671625
ATG12	-0.469053	0.00422703	0.318701	0.112678	-0.954897	-0.053664
ATG14	-0.647552	3.79679E-07	0.100851	0.0356562	-0.790677	-0.501768
ATG2B	-0.40391	0.000118773	0.148872	0.052634	-0.674067	-0.196166
ATP11A	-0.724403	0.000358779	0.318915	0.112754	-1.20459	-0.291284
ATP11B	-0.917253	3.62393E-06	0.19888	0.0703145	-1.18542	-0.650252
ATP11C	-0.310726	0.000140583	0.117621	0.0415854	-0.498524	-0.200349
ATP2B4	-1.36579	1.95906E-08	0.138533	0.0489789	-1.58788	-1.15947
ATP2C1	-0.56689	9.00249E-06	0.140739	0.0497587	-0.840764	-0.433309
ATP6AP2	-0.364697	2.10974E-05	0.102934	0.0363925	-0.499144	-0.231969
ATP6V0E1	-0.488344	2.76968E-05	0.143655	0.0507896	-0.698743	-0.290711
ATXN1	-0.888987	1.03123E-06	0.160194	0.0566372	-1.0649	-0.634942
ATXN3	-0.582432	4.74637E-05	0.186074	0.065787	-0.826302	-0.2686
AZIN1	-0.25378	4.74181E-05	0.081065	0.0286608	-0.390531	-0.142194
B2M	-1.13758	1.02918E-06	0.20493	0.0724537	-1.49457	-0.952891
B4GALT1	-0.877177	4.72892E-09	0.0725263	0.0256419	-0.960255	-0.752652
B4GALT3	-0.471018	2.22579E-05	0.134027	0.0473855	-0.599508	-0.169019
B4GALT5	-0.229698	0.000148546	0.0877131	0.0310112	-0.345637	-0.0720248
BAG5	-0.252169	0.00102948	0.132553	0.0468645	-0.372265	-0.0287011
BAZ1B	-0.483809	0.000424476	0.218975	0.0774192	-0.771773	-0.162201
BAZ2B	-0.46857	5.80802E-05	0.154439	0.0546023	-0.710514	-0.245512
BCL3	-1.0951	1.91775E-05	0.304648	0.107709	-1.38574	-0.561883
BCL11A	-0.803783	0.000289644	0.341702	0.12081	-1.25922	-0.166575
BCL7A	-0.183531	0.00936959	0.146311	0.0517289	-0.37127	0.0180216
BMI1	-0.387728	2.30724E-05	0.11093	0.0392198	-0.556628	-0.193099
BNIP1	-0.535139	3.51646E-05	0.163267	0.0577236	-0.824005	-0.298864
BNIP3L	-0.551441	9.56132E-05	0.19643	0.0694486	-0.886945	-0.305082
BOD1L	-0.188576	0.000101294	0.0677844	0.0239654	-0.250385	-0.0332652
BRAF	-0.149985	0.0178072	0.137719	0.0486911	-0.372828	-0.00361827
BRD4	-0.75588	2.23496E-06	0.152598	0.0539515	-0.949583	-0.505874
BRPF3	-0.377003	0.000952163	0.195521	0.0691271	-0.68397	-0.139647
BRWD1	-0.633604	5.87611E-05	0.20921	0.073967	-0.938333	-0.335941
BSDC1	-0.441199	0.00381571	0.293955	0.103929	-0.737885	0.108056
BTBD7	-0.934094	1.21219E-06	0.172358	0.0609378	-1.14708	-0.598134
BTN2A1	-0.613169	5.11536E-06	0.139922	0.04947	-0.816744	-0.364676
BTN2A2	-0.204903	0.000524101	0.0960446	0.0339569	-0.361027	-0.0951231
BTN3A2	-0.49936	0.00128136	0.272683	0.0964078	-0.89801	-0.118241
C10orf118	-0.325004	6.75923E-05	0.10967	0.0387741	-0.452917	-0.190377
C10orf140	-0.926447	5.19406E-05	0.300123	0.10611	-1.29658	-0.498453
C11orf54	-0.372257	1.03666E-05	0.0943928	0.0333729	-0.499845	-0.240971
C12orf28	-2.5579	9.56951E-07	0.455912	0.161189	-3.54668	-2.08461
C12orf35	-0.770552	4.51021E-07	0.123054	0.0435062	-0.920914	-0.60583
C12orf51	-0.359036	0.0031934	0.231295	0.0817753	-0.783099	-0.0366175
C13orf23	-0.335904	0.00144871	0.18743	0.0662664	-0.589048	-0.119005
C14orf1	-0.924547	0.0002306	0.378794	0.133924	-1.5245	-0.414081
C14orf28	-0.871781	0.000263793	0.365027	0.129056	-1.4942	-0.494514
C14orf43	-0.618676	7.53568E-07	0.106484	0.0376478	-0.761909	-0.441751
C14orf135	-0.548215	2.58934E-05	0.159622	0.0564348	-0.766069	-0.327914
C14orf166	-0.380566	0.000142622	0.144388	0.0510488	-0.619888	-0.23355
C15orf17	-0.841617	0.000381292	0.374241	0.132314	-1.28171	-0.125119
C19orf10	-0.492916	2.04631E-07	0.0701726	0.0248098	-0.633062	-0.412222
C19orf42	-0.270552	0.00268318	0.168735	0.0596568	-0.468943	0.0438957
C19orf43	-0.225131	0.00532405	0.159993	0.0565659	-0.414602	0.0281075
C1orf9	-0.479965	1.35638E-05	0.126721	0.0448025	-0.634385	-0.220761
C20orf3	-0.736653	4.57597E-05	0.234022	0.0827394	-1.01574	-0.434923
C20orf112	-1.60092	8.21997E-06	0.392082	0.138622	-1.9889	-0.800649
C2orf18	-1.04674	3.96896E-10	0.0606647	0.0214482	-1.13877	-0.959805
C2orf49	-0.388406	0.000175964	0.152375	0.0538726	-0.637341	-0.210192
C5orf28	-0.599172	0.000397887	0.268309	0.0948615	-1.00604	-0.292972
C5orf30	-0.204679	0.0229046	0.199457	0.0705186	-0.564157	0.0193183
C5orf32	-1.48746	1.87006E-08	0.149868	0.0529862	-1.7199	-1.33013
C6orf48	-1.57341	2.06147E-07	0.224234	0.0792787	-1.85396	-1.22283
C6orf62	-0.662885	5.32245E-06	0.152162	0.0537974	-0.923935	-0.470825
C7orf43	-0.638168	0.000010129	0.161258	0.0570133	-0.809062	-0.381691
C9orf91	-0.705758	4.12755E-05	0.220679	0.0780217	-0.999167	-0.408081
CA13	-0.850823	1.19139E-06	0.156595	0.0553647	-1.09954	-0.61592
CALCOCO1	-0.408791	0.00108658	0.2169	0.0766858	-0.631049	0.0327086
CALCRL	-0.990735	1.99143E-05	0.277193	0.0980027	-1.41733	-0.572605
CANT1	-0.320929	0.000695193	0.157742	0.0557701	-0.602279	-0.0748178
CANX	-0.174646	0.000700113	0.0859438	0.0303857	-0.306227	-0.0537794
CAPRIN2	-1.75218	9.56239E-07	0.312269	0.110404	-2.13192	-1.25803
CARD8	-1.15658	7.14646E-07	0.19753	0.0698374	-1.31393	-0.780493
CARD16	-2.39186	9.09412E-05	0.845347	0.298875	-3.39492	-1.24303
CASC4	-0.31455	2.52032E-05	0.0912104	0.0322478	-0.431865	-0.132987
CASD1	-1.10023	6.78982E-07	0.186506	0.0659399	-1.35066	-0.839177
CASP3	-0.324026	0.000498235	0.150605	0.0532471	-0.519379	-0.125506
CASP7	-0.685081	0.000209125	0.276301	0.0976871	-1.00814	-0.300427
CASP10	-0.316234	0.00124667	0.171856	0.0607603	-0.511503	-0.0251368
CAST	-0.98374	8.66577E-10	0.0637627	0.0225435	-1.06019	-0.89801
CAV1	-0.49905	0.00254756	0.308278	0.108993	-0.771447	0.0305299
CBFA2T2	-0.74941	0.0046013	0.517606	0.183002	-1.29737	0.0811372
CBFB	-0.226198	2.09542E-05	0.0637771	0.0225486	-0.285523	-0.0965925
CCDC6	-0.316792	0.000602725	0.152006	0.0537423	-0.590708	-0.153896
CCDC88A	-0.466486	1.33939E-05	0.122928	0.0434617	-0.60322	-0.264023
CCND2	-0.682968	0.000954793	0.354368	0.125288	-1.10776	-0.194666
CCNG2	-0.820418	9.45362E-06	0.205178	0.0725413	-1.02994	-0.503559
CCNL1	-0.183338	1.11912E-05	0.0470257	0.0166261	-0.275515	-0.123825
CD59	-0.671294	0.000212733	0.271486	0.0959849	-1.15587	-0.343588
CD97	-0.632195	4.34438E-05	0.199239	0.0704416	-0.955288	-0.359734
CD2BP2	-0.390278	0.000692877	0.19172	0.0677831	-0.692972	-0.158192
CDADC1	-0.344175	0.0204153	0.326293	0.115362	-0.751421	0.0925534
CDC37L1	-0.138007	6.6445E-06	0.0327428	0.0115763	-0.198307	-0.0938572
CDK6	-0.557114	0.000161911	0.215677	0.0762534	-0.847386	-0.302112
CDK19	-1.10617	1.41527E-08	0.10707	0.037855	-1.26089	-0.94765
CDKN3	-0.332147	0.0156898	0.296281	0.104751	-0.653856	0.0153322
CDKN1A	-0.398679	0.000839999	0.202365	0.0715467	-0.706317	-0.0565664
CDKN1B	-0.369978	0.000026615	0.108177	0.0382463	-0.524225	-0.246027
CDS1	-0.46983	0.000709452	0.231724	0.0819267	-0.744579	-0.0802884
CDS2	-0.501996	0.000023332	0.143867	0.0508647	-0.747589	-0.363413
CDV3	-0.274439	0.000208699	0.110648	0.03912	-0.489039	-0.143785
CEP68	-0.452339	0.000384131	0.201387	0.071201	-0.820376	-0.150455
CEP120	-0.172813	0.0140072	0.150277	0.0531311	-0.343381	0.0755497
CFLAR	-0.270028	0.00360325	0.177962	0.062919	-0.413772	0.0137498
CHD2	-0.537016	4.06566E-05	0.167527	0.0592297	-0.720811	-0.249139
CHD7	-0.28206	0.0012616	0.153604	0.0543071	-0.451234	-0.0485093
CHD9	-0.493657	0.0250697	0.491766	0.173866	-1.03688	0.218883
CHIC2	-0.58835	0.000319054	0.254091	0.0898348	-0.918063	-0.173297
CHURC1	-2.01384	4.27976E-05	0.633208	0.223873	-3.36093	-1.45373
CLCC1	-0.451419	1.33207E-05	0.11886	0.0420233	-0.570005	-0.221642
CLCN3	-0.843176	0.000002874	0.176656	0.0624573	-1.02156	-0.573332
CLCN4	-0.572061	8.14007E-05	0.198708	0.0702539	-0.865439	-0.347675
CLEC16A	-0.475076	9.16626E-06	0.118264	0.0418125	-0.630199	-0.312431
CLIC4	-1.56248	6.80675E-09	0.136128	0.0481283	-1.72873	-1.2856
CLIP1	-0.391575	1.29601E-07	0.0521741	0.0184463	-0.461868	-0.329113
CLSTN1	-0.241224	0.0226126	0.234342	0.0828525	-0.43754	0.157686
CMPK1	-0.393974	9.08221E-05	0.139213	0.0492191	-0.582048	-0.234233
CMTM6	-0.157609	0.00354383	0.103546	0.0366089	-0.248964	0.0675566
CNOT4	-0.142087	0.0112523	0.117774	0.0416394	-0.315146	0.0304108
CNOT6	-0.539565	0.000106497	0.195482	0.0691132	-0.825513	-0.292416
CNTRL	-1.12755	3.55439E-06	0.243775	0.0861876	-1.48798	-0.730881
COBLL1	-0.436132	0.000155201	0.167707	0.0592933	-0.723008	-0.21521
COG5	-0.513664	2.46315E-07	0.0751213	0.0265594	-0.617751	-0.415624
COL27A1	-1.04144	1.66553E-07	0.1439	0.0508763	-1.3091	-0.924703
COL4A5	-0.681887	4.64906E-06	0.15341	0.0542385	-0.932394	-0.476318
COL4A3BP	-0.536077	8.42432E-07	0.0937834	0.0331574	-0.699896	-0.415077
COPZ1	-0.248649	0.00438436	0.17014	0.0601535	-0.435093	0.0434856
COX11	-0.450043	5.86096E-05	0.148541	0.0525171	-0.647466	-0.258018
CPEB2	-2.444	2.04052E-05	0.686324	0.242652	-3.55568	-1.44936
CPEB3	-0.929784	6.24621E-05	0.309926	0.109576	-1.3091	-0.503144
CPEB4	-0.869872	3.54418E-05	0.265711	0.093943	-1.19403	-0.387912
CREB3L4	-0.421942	0.00157654	0.23899	0.0844958	-0.697266	-0.108368
CREBBP	-0.796973	1.04195E-06	0.143831	0.050852	-0.936675	-0.532647
CREBZF	-0.334915	0.00156407	0.189431	0.0669739	-0.554586	0.00228118
CREG1	-0.608124	1.8508E-08	0.0611798	0.0216303	-0.696202	-0.505739
CSDE1	-0.226828	0.00944038	0.181114	0.0640336	-0.478867	-0.015557
CSGALNACT2	-0.3286	0.000299748	0.140475	0.0496655	-0.568324	-0.119212
CSNK1A1	-1.4958	1.48258E-07	0.203224	0.0718506	-1.77391	-1.21222
CSNK1G3	-0.0869672	0.0128909	0.0742502	0.0262514	-0.187963	-0.00226499
CSNK2A1	-0.385911	0.00185439	0.225014	0.0795544	-0.569205	0.105278
CSRNP2	-0.433192	0.000234078	0.177912	0.0629013	-0.734791	-0.206524
CSRP1	-0.617723	4.21768E-06	0.136981	0.0484299	-0.870925	-0.448113
CTNNA1	-0.58501	3.85075E-06	0.127988	0.0452506	-0.78141	-0.426929
CTSC	-0.393104	7.12561E-05	0.133743	0.0472853	-0.681551	-0.269081
CTSL2	-0.193863	5.81239E-06	0.0450871	0.0159407	-0.258987	-0.119489
CUX1	-0.538354	0.000139067	0.203437	0.0719259	-0.921604	-0.292922
CXCR4	-1.35266	1.98589E-05	0.378296	0.133748	-1.98359	-0.657394
CXCR7	-0.630421	0.0114444	0.52446	0.185425	-1.44957	0.238422
CYLD	-0.234196	0.00150256	0.131524	0.0465008	-0.421275	-0.0850661
CYTH2	-0.591597	0.000023578	0.169817	0.0600392	-0.875272	-0.414764
DAZAP2	-0.649388	0.00130048	0.355529	0.125699	-1.29061	-0.183807
DCAF5	-0.136624	0.00561142	0.0981069	0.034686	-0.339439	-0.0389628
DCAF10	-0.1219	0.0223877	0.118138	0.0417681	-0.342055	0.0386058
DCBLD1	-0.451064	0.019301	0.422014	0.149205	-1.10859	-0.0208427
DCP1A	-0.331074	9.14036E-05	0.117103	0.0414023	-0.489098	-0.205158
DCTN4	-0.123624	0.0173555	0.112844	0.0398964	-0.294549	0.0260984
DCUN1D1	-0.360765	0.0131575	0.309403	0.10939	-0.841673	0.0622197
DGKD	-1.22168	2.05446E-06	0.243594	0.0861235	-1.51937	-0.824309
DICER1	-0.445112	0.000710432	0.219584	0.0776348	-0.756995	-0.135758
DIDO1	-0.440372	7.65591E-05	0.151509	0.0535664	-0.645234	-0.263633
DLG5	-0.250599	1.04276E-05	0.0636001	0.022486	-0.322479	-0.116557
DMWD	-0.154301	0.00435265	0.105434	0.0372765	-0.266894	-0.034849
DMXL1	-0.346748	4.35613E-05	0.109324	0.038652	-0.496787	-0.208071
DNAJB9	-0.715114	2.383E-07	0.104081	0.0367983	-0.857034	-0.581232
DNAJB11	-0.332697	8.10032E-07	0.0578704	0.0204603	-0.396822	-0.241918
DNAJC16	-0.620554	2.65967E-06	0.128534	0.0454437	-0.827201	-0.399786
DNAJC27	-0.256145	0.000385119	0.114087	0.0403359	-0.403444	-0.0567533
DNM1L	-0.863975	0.00389764	0.577974	0.204345	-1.29999	0.121364
DNMT3A	-0.582904	1.79747E-06	0.113963	0.040292	-0.785705	-0.43256
DRAM1	-0.451804	1.01044E-07	0.0580687	0.0205304	-0.523269	-0.358261
DSE	-0.87965	2.73615E-05	0.258284	0.0913173	-1.19719	-0.465223
DSG2	-0.45845	0.000382781	0.20399	0.0721212	-0.607393	-0.028477
DTX3L	-0.621294	1.13637E-05	0.159727	0.0564719	-0.83042	-0.431805
DUSP16	-0.314769	0.00343056	0.20553	0.0726659	-0.591278	0.00287036
DUSP28	-0.29329	0.0191238	0.27381	0.0968063	-0.727818	0.0742268
DVL3	-0.399548	0.00035346	0.175469	0.0620377	-0.584053	-0.034816
DYNC1LI2	-0.116796	0.0239514	0.115057	0.0406788	-0.326872	-0.00443245
DYRK1A	-0.192025	0.00754968	0.146376	0.0517516	-0.359517	0.0215951
EDEM3	-0.65374	9.62638E-06	0.163938	0.0579607	-0.817435	-0.37277
EDF1	-0.674282	1.92302E-07	0.0951308	0.0336338	-0.7967	-0.514369
EEA1	-0.176076	0.000426483	0.0797551	0.0281977	-0.25742	-0.0547053
EEF1A1	-0.694016	0.000392552	0.310089	0.109633	-0.986683	-0.223755
EGR1	-2.80609	2.62667E-07	0.414229	0.146452	-3.34824	-2.1057
EHF	-2.06805	0.000104506	0.747023	0.264112	-3.09487	-1.19619
EIF1	-1.23346	2.00958E-09	0.0901962	0.0318892	-1.36217	-1.11785
EIF5	-0.278168	0.00309475	0.178149	0.0629852	-0.567484	-0.0295598
EIF2AK3	-0.301005	0.000807683	0.151766	0.0536575	-0.586657	-0.100273
EIF2C1	-0.383471	0.00409384	0.258954	0.091554	-0.756121	0.0104837
EIF2C4	-0.346249	0.00776786	0.265483	0.0938624	-0.674409	-0.0579108
EIF2S1	-0.50121	0.00826217	0.389217	0.137609	-1.13132	-0.0553397
EIF4A2	-0.413889	0.00108262	0.219466	0.0775928	-0.602178	-0.0491832
EIF4B	-0.221267	2.59489E-05	0.0644464	0.0227852	-0.317975	-0.119064
EIF4G1	-0.220609	0.0149423	0.194632	0.0688129	-0.503476	0.13554
EIF4G2	-0.361067	0.00143519	0.201137	0.0711126	-0.684189	-0.140821
EIF4G3	-0.195174	0.004751	0.135645	0.0479577	-0.335634	0.046287
ELL	-0.228617	0.00258282	0.141582	0.0500568	-0.409285	-0.0257236
EMP3	-0.508106	3.21835E-07	0.0772531	0.0273131	-0.615131	-0.369551
ENTPD4	-0.235064	0.00339335	0.153171	0.054154	-0.402426	0.00292255
EPB41	-0.875924	2.12171E-06	0.175483	0.0620426	-1.14478	-0.646745
EPDR1	-1.34988	0.000239792	0.556559	0.196773	-2.12775	-0.71815
EPRS	-0.889929	8.96518E-07	0.157111	0.0555472	-1.14015	-0.647068
EPS15	-0.247978	0.000803239	0.124913	0.0441633	-0.471278	-0.0878017
ERBB2IP	-0.87874	5.60886E-06	0.203289	0.0718736	-1.10065	-0.600667
ERLIN2	-0.150378	0.0197096	0.141386	0.0499876	-0.408479	-0.0157874
ERO1L	-0.863189	7.01909E-06	0.206477	0.0730006	-1.17729	-0.654735
ETHE1	-0.256369	0.00123373	0.139068	0.0491681	-0.471244	-0.0554848
ETNK1	-0.1958	0.0101665	0.15881	0.0561478	-0.478741	-0.0505782
ETV6	-0.54238	0.000516408	0.253604	0.0896625	-0.873942	-0.246294
EWSR1	-0.500234	0.000714233	0.247	0.0873278	-0.812097	-0.219622
EXD2	-0.986769	1.65022E-06	0.190513	0.0673564	-1.1814	-0.609206
EXOC6	-0.630863	0.000585026	0.301196	0.106489	-1.11511	-0.290817
EZH1	-0.425579	0.0157038	0.3797	0.134244	-0.941996	0.222083
EZH2	-1.16312	3.77201E-08	0.129658	0.0458409	-1.33834	-0.993675
EZR	-0.599461	3.91111E-05	0.185898	0.0657248	-0.852277	-0.316897
FAF2	-0.506608	2.9126E-06	0.10635	0.0376005	-0.66252	-0.320832
FAM107B	-1.10076	2.08923E-08	0.112691	0.0398421	-1.25646	-0.933723
FAM120C	-0.517773	0.00162576	0.294878	0.104255	-0.963625	-0.0890854
FAM126B	-0.125923	0.00212714	0.0752639	0.0266098	-0.205439	0.00862257
FAM134A	-0.334751	0.00501777	0.235144	0.0831361	-0.597323	0.0601936
FAM135A	-0.456551	4.80945E-06	0.103233	0.0364983	-0.557629	-0.272178
FAM160A2	-0.424784	1.65926E-05	0.115613	0.0408753	-0.568627	-0.241952
FAM169A	-0.815235	3.36394E-07	0.12475	0.0441057	-0.957722	-0.580773
FAM174A	-2.94988	0.000033704	0.894161	0.316133	-4.27865	-1.61826
FAM177A1	-0.784045	6.60154E-06	0.185838	0.0657036	-1.06735	-0.561883
FAM178A	-0.812068	0.0130751	0.695489	0.245893	-1.76788	0.329466
FAM189B	-0.192654	0.0112359	0.159639	0.0564408	-0.334387	0.157869
FAM204A	-1.11955	1.3084E-06	0.208905	0.0738591	-1.3145	-0.655673
FAM46C	-0.71684	0.00125529	0.390034	0.137898	-1.36078	-0.326532
FAM76A	-0.145249	0.0013141	0.0796671	0.0281666	-0.254049	0.00402023
FBXL20	-0.264843	0.0197999	0.249276	0.0881324	-0.552199	0.126505
FBXO11	-0.236713	0.00409414	0.159852	0.0565162	-0.473058	0.0196482
FBXO21	-0.145357	0.00239028	0.0887472	0.0313769	-0.301588	-0.0503146
FEZ2	-0.368245	0.00124575	0.200095	0.0707443	-0.709447	-0.177298
FGD4	-0.547847	0.000289861	0.232928	0.0823524	-0.977025	-0.247845
FGD6	-0.374575	0.000217558	0.152034	0.053752	-0.584172	-0.17637
FLOT1	-0.645248	3.2947E-06	0.137945	0.048771	-0.823031	-0.356377
FNBP4	-0.262342	2.64744E-06	0.0543015	0.0191985	-0.347675	-0.20232
FNDC3A	-0.890875	3.08085E-06	0.188576	0.0666717	-1.20682	-0.658541
FOXJ2	-0.49637	0.000241478	0.204886	0.072438	-0.794681	-0.163502
FOXJ3	-0.199264	0.000664621	0.0971995	0.0343652	-0.320354	-0.0308964
FOXK1	-0.148409	0.00162624	0.084525	0.0298841	-0.309745	-0.0532357
FOXK2	-0.466138	2.00451E-06	0.0926081	0.0327419	-0.662426	-0.332397
FOXO3	-0.900572	4.68267E-07	0.144606	0.0511261	-1.10658	-0.674355
FOXP1	-0.432629	2.79685E-05	0.127455	0.045062	-0.614168	-0.225966
FRMD5	-0.315688	0.0194234	0.295795	0.104579	-0.756714	-0.00430914
FYCO1	-0.559725	8.94649E-06	0.138831	0.049084	-0.76101	-0.312645
FZD5	-0.3669	0.000236718	0.150959	0.0533719	-0.479557	-0.0850297
G3BP1	-0.159767	0.0153639	0.14184	0.0501481	-0.369234	0.0530102
GAB1	-0.200158	0.00817169	0.15508	0.054829	-0.464701	-0.0717307
GADD45A	-1.26578	3.63881E-07	0.195919	0.0692678	-1.66714	-1.04816
GALNT5	-2.50952	1.27437E-05	0.656375	0.232064	-3.52189	-1.65203
GALNT7	-0.193354	0.00237741	0.117935	0.0416962	-0.373114	-0.0349501
GALNT10	-1.11771	0.000013146	0.293713	0.103843	-1.60968	-0.782852
GARS	-1.31914	2.10919E-05	0.372306	0.13163	-1.80605	-0.769636
GATAD1	-0.520116	0.000400311	0.233141	0.0824277	-0.739665	-0.144046
GBP3	-3.016	2.06103E-08	0.308159	0.108951	-3.46336	-2.62292
GFOD1	-1.27324	8.59896E-09	0.114718	0.0405588	-1.44287	-1.10776
GLS	-0.572419	0.0091151	0.453704	0.160409	-1.03468	0.0525511
GLT25D2	-3.16959	2.06678E-07	0.451883	0.159765	-4.00905	-2.74903
GLUL	-1.19488	6.52287E-07	0.201367	0.0711939	-1.53391	-0.956132
GM2A	-0.316823	3.15205E-05	0.0950563	0.0336075	-0.46145	-0.198086
GMEB2	-0.489034	7.79003E-06	0.118812	0.0420065	-0.660345	-0.302374
GNAS	-0.382755	0.000437226	0.174087	0.0615491	-0.649521	-0.116364
GNPNAT1	-0.162494	0.00298279	0.103353	0.0365409	-0.285633	-0.0197312
GNPTAB	-0.897614	8.1266E-07	0.156208	0.0552279	-1.15447	-0.749557
GOLGA1	-0.534828	0.000033168	0.161719	0.0571762	-0.747981	-0.295209
GOPC	-0.426817	3.81175E-05	0.131838	0.0466117	-0.697385	-0.252385
GORAB	-0.160408	0.00275169	0.100509	0.0355355	-0.268811	-0.00750791
GOSR1	-0.184098	0.0137335	0.15939	0.0563529	-0.44219	0.0213162
GPATCH2	-0.202798	0.0163338	0.182559	0.0645444	-0.548472	0.00571357
GPHN	-1.25445	3.66458E-05	0.385149	0.136171	-1.65853	-0.76232
GRPEL2	-0.602738	0.000411983	0.27146	0.0959756	-0.895475	-0.202655
HADHB	-0.417787	3.06385E-06	0.0883629	0.031241	-0.60322	-0.347105
HCFC2	-1.00943	1.13533E-05	0.259477	0.091739	-1.44957	-0.658136
HECTD1	-0.672983	1.16895E-05	0.173752	0.0614305	-0.868784	-0.458469
HECTD2	-0.506035	0.000457188	0.231866	0.081977	-0.903534	-0.234137
HERPUD1	-2.03858	4.38556E-07	0.324226	0.114631	-2.51033	-1.64292
HIF1AN	-0.460446	0.00775072	0.352882	0.124763	-0.834812	0.0388335
HINT3	-1.07188	7.02374E-07	0.182601	0.0645592	-1.43402	-0.855688
HIPK1	-0.565549	0.0119438	0.474866	0.167891	-1.00976	0.260722
HIPK2	-2.07824	6.06115E-07	0.346502	0.122507	-2.52275	-1.63371
HIVEP2	-0.673366	0.000170067	0.262733	0.09289	-1.12842	-0.327914
HLA-B	-3.26887	7.26525E-09	0.287474	0.101637	-3.76933	-2.89295
HMBOX1	-0.652135	3.95119E-06	0.143219	0.0506356	-0.831185	-0.427071
HMGCL	-0.642966	0.0003374	0.280228	0.0990755	-1.01327	-0.228952
HMGCS1	-0.225973	0.00134303	0.124418	0.0439884	-0.442673	-0.0363609
HN1	-1.05505	7.57804E-08	0.130075	0.0459886	-1.28409	-0.8929
HNRNPUL2	-0.554588	0.00110045	0.294907	0.104265	-0.897109	-0.147458
HNRPLL	-0.50194	0.000134245	0.188619	0.0666868	-0.717459	-0.114466
HOMER1	-0.446871	0.00932664	0.355903	0.125831	-0.831442	0.121102
HOOK3	-0.419556	2.86075E-06	0.0878422	0.0310569	-0.519284	-0.294106
HP1BP3	-0.306974	1.76248E-07	0.0427652	0.0151198	-0.371834	-0.240497
HPS4	-0.429414	0.000483857	0.198619	0.0702225	-0.67621	-0.0671254
HSDL1	-0.260837	0.00498941	0.183021	0.0647075	-0.402714	0.13611
HSPA9	-0.573373	6.0688E-08	0.0684576	0.0242034	-0.659913	-0.480147
HSPA13	-1.43565	2.52616E-08	0.151051	0.0534047	-1.75949	-1.27495
HUWE1	-0.430602	0.000352257	0.189001	0.0668219	-0.647068	-0.171096
ICK	-0.596941	0.000222538	0.243173	0.0859746	-0.926306	-0.188367
IER3	-0.989071	1.49666E-07	0.134562	0.047575	-1.24612	-0.847699
IFIH1	-1.17442	9.50917E-08	0.149623	0.0528998	-1.36033	-0.988817
IFNAR1	-1.02483	4.36719E-06	0.228435	0.080764	-1.30363	-0.65406
IGDCC4	-0.363458	0.00797031	0.280157	0.0990505	-0.901767	0.0685786
IGF2R	-1.36234	2.06284E-06	0.271803	0.0960967	-1.59045	-0.888062
IK	-0.126411	0.0116902	0.105648	0.0373524	-0.288747	0.0401795
IKBKB	-0.144188	4.29267E-05	0.0453579	0.0160364	-0.232882	-0.0934474
IKZF1	-0.294952	0.0116366	0.246262	0.0870668	-0.725968	0
IL10	-0.465242	0.000336734	0.202704	0.0716665	-0.819197	-0.19231
IL15	-1.42879	1.00402E-05	0.360563	0.127478	-2.00769	-1.0467
IL6ST	-0.76743	1.37761E-06	0.144288	0.0510135	-0.945637	-0.573634
ILDR1	-0.853099	0.00204972	0.506483	0.179069	-1.46891	-0.235698
INO80D	-0.525696	2.27073E-06	0.106377	0.0376099	-0.689844	-0.351946
INSR	-0.494017	0.003714	0.327458	0.115774	-0.834949	-0.0313874
IQGAP1	-0.296147	4.33104E-06	0.0659296	0.0233096	-0.389928	-0.183025
IRF1	-0.868381	1.42848E-07	0.117347	0.0414885	-1.05445	-0.656165
IRF9	-1.97557	5.79322E-07	0.327219	0.115689	-2.24676	-1.41876
IRS1	-0.224127	7.24112E-05	0.076444	0.027027	-0.313102	-0.0904939
ITFG3	-0.802183	1.59679E-06	0.154128	0.0544924	-0.937678	-0.562781
ITGA5	-1.02955	4.96557E-06	0.233902	0.0826969	-1.27701	-0.560943
ITGAV	-0.704043	4.55956E-08	0.0806595	0.0285174	-0.778677	-0.569911
ITSN1	-0.316898	0.000062413	0.105619	0.0373421	-0.424929	-0.115211
IVD	-0.789932	9.36703E-07	0.140355	0.049623	-1.01628	-0.623988
JAG1	-1.53841	9.07408E-08	0.194674	0.0688277	-1.86159	-1.22829
JHDM1D	-1.78848	6.19018E-06	0.419868	0.148446	-2.26065	-1.16436
JMJD1C	-0.185908	0.0198473	0.175079	0.0618998	-0.524319	0.0506912
JMY	-1.21068	1.38376E-06	0.227775	0.0805305	-1.66546	-0.901195
KANK1	-0.703457	0.00816681	0.544963	0.192674	-1.41876	0.194647
KCNJ2	-1.0657	0.000238019	0.438863	0.155162	-1.79209	-0.577263
KCTD5	-0.129205	0.0217769	0.124389	0.0439782	-0.283003	0.0388335
KCTD20	-0.521734	0.000953235	0.270633	0.0956833	-0.786357	-0.0218906
KDM4A	-0.821196	4.97688E-06	0.18663	0.0659838	-1.07372	-0.483959
KDM6B	-0.783089	0.000277986	0.330689	0.116916	-1.18242	-0.209985
KIAA0090	-0.622535	2.38339E-05	0.17899	0.0632827	-0.928828	-0.379216
KIAA0232	-0.125754	0.00685127	0.093983	0.033228	-0.298748	-0.017839
KIAA0317	-1.18326	2.17238E-06	0.237881	0.0841037	-1.57691	-0.905664
KIAA0776	-0.75833	6.00817E-08	0.0904093	0.0319645	-0.884312	-0.612081
KIAA1211	-1.14326	0.00365053	0.755333	0.26705	-2.77678	-0.357579
KIAA1407	-1.45951	4.55509E-05	0.463337	0.163814	-2.39757	-0.965784
KIAA1549	-0.585212	1.52566E-07	0.0798393	0.0282275	-0.661543	-0.441154
KIAA1826	-0.28992	9.25247E-05	0.102743	0.0363252	-0.477835	-0.155881
KIF21A	-0.590197	9.10129E-05	0.208617	0.0737574	-0.967352	-0.350441
KIF5B	-0.586611	3.10276E-07	0.0887161	0.0313659	-0.665724	-0.446846
KLF2	-1.75746	3.9622E-07	0.275414	0.0973736	-2.30158	-1.38768
KLF3	-0.934756	1.31586E-06	0.174569	0.0617194	-1.33445	-0.750674
KLF6	-0.942072	1.84711E-05	0.260593	0.0921336	-1.2793	-0.591977
KLF9	-1.19202	4.27739E-08	0.135312	0.0478399	-1.45145	-1.03108
KLF12	-1.82715	3.39008E-08	0.200568	0.0709116	-2.0512	-1.45017
KLF13	-1.41546	5.17559E-09	0.118559	0.041917	-1.6009	-1.31251
KLHDC5	-0.229566	0.0115479	0.191353	0.0676534	-0.468043	0.0273096
KLHL3	-0.355163	0.0208537	0.338411	0.119646	-0.761665	0.179888
KLHL5	-0.545193	4.0163E-07	0.0856069	0.0302666	-0.689844	-0.432098
KLHL14	-0.749425	0.0105019	0.612061	0.216396	-1.72873	0.231049
KLHL36	-0.538664	4.70406E-06	0.121399	0.0429212	-0.768596	-0.339672
KPNA4	-0.22593	0.0209967	0.215623	0.0762342	-0.541791	0.0641307
KPNA5	-0.152645	0.0200812	0.144151	0.050965	-0.373667	0.0824287
KPNA6	-0.306837	0.00478974	0.213588	0.0755148	-0.579549	0.128301
KRAS	-0.794644	8.65441E-06	0.196122	0.0693395	-1.03318	-0.458914
KRCC1	-1.39281	1.63259E-07	0.191893	0.0678444	-1.59227	-0.999606
LAMP2	-0.224473	0.000360694	0.0989094	0.0349698	-0.345802	-0.0927797
LAPTM4A	-0.343579	5.10481E-05	0.111005	0.0392462	-0.545433	-0.20241
LARP1	-0.522556	1.10348E-05	0.133752	0.0472883	-0.702214	-0.336111
LCOR	-0.360433	0.00276648	0.226066	0.0799265	-0.635944	-0.0464723
LCORL	-1.3626	0.000033575	0.412785	0.145942	-1.77684	-0.494856
LDLR	-0.849673	2.00636E-08	0.0864799	0.0305753	-0.950984	-0.707448
LEPROTL1	-0.219459	0.00142773	0.12214	0.043183	-0.420847	-0.0401559
LIMD1	-0.74134	0.000794354	0.372724	0.131778	-1.30823	-0.148573
LIN52	-0.647808	8.26885E-05	0.225571	0.0797515	-0.999167	-0.350342
LIN54	-0.141791	0.000664106	0.0691556	0.0244502	-0.214935	-0.0601735
LIPA	-0.462716	0.0015889	0.262449	0.0927897	-0.910088	-0.193231
LRIG2	-0.67702	0.000131164	0.253477	0.0896177	-0.920561	-0.243887
LRP1	-0.81589	0.000242242	0.336945	0.119128	-1.17591	-0.221377
LRRC8B	-0.196235	0.00149282	0.110079	0.0389187	-0.320736	-0.0543612
LRRC8D	-0.993574	4.86983E-07	0.160454	0.0567289	-1.15266	-0.731507
LRRFIP1	-0.781543	4.06149E-07	0.122919	0.0434584	-0.959417	-0.590266
LRRK1	-0.350395	0.000298303	0.149675	0.0529181	-0.643053	-0.192901
LSM14A	-0.19536	0.0093875	0.155804	0.055085	-0.312908	0.0803192
LUC7L2	-0.241557	0.00372145	0.160177	0.056631	-0.444003	-0.0207722
LYSMD1	-0.305712	0.000410519	0.137605	0.0486507	-0.469026	-0.0464984
LYST	-0.625127	1.40635E-07	0.0842846	0.0297991	-0.770519	-0.531219
LZTR1	-0.329788	8.21275E-05	0.114713	0.040557	-0.525595	-0.117672
MACF1	-0.642712	0.000875531	0.328554	0.116161	-1.00976	-0.115905
MAML1	-0.741094	0.000300421	0.316931	0.112052	-1.11327	-0.172455
MAN1A2	-1.77162	1.29288E-06	0.330002	0.116673	-2.1073	-1.33925
MAP3K2	-0.275091	0.0085286	0.215034	0.0760261	-0.515113	0.0153322
MAP3K5	-0.290517	0.000299452	0.124175	0.0439025	-0.487373	-0.141114
MAP7D1	-0.459895	3.80456E-05	0.142014	0.0502096	-0.695761	-0.307827
MAPK1IP1L	-0.180829	0.0025712	0.111894	0.0395605	-0.323631	0.0422475
MARK3	-0.647992	7.07502E-07	0.110507	0.03907	-0.779184	-0.509555
MAT2A	-1.00807	3.66329E-06	0.218921	0.0774002	-1.34935	-0.74373
MAT2B	-0.589966	4.63983E-05	0.187823	0.0664054	-0.846783	-0.354088
MAVS	-0.110327	0.0171009	0.100364	0.0354842	-0.250544	0.0436317
MAX	-0.524553	3.58432E-06	0.113549	0.0401457	-0.632816	-0.293035
MAZ	-0.283614	0.00131735	0.155626	0.055022	-0.539831	-0.0725202
MBIP	-0.88908	3.14155E-08	0.09653	0.0341285	-1.01016	-0.691904
MBNL2	-0.721483	4.88874E-05	0.23155	0.0818653	-0.933064	-0.311357
MBNL3	-0.0597757	0.0175873	0.0547302	0.0193501	-0.163595	-0.000348634
MBOAT7	-0.469836	0.000209115	0.189489	0.0669943	-0.644369	-0.0841434
MCFD2	-0.261918	0.00231911	0.159031	0.0562259	-0.434195	0.00663909
MCL1	-0.446237	4.87064E-05	0.143132	0.0506047	-0.584498	-0.208222
MCM9	-0.911353	7.14786E-05	0.310213	0.109677	-1.34984	-0.551563
MDM4	-0.833616	5.6626E-07	0.137615	0.0486543	-1.02306	-0.606205
MEX3C	-0.637661	7.22454E-05	0.217413	0.076867	-1.04852	-0.423701
MFAP3	-0.365227	0.000222627	0.14879	0.0526054	-0.646355	-0.213548
MFN2	-0.368862	0.000591371	0.176426	0.0623762	-0.557573	-0.137863
MFSD6	-1.28358	1.76885E-06	0.25036	0.0885155	-1.62691	-1.01092
MFSD9	-0.378372	0.0161901	0.339927	0.120182	-0.810098	0.21584
MGEA5	-0.341572	7.75265E-06	0.0829264	0.0293189	-0.506709	-0.236425
MIA3	-0.961976	5.907E-08	0.114407	0.0404491	-1.05628	-0.781762
MICAL3	-0.733919	2.04352E-05	0.206145	0.0728834	-1.09917	-0.404915
MID1IP1	-0.783335	4.11102E-09	0.0634781	0.0224429	-0.887289	-0.692032
MIDN	-0.477872	7.77798E-08	0.0591382	0.0209085	-0.556436	-0.373392
MIER1	-0.161213	3.44543E-05	0.0490314	0.0173352	-0.209552	-0.0560788
MITF	-0.704325	0.000339584	0.307295	0.108645	-1.17019	-0.270938
MKL2	-0.280031	0.00415091	0.189605	0.0670354	-0.591582	-0.0866913
MKNK2	-1.41046	6.97523E-11	0.0637325	0.0225328	-1.50727	-1.338
MKRN1	-0.822778	5.98055E-07	0.136913	0.0484061	-1.04587	-0.640349
MLL2	-0.310945	0.00722996	0.23494	0.0830637	-0.573037	0.0685134
MLL3	-0.769246	7.69993E-07	0.132817	0.0469581	-0.903082	-0.535782
MLL5	-0.327553	0.00218249	0.196694	0.069542	-0.626021	0.0290215
MLL	-1.41886	0.000166667	0.551829	0.195101	-2.12942	-0.343201
MLLT3	-1.08655	4.62122E-06	0.244233	0.0863495	-1.4942	-0.834949
MLLT6	-0.817326	1.67128E-06	0.158093	0.0558944	-1.07504	-0.563383
MMD	-1.11599	1.00899E-07	0.143404	0.0507009	-1.39438	-0.926816
MOBKL1A	-0.336363	0.00361544	0.221822	0.078426	-0.611618	-0.0519632
MON1B	-0.173789	0.00106556	0.0918989	0.0324912	-0.330211	-0.0948726
MPP5	-1.12545	5.13148E-07	0.183142	0.0647505	-1.39375	-0.917519
MPZL3	-0.173325	6.19149E-05	0.0576959	0.0203986	-0.228195	-0.0511618
MSN	-2.44152	1.52966E-10	0.123443	0.0436438	-2.62079	-2.23274
MTAP	-0.386572	0.00628539	0.283934	0.100386	-0.692158	0.135511
MTDH	-0.455895	0.00261737	0.283026	0.100065	-0.838544	0.0309261
MTHFD2	-0.972163	1.42455E-05	0.258574	0.0914196	-1.3129	-0.459038
MTHFR	-0.545903	3.23685E-05	0.164453	0.0581429	-0.747981	-0.288156
MTMR14	-0.44039	4.30365E-06	0.0979495	0.0346304	-0.608779	-0.316512
MTUS1	-0.299876	0.00031994	0.129566	0.0458087	-0.436153	-0.0560449
MXD1	-1.13205	1.8065E-06	0.22149	0.0783085	-1.45988	-0.814147
MXD4	-0.349023	0.00275225	0.218701	0.0773223	-0.717262	-0.0702039
MYC	-0.561881	1.38256E-06	0.105697	0.0373696	-0.6742	-0.347748
MYO9A	-0.511208	2.99671E-05	0.152199	0.0538103	-0.707298	-0.250333
MYSM1	-0.72593	1.30555E-05	0.190562	0.0673738	-1.07325	-0.432252
NAA30	-0.260928	0.00268409	0.162743	0.0575383	-0.527319	-0.0960792
NAB1	-0.656483	3.40933E-06	0.141059	0.0498719	-0.855792	-0.432042
NAPB	-0.469114	0.000119434	0.173056	0.0611844	-0.762681	-0.316704
NAPEPLD	-0.478109	0.000368893	0.211448	0.0747583	-0.740621	-0.127782
NARS	-0.714759	2.11139E-07	0.102218	0.0361395	-0.88056	-0.554096
NBR1	-0.364419	7.51442E-07	0.0626965	0.0221666	-0.44111	-0.25175
NCEH1	-0.604529	0.000770632	0.302375	0.106906	-0.933362	-0.167678
NCOR1	-0.424382	0.00186739	0.247756	0.087595	-0.629044	0.0633163
NDEL1	-0.400336	2.05266E-06	0.0798136	0.0282184	-0.49104	-0.231495
NDNL2	-0.307459	0.00619654	0.225183	0.0796142	-0.628239	0.0451221
NDRG1	-0.323909	2.17708E-05	0.0918581	0.0324767	-0.431738	-0.195264
NDUFA10	-0.685506	0.000155203	0.2636	0.0931967	-1.02732	-0.216683
NEMF	-0.978163	2.63303E-07	0.144445	0.051069	-1.15728	-0.777175
NEO1	-0.84084	5.49205E-05	0.274749	0.0971384	-1.24725	-0.382712
NFIB	-0.86766	4.05921E-05	0.270608	0.0956744	-1.23775	-0.510035
NGRN	-0.360347	0.0026696	0.224526	0.079382	-0.597226	0.0120251
NHLRC3	-0.972556	3.25857E-05	0.293282	0.103691	-1.29399	-0.438094
NIPA1	-0.185107	0.00412749	0.125197	0.0442639	-0.369299	-0.0250516
NIPA2	-0.440231	0.000517067	0.205885	0.0727915	-0.753337	-0.14696
NOM1	-0.560848	0.00167187	0.321005	0.113492	-1.05602	0
NONO	-0.4562	1.27118E-05	0.119276	0.0421704	-0.668861	-0.310387
NPC1	-0.411347	0.00288913	0.260086	0.0919542	-0.73457	0.00902409
NPTN	-0.70318	2.84584E-05	0.20771	0.0734364	-0.83446	-0.208776
NR3C1	-0.844372	2.12746E-05	0.238622	0.0843655	-1.19557	-0.458165
NSA2	-0.275926	0.00299891	0.175678	0.0621115	-0.487311	-0.04441
NSD1	-0.231506	0.00145041	0.129204	0.0456804	-0.415124	-0.0164021
NT5C2	-0.543154	0.000259836	0.226869	0.0802105	-0.812727	-0.137292
NUB1	-0.231464	0.000333275	0.100678	0.0355949	-0.322944	-0.00416986
NUDT4	-0.965836	8.6287E-08	0.121333	0.0428975	-1.11128	-0.768099
NVL	-0.259247	9.85494E-05	0.0927864	0.0328049	-0.436693	-0.154417
OBFC2A	-0.14439	0.020394	0.136854	0.0483852	-0.354447	0.0107866
OCIAD1	-0.665933	3.2792E-07	0.101526	0.0358947	-0.84365	-0.528517
OCRL	-0.33738	0.0154596	0.299944	0.106046	-0.8193	0.082272
ODF2L	-0.300293	0.00150227	0.168638	0.0596226	-0.597226	-0.122103
OGT	-0.395242	7.27243E-09	0.0347636	0.0122908	-0.457689	-0.3594
ORMDL3	-0.192692	0.00173407	0.11101	0.039248	-0.334993	-0.0388939
OTUD4	-0.141117	0.0199527	0.133063	0.0470449	-0.294847	0.0707214
OTUD7B	-0.203191	0.00376669	0.135046	0.047746	-0.367903	0.0114614
PACSIN2	-0.509673	2.04959E-05	0.143223	0.0506369	-0.641632	-0.237072
PAFAH1B2	-0.0902497	0.0222974	0.0873793	0.0308932	-0.224027	0.00795707
PAK2	-0.61505	1.20543E-05	0.159529	0.0564022	-0.859581	-0.361715
PAN3	-0.254876	0.0060409	0.185724	0.0656634	-0.631666	0.0276473
PANK3	-0.477413	5.60014E-05	0.156468	0.0553199	-0.819792	-0.314611
PARP6	-0.327039	0.000435571	0.148653	0.0525566	-0.462415	-0.022299
PARP8	-0.693403	0.000134615	0.260681	0.0921645	-1.13688	-0.342224
PATZ1	-0.320136	0.013543	0.276314	0.0976919	-0.68047	0.00900206
PBXIP1	-1.41154	9.10372E-06	0.351023	0.124105	-1.94589	-0.840032
PCDHB2	-0.384755	6.04591E-05	0.127605	0.045115	-0.565402	-0.239165
PCGF3	-0.280589	0.00639177	0.206785	0.0731097	-0.55477	0.00649095
PCMTD2	-0.361385	0.000233913	0.148403	0.0524685	-0.562075	-0.153697
PDCD4	-0.284211	5.67627E-05	0.0933425	0.0330015	-0.421125	-0.172608
PDE4D	-1.78984	0.000421371	0.809111	0.286064	-3.02824	-0.6885
PDIA6	-0.674146	7.94391E-05	0.233278	0.0824761	-0.924169	-0.229176
PDPR	-0.332623	0.00309927	0.213083	0.0753361	-0.663599	0.0341928
PEBP1	-0.299259	0.000292064	0.127393	0.0450401	-0.417752	-0.0616342
PELI1	-0.761054	2.0291E-07	0.108213	0.038259	-0.983754	-0.629275
PER2	-0.85157	0.000024164	0.245355	0.086746	-1.27064	-0.633809
PERP	-0.392865	1.28068E-05	0.102832	0.0363565	-0.532421	-0.198484
PEX13	-0.492755	0.000896325	0.252912	0.0894177	-0.865603	-0.243946
PGRMC1	-0.279574	0.0186966	0.259631	0.0917936	-0.639691	0.104457
PHF1	-0.209857	0.0238778	0.206577	0.0730359	-0.525853	0.0840817
PHF12	-1.03881	0.00123491	0.5636	0.199263	-1.9325	-0.195292
PHF23	-0.188077	0.00226031	0.113663	0.0401858	-0.348524	-0.0427098
PHF20L1	-0.708665	0.00429023	0.482884	0.170725	-1.0878	0.116336
PHKB	-0.22415	0.000829816	0.113539	0.0401421	-0.462226	-0.116498
PIK3C3	-0.164276	0.017167	0.149574	0.0528825	-0.4035	0.0558958
PIK3C2B	-0.834836	4.05252E-08	0.0940307	0.0332449	-0.986101	-0.713703
PIP4K2C	-0.366813	0.000903819	0.18854	0.066659	-0.575031	-0.0806989
PKP4	-0.92512	0.000018786	0.256559	0.0907074	-1.36033	-0.642642
PLEC	-0.682094	3.4672E-06	0.146927	0.0519467	-0.932683	-0.453955
PLS1	-0.208197	0.0190383	0.194165	0.0686477	-0.564561	-0.027003
PMAIP1	-0.925824	0.000747969	0.460737	0.162895	-1.73349	-0.406195
PNRC1	-0.201431	0.0242389	0.19901	0.0703605	-0.548575	0.0393686
POGZ	-0.674587	9.95513E-05	0.241823	0.0854974	-0.989449	-0.289556
POLI	-0.267302	0.00052835	0.125462	0.0443575	-0.459684	-0.0269238
POLR3D	-0.158719	0.00929217	0.126311	0.0446575	-0.294261	0.0228365
POU2F1	-0.396186	0.000172154	0.154884	0.0547598	-0.593326	-0.205158
POU6F1	-1.17583	0.000819308	0.594298	0.210116	-2.11751	-0.27939
PPAPDC2	-0.125314	0.0243403	0.123934	0.0438173	-0.305138	0.109527
PPARA	-0.599461	0.000509426	0.279658	0.0988742	-0.934657	-0.141919
PPARGC1A	-1.69392	0.000340103	0.739236	0.26136	-2.9404	-0.702072
PPM1B	-0.387199	2.40694E-06	0.0790271	0.0279403	-0.471848	-0.263813
PPP1R15B	-0.395703	0.000454913	0.181162	0.0640505	-0.788937	-0.19672
PPP1R1C	-0.929946	0.0171379	0.846394	0.299246	-2.16481	0.711607
PPP2R5C	-0.21876	0.00271581	0.136739	0.0483444	-0.477175	-0.0381404
PPP3CA	-0.282019	0.00722464	0.213052	0.0753252	-0.648448	-0.0917468
PPPDE2	-0.258917	0.000170175	0.101034	0.0357209	-0.433207	-0.107067
PQLC3	-0.616826	6.09669E-05	0.204837	0.0724206	-0.93518	-0.318577
PREPL	-0.199763	0.000213164	0.0808148	0.0285723	-0.342435	-0.0749445
PRKAA1	-0.655411	2.28297E-06	0.13273	0.0469272	-0.88947	-0.453206
PRKAB2	-1.16824	6.73233E-08	0.141588	0.0500591	-1.34116	-0.905224
PRKAR2A	-0.272519	0.0162384	0.244995	0.0866189	-0.678083	0.0634647
PRPF40A	-0.315654	1.16769E-05	0.0814828	0.0288085	-0.401715	-0.158426
PRR13	-0.390154	0.00122047	0.211242	0.0746852	-0.698515	-0.131516
PRR14L	-0.704288	0.00927192	0.560226	0.19807	-1.3886	0
PRRC1	-0.237087	0.0034302	0.154804	0.0547314	-0.414976	0.00140949
PSAP	-0.828936	0.000162479	0.321087	0.113522	-1.22793	-0.158052
PSAT1	-1.49913	4.63005E-06	0.337067	0.119171	-1.87958	-1.08656
PSMB9	-0.599528	0.00367751	0.396651	0.140237	-1.33925	-0.166822
PTAR1	-0.179615	0.00564677	0.129138	0.0456573	-0.337799	0.0517248
PTEN	-0.212688	0.0138276	0.184422	0.0652032	-0.401248	0.0306349
PTPLB	-0.67493	5.01534E-07	0.109464	0.0387014	-0.810583	-0.518458
PTPN9	-0.597811	2.00393E-05	0.167417	0.059191	-0.835134	-0.274293
PTPN12	-0.859667	3.41401E-08	0.0944625	0.0333975	-1.00403	-0.741811
PTPN13	-3.13891	1.25421E-09	0.214527	0.0758467	-3.39492	-2.84079
PTTG1IP	-0.561215	0.000291411	0.238819	0.0844351	-0.791628	-0.165301
PVRL3	-1.40728	0.000210399	0.568128	0.200864	-2.1724	-0.80467
PWWP2A	-0.473736	0.0145927	0.41574	0.146986	-0.935651	0.0863883
PXK	-0.277823	0.00197879	0.163896	0.0579461	-0.477751	-0.0124827
PYGO2	-0.308198	0.000340974	0.134556	0.0475727	-0.440513	-0.124775
QSOX2	-0.308376	0.000955644	0.16003	0.0565792	-0.477693	0.00880435
RAB10	-0.10171	0.00713901	0.0766509	0.0271002	-0.234	0.005996
RAB21	-0.460304	0.000296694	0.196451	0.0694557	-0.700025	-0.211189
RAB11A	-0.201055	0.00966046	0.161317	0.0570342	-0.458811	-0.0376268
RAB11FIP1	-1.2383	1.74578E-05	0.339624	0.120075	-1.82389	-0.910364
RAB22A	-0.547086	1.23002E-07	0.072345	0.0255778	-0.640015	-0.427585
RAB3GAP2	-0.312184	3.12771E-05	0.0935536	0.0330762	-0.426929	-0.129697
RAB5A	-0.103824	0.00511933	0.0732174	0.0258863	-0.226132	-0.00335436
RAB7A	-0.223621	0.0106506	0.183182	0.0647646	-0.469599	0.0783172
RAB8B	-0.293505	0.00169895	0.168472	0.0595637	-0.571243	-0.113237
RAD52	-0.194216	0.0156132	0.173052	0.0611831	-0.44102	0.0539227
RAG1	-1.15571	0.0001117	0.421862	0.149151	-1.96162	-0.718966
RALGAPB	-0.193741	0.000983744	0.101044	0.0357244	-0.319063	-0.0122049
RALGPS1	-1.33465	1.14596E-07	0.17469	0.0617624	-1.68479	-1.12171
RANBP9	-0.345343	0.000372907	0.153003	0.0540948	-0.577263	-0.150025
RASGRP3	-1.71383	6.06811E-07	0.285793	0.101043	-2.16738	-1.24636
RBBP8	-0.272455	6.61965E-05	0.0916402	0.0323997	-0.430275	-0.163944
RBBP9	-0.205904	0.0251758	0.205328	0.0725945	-0.44121	0.0588366
RBL2	-0.605773	1.13988E-05	0.155809	0.0550867	-0.779072	-0.273414
RBM47	-0.3105	0.000345072	0.135826	0.0480218	-0.504381	-0.154607
RBM4	-0.300041	0.000189514	0.119114	0.042113	-0.500711	-0.142401
RBPJ	-0.296934	1.83212E-05	0.0820358	0.029004	-0.454206	-0.2091
RCOR1	-0.891351	9.98954E-06	0.224767	0.0794671	-1.22074	-0.595415
RCOR3	-0.164408	0.00405159	0.110802	0.0391745	-0.338348	0.0281949
REEP3	-0.474505	0.00440967	0.325046	0.114921	-0.987797	-0.0767721
REEP5	-0.579513	6.72192E-06	0.13773	0.0486947	-0.733719	-0.38733
RELL1	-0.884473	7.0373E-06	0.21165	0.0748296	-1.13153	-0.57708
REV1	-0.393043	0.000727759	0.194691	0.0688335	-0.603325	-0.104583
RFFL	-0.55072	0.000187709	0.218296	0.0771792	-0.748555	-0.195916
RGL2	-0.43535	5.30084E-06	0.0998721	0.0353101	-0.59712	-0.296153
RGP1	-0.168442	0.0117397	0.140904	0.0498173	-0.386848	-0.00138991
RHBDF2	-0.491576	0.00157257	0.278307	0.0983965	-0.814147	0.00117199
RHOBTB3	-1.00429	4.7937E-10	0.0597999	0.0211425	-1.06341	-0.877417
RHPN2	-0.387166	0.00036019	0.170558	0.0603013	-0.668861	-0.223041
RIT1	-1.07564	0.00021219	0.434832	0.153736	-1.56952	-0.47697
RNASEL	-0.494525	0.000143438	0.187794	0.0663953	-0.758772	-0.168884
RNF2	-0.548153	0.000116307	0.201368	0.0711944	-0.748463	-0.22457
RNF44	-0.745723	0.000296367	0.318206	0.112503	-1.22666	-0.296236
RNF141	-0.38846	0.00300275	0.247386	0.0874641	-0.872106	-0.175179
ROCK1	-0.472602	7.00988E-05	0.160381	0.0567031	-0.637982	-0.2447
ROCK2	-0.442568	0.000293169	0.188514	0.0666498	-0.669664	-0.122573
RPF1	-0.176067	0.016317	0.158459	0.0560238	-0.399622	-0.0102484
RPL5	-0.107962	0.00595687	0.0784506	0.0277365	-0.187575	0.010538
RPL13	-0.10014	0.00674238	0.0745981	0.0263744	-0.203778	0.0110092
RPRD2	-0.328846	0.00177961	0.19033	0.0672918	-0.53428	0.0316598
RPS6KA1	-0.276389	0.0250484	0.275273	0.0973236	-0.646745	0.0739023
RREB1	-0.83187	0.00032544	0.360425	0.12743	-1.24171	-0.161733
RRN3	-0.438872	4.37983E-06	0.0978664	0.034601	-0.554947	-0.271138
RSF1	-0.270198	0.000258839	0.112789	0.0398768	-0.440159	-0.131057
RSRC2	-0.440934	0.000012087	0.114414	0.0404515	-0.6299	-0.287901
RTN4	-1.32172	2.65607E-08	0.140072	0.0495231	-1.50194	-1.12268
RUFY2	-0.262911	0.008113	0.203398	0.071912	-0.562781	0.016361
RUNX2	-0.369264	0.0152396	0.32723	0.115693	-0.88679	0
RXRB	-0.588517	6.73022E-05	0.198457	0.0701652	-0.839177	-0.288255
SAMD9	-1.03633	0.000467258	0.476568	0.168492	-1.92329	-0.432907
SAMD4B	-0.372048	0.00333508	0.241641	0.0854331	-0.62837	-0.0394127
SAR1B	-0.596698	0.000217298	0.242143	0.0856106	-0.909553	-0.256941
SBDS	-0.303733	0.00336369	0.197589	0.0698584	-0.571894	-0.046538
SCARB2	-0.700127	3.65372E-07	0.108431	0.0383363	-0.837391	-0.550882
SCD	-1.42336	5.99344E-05	0.471422	0.166673	-1.93762	-0.57922
SCFD1	-0.833387	2.4527E-07	0.121804	0.0430643	-1.03176	-0.623179
SCYL2	-0.352079	8.40171E-05	0.122902	0.0434525	-0.555519	-0.19224
SEC23A	-0.77152	3.64934E-06	0.167455	0.0592042	-0.9791	-0.506403
SEC24A	-0.1578	0.00765102	0.120616	0.0426442	-0.307136	0.0182745
SEC61A1	-0.523887	3.09442E-05	0.156739	0.0554157	-0.71211	-0.186503
SECISBP2L	-0.177255	0.00267062	0.110452	0.0390508	-0.325869	-0.0328953
SEMA7A	-1.06805	2.81994E-05	0.315048	0.111386	-1.57466	-0.787633
SENP2	-0.105182	0.0197825	0.0989789	0.0349943	-0.301015	-0.00648644
SENP6	-0.275208	0.00710891	0.207225	0.073265	-0.728587	-0.0738121
SERINC1	-1.34102	6.74347E-09	0.116677	0.0412515	-1.57365	-1.18834
SERINC3	-1.0862	1.443E-07	0.146998	0.0519715	-1.28574	-0.867698
SESN2	-1.23339	5.63768E-05	0.404652	0.143066	-1.64696	-0.612393
SETD5	-0.779448	0.000390862	0.348014	0.123041	-1.13399	-0.0420663
SETD7	-0.932212	9.12175E-08	0.118053	0.0417382	-1.12945	-0.788708
SETD8	-0.215237	0.000453801	0.0985003	0.0348251	-0.397931	-0.0721883
SETDB1	-0.313953	0.000414169	0.141521	0.0500352	-0.465868	-0.100902
SFT2D2	-0.344079	0.0161103	0.308771	0.109167	-0.839531	-0.0189245
SGPP1	-0.854656	2.93854E-07	0.128236	0.0453383	-1.07347	-0.691022
SH3BGRL2	-1.29089	1.10883E-08	0.120639	0.0426523	-1.49288	-1.10838
SH3BP2	-1.25577	3.02183E-05	0.374348	0.132352	-1.78334	-0.45436
SHC1	-0.246383	0.000194059	0.0981838	0.0347132	-0.389251	-0.0738644
SIDT1	-1.39663	0.000200841	0.559634	0.19786	-1.98359	-0.383188
SIRT3	-0.20078	5.55605E-05	0.0657237	0.0232368	-0.261717	-0.0674345
SIX4	-1.62444	0.000498918	0.7552	0.267003	-2.80925	-0.738486
SKIV2L	-0.285616	0.00271008	0.178459	0.0630946	-0.592059	0.0263589
SLAMF7	-0.916258	0.00507924	0.645159	0.228098	-2.13326	-0.409547
SLC16A4	-3.62334	3.24197E-08	0.395185	0.139719	-4.13792	-3.07544
SLC16A6	-0.742061	0.00497328	0.52035	0.183972	-1.64417	-0.164917
SLC19A2	-0.406091	0.000299958	0.173623	0.0613848	-0.613096	-0.128464
SLC20A1	-0.31048	0.000408646	0.139646	0.0493722	-0.476357	-0.0890854
SLC26A11	-0.452743	0.00353624	0.297321	0.105119	-0.872518	-0.0603423
SLC31A1	-0.179182	0.0115072	0.149241	0.0527648	-0.366962	0.0966308
SLC35D1	-0.697101	5.61167E-05	0.228542	0.0808018	-1.02511	-0.336506
SLC35F2	-0.610613	1.58136E-05	0.164987	0.0583318	-0.788708	-0.319743
SLC36A1	-0.400072	0.000322241	0.17306	0.061186	-0.654656	-0.209054
SLC37A3	-0.473986	8.52363E-08	0.0594388	0.0210148	-0.553358	-0.382593
SLC38A1	-1.09534	3.96105E-05	0.340335	0.120327	-1.46187	-0.560892
SLC38A2	-1.85474	1.87041E-05	0.514028	0.181736	-2.30158	-0.957949
SLC39A9	-0.840812	1.24687E-05	0.219198	0.077498	-1.14083	-0.559753
SLC39A14	-0.814342	3.201E-07	0.123717	0.0437404	-1.04744	-0.658541
SLC3A2	-1.30347	9.45371E-06	0.325986	0.115253	-1.56952	-0.631179
SLC41A3	-0.209721	0.00141757	0.116573	0.0412149	-0.368327	-0.0889959
SLC4A7	-0.215436	0.00531574	0.153055	0.0541133	-0.389928	0.0294335
SLC7A5	-1.14006	1.29822E-05	0.299021	0.10572	-1.45783	-0.640551
SLMAP	-0.769014	0.000076809	0.264712	0.0935898	-0.987871	-0.344356
SLMO2	-0.310852	1.51959E-05	0.0834886	0.0295177	-0.433707	-0.17303
SMEK1	-0.329779	5.05952E-06	0.0751314	0.026563	-0.447093	-0.215418
SMG7	-0.530996	0.00092359	0.273945	0.0968542	-0.856029	-0.0672491
SMURF1	-0.208621	0.00219945	0.125452	0.0443542	-0.384335	-0.053506
SNX5	-0.506476	7.14892E-07	0.0865041	0.0305838	-0.614765	-0.392256
SNX11	-0.173515	0.0080504	0.134023	0.0473843	-0.370378	0.0151498
SNX18	-0.5323	0.000102517	0.191698	0.0677756	-0.901767	-0.224722
SNX27	-0.466354	0.00103874	0.24552	0.0868043	-0.840764	-0.0328088
SNX29	-0.0931546	0.0203906	0.0882893	0.031215	-0.200125	0.0435191
SOCS4	-0.240722	0.00710207	0.181222	0.0640717	-0.517453	-0.0282657
SOS1	-0.305756	0.00140919	0.169777	0.0600251	-0.520118	-0.0487263
SOX12	-1.21722	0.00204024	0.722056	0.255285	-2.69312	-0.311908
SP100	-0.506048	1.73595E-07	0.0703437	0.0248702	-0.62938	-0.385057
SPAG9	-0.291686	0.000931003	0.15069	0.0532769	-0.5263	-0.1391
SPATS2	-0.165832	0.00573893	0.119612	0.0422892	-0.318672	-0.0181635
SPRED1	-0.424363	8.75635E-06	0.104918	0.0370943	-0.570474	-0.267343
SPTBN1	-1.19049	6.90455E-07	0.2023	0.0715239	-1.45275	-0.873442
SQSTM1	-1.06565	5.88439E-06	0.248295	0.0877855	-1.40733	-0.752539
SRGAP2	-0.765262	5.78509E-08	0.0907386	0.0320809	-0.887587	-0.638356
SRSF6	-1.3766	9.95677E-06	0.346959	0.122668	-1.82274	-0.899836
SSB	-0.146176	0.0166975	0.132251	0.0467579	-0.312713	0.0823575
SSFA2	-0.379325	0.0035755	0.249628	0.0882567	-0.64599	0.00672441
SSR1	-0.142849	0.00846178	0.111481	0.0394144	-0.325809	0.0245074
STAM2	-0.342464	0.00148231	0.191866	0.0678349	-0.706473	-0.0619345
STAT3	-0.474603	4.78109E-05	0.151795	0.0536678	-0.653929	-0.21521
STAT6	-0.459171	0.000114393	0.168239	0.0594816	-0.675155	-0.198086
STIM2	-0.396078	0.00279182	0.248843	0.0879794	-0.76311	-0.02014
STK38	-0.383865	0.00158188	0.217554	0.0769171	-0.601819	0.0102102
STK17B	-0.377906	0.00179548	0.219073	0.0774541	-0.642266	0.0186401
STK38L	-1.09393	3.42058E-08	0.120237	0.0425103	-1.3432	-0.931443
STRN3	-0.921827	3.30889E-05	0.278636	0.0985128	-1.28761	-0.441837
STXBP3	-0.196152	0.00876518	0.154204	0.0545195	-0.447093	-0.00919817
SUV420H2	-0.345458	0.00260441	0.214269	0.0757556	-0.62361	-0.0546716
SYNJ2	-0.655709	0.0111416	0.542353	0.191751	-1.49037	0.0370264
SYPL1	-0.310661	0.000136205	0.117008	0.0413687	-0.49328	-0.142587
SYT1	-0.620072	0.00488206	0.433239	0.153173	-1.28016	-0.0862596
TAB2	-0.227204	0.000100606	0.0815818	0.0288435	-0.31805	-0.0817663
TANC1	-0.723573	5.73158E-07	0.11966	0.0423063	-0.945541	-0.57273
TANC2	-0.961219	3.36948E-07	0.147124	0.0520162	-1.09172	-0.634288
TANK	-0.804896	8.88961E-06	0.199451	0.0705165	-1.06941	-0.557629
TAOK3	-0.626457	3.43303E-06	0.134745	0.0476396	-0.813386	-0.420512
TAP2	-1.43412	6.42949E-05	0.480188	0.169772	-2.24838	-0.925404
TBC1D14	-0.162068	0.000224753	0.0661264	0.0233792	-0.234913	-0.0511618
TBC1D25	-0.382148	0.00160316	0.217096	0.0767551	-0.702306	-0.00236321
TBCCD1	-0.294912	0.00177784	0.170659	0.0603372	-0.471169	-0.0380845
TBL1XR1	-0.308929	9.40011E-05	0.109752	0.038803	-0.500492	-0.163719
TBRG1	-0.538331	2.92051E-07	0.0807012	0.0285322	-0.673563	-0.435769
TCP11L2	-2.16835	2.62042E-06	0.448142	0.158442	-2.85097	-1.49836
TET2	-0.27547	0.00116949	0.148042	0.0523408	-0.486057	-0.0600157
TET3	-1.36417	0.00302038	0.869701	0.307486	-2.69882	-0.122573
TGOLN2	-0.379764	7.8587E-07	0.0657656	0.0232517	-0.467574	-0.297562
THRAP3	-0.084871	0.0114985	0.0706779	0.0249884	-0.142698	0.0250712
TIMM9	-0.408737	0.000414914	0.184302	0.0651605	-0.772457	-0.173253
TJP2	-0.583997	0.000290241	0.248351	0.0878052	-0.814724	-0.0508224
TK2	-1.28317	6.35631E-06	0.302433	0.106926	-1.7608	-0.798374
TLE3	-0.197151	0.000580202	0.0939963	0.0332327	-0.336319	-0.0729891
TM7SF3	-0.352165	0.000537431	0.165764	0.0586066	-0.559563	-0.076222
TM9SF3	-0.185925	0.0108069	0.152779	0.0540155	-0.329038	0.0445571
TMBIM1	-0.887551	2.86593E-05	0.262452	0.0927907	-1.19548	-0.426118
TMBIM4	-0.298187	0.00187435	0.174199	0.0615887	-0.625773	-0.0488801
TMBIM6	-0.780124	2.2303E-08	0.0806204	0.0285036	-0.947504	-0.690492
TMC7	-0.298159	0.00393065	0.199781	0.0706333	-0.529973	0.0196793
TMCC1	-0.237382	0.000158225	0.0915618	0.032372	-0.357054	-0.0904939
TMCO1	-0.228796	4.95205E-05	0.0735749	0.0260126	-0.32437	-0.130463
TMED5	-0.294366	0.00397729	0.197685	0.0698924	-0.587426	-0.0605826
TMEM2	-1.54962	1.44061E-07	0.209661	0.0741265	-1.82726	-1.24566
TMEM19	-0.419837	0.00839558	0.327111	0.115651	-0.88166	0.057157
TMEM64	-0.421632	0.000475715	0.19447	0.0687556	-0.629673	-0.0275481
TMEM127	-0.176501	0.01256	0.149835	0.0529746	-0.387283	0.0222591
TMEM129	-0.744275	3.89943E-07	0.116366	0.0411415	-0.933876	-0.594865
TMEM164	-0.655279	3.58475E-05	0.200511	0.0708912	-1.00268	-0.390379
TMEM181	-0.757254	7.19078E-08	0.0926554	0.0327586	-0.891124	-0.624838
TMEM209	-0.180341	0.000112501	0.0659033	0.0233003	-0.263711	-0.0797108
TMEM214	-0.496063	4.62189E-07	0.0795021	0.0281083	-0.604901	-0.369072
TMEM161B	-0.197264	0.00840936	0.153748	0.0543583	-0.436003	-0.00574893
TMEM30A	-0.290852	0.00386681	0.194277	0.0686873	-0.558461	0.00823632
TMEM39A	-0.657753	2.26346E-05	0.187639	0.0663403	-0.919327	-0.330211
TMEM50A	-0.40291	4.49911E-06	0.090206	0.0318926	-0.524872	-0.285167
TMEM87A	-1.12319	3.87073E-09	0.0902348	0.0319028	-1.23517	-0.992934
TMOD3	-0.351018	0.000607516	0.168653	0.0596278	-0.679618	-0.188505
TMSB10	-0.419975	0.000163827	0.162891	0.0575907	-0.654373	-0.175019
TNFAIP3	-1.32304	3.11283E-07	0.200185	0.070776	-1.67675	-1.03971
TNFRSF10B	-0.737926	7.74678E-06	0.179132	0.0633328	-0.897754	-0.44316
TNIP2	-0.41767	0.00145287	0.233171	0.0824386	-0.727445	0.0119369
TNKS2	-0.35988	0.00939745	0.287077	0.101497	-0.722262	0.125273
TNKS1BP1	-0.882223	8.59786E-06	0.217523	0.0769061	-1.15447	-0.540672
TOLLIP	-0.420268	8.52661E-05	0.147044	0.051988	-0.630772	-0.224844
TOMM20	-0.186027	0.00301482	0.118558	0.0419166	-0.322524	0.038645
TOX4	-0.467096	0.000154596	0.179502	0.0634635	-0.766069	-0.280013
TPM4	-0.795224	1.52361E-07	0.10847	0.0383499	-0.918635	-0.610578
TPT1	-0.452006	1.23991E-06	0.0836807	0.0295856	-0.565884	-0.291673
TRAK1	-0.764887	8.89178E-06	0.189544	0.0670138	-1.16183	-0.640648
TRIB3	-3.63342	0.000032006	1.09269	0.386323	-4.62439	-1.82152
TRIM4	-0.212559	0.000164014	0.0824578	0.0291532	-0.336198	-0.0863244
TRIM8	-0.661907	7.19637E-07	0.11316	0.0400082	-0.844471	-0.529634
TRIM13	-0.246	0.000223846	0.100307	0.0354638	-0.404256	-0.130382
TRIM26	-0.329867	0.00426923	0.224559	0.0793937	-0.616203	-0.00795982
TRIO	-0.237457	3.04702E-05	0.0708764	0.0250586	-0.361634	-0.117928
TRUB1	-0.428716	0.00077719	0.214746	0.0759241	-0.695632	-0.143351
TSC1	-0.75594	2.06092E-06	0.150798	0.0533152	-1.01812	-0.543067
TSC22D2	-0.699838	0.000178516	0.275184	0.0972923	-1.2288	-0.349307
TSC22D3	-2.40617	0.000681572	1.17872	0.416741	-3.61922	-0.580134
TSEN15	-0.616395	0.000130282	0.230533	0.0815057	-1.03206	-0.327348
TSPYL1	-0.360705	0.000377661	0.160142	0.0566189	-0.599607	-0.168556
TST	-0.428531	0.000160178	0.165614	0.0585535	-0.707703	-0.257099
TSTD2	-0.461324	0.000103759	0.166452	0.0588498	-0.590613	-0.0925858
TTC37	-0.131274	0.0073571	0.0995391	0.0351924	-0.265504	0.0426293
TXNDC12	-0.171007	0.00524941	0.121191	0.0428476	-0.333105	0.0379529
TYW5	-0.5507	2.44251E-06	0.112641	0.0398246	-0.699644	-0.360476
UAP1L1	-0.238944	0.00435853	0.163313	0.0577398	-0.428336	0.00629614
UBAC2	-0.22881	0.0112165	0.189528	0.0670081	-0.370452	0.172962
UBE2Z	-0.312888	0.0170824	0.284565	0.100609	-0.713399	0.112211
UBE4A	-0.139161	0.00160494	0.0790721	0.0279562	-0.238612	-0.0174069
UBN1	-0.239017	0.0021295	0.142889	0.050519	-0.422686	-0.070329
UBP1	-0.35337	5.06835E-06	0.0805269	0.0284706	-0.494062	-0.257518
UBQLN1	-0.303921	0.00629745	0.223313	0.0789531	-0.652467	-0.0477112
UBTD2	-0.224266	0.00849106	0.175144	0.0619229	-0.499618	-0.039098
UCHL3	-0.15947	0.00954147	0.127618	0.0451197	-0.406494	-0.0155386
UFM1	-0.33622	0.000455702	0.153974	0.0544379	-0.5919	-0.195151
UGCG	-0.30386	0.0107467	0.249391	0.0881729	-0.562439	0.0909475
UGT8	-0.62006	0.00108418	0.32887	0.116273	-0.980414	-0.259156
UHRF2	-0.254256	0.0110412	0.209892	0.0742081	-0.470315	0.0674723
UHRF1BP1	-0.952441	5.10786E-05	0.307748	0.108805	-1.40877	-0.582299
UNC5CL	-2.01142	1.42742E-06	0.380153	0.134404	-2.55258	-1.52
UPF1	-0.175553	0.00265277	0.109256	0.0386279	-0.318117	-0.0288242
UPF3B	-0.693481	2.69493E-06	0.143919	0.0508831	-0.84461	-0.382987
USP3	-0.497278	5.82191E-06	0.115681	0.0408995	-0.672055	-0.358878
USP22	-0.315062	0.001088	0.167206	0.0591163	-0.524574	-0.0541591
USP25	-0.309634	0.000544055	0.146043	0.0516341	-0.499331	-0.0297244
USP34	-0.365391	0.00220637	0.219851	0.077729	-0.676036	0.00740496
USP49	-0.717014	0.00906018	0.567592	0.200674	-1.49342	0.16277
USP53	-0.903927	8.52006E-06	0.222572	0.0786911	-1.37378	-0.62451
UXS1	-0.339337	6.6457E-07	0.0573428	0.0202737	-0.392765	-0.229683
VAMP3	-0.221932	0.0192752	0.207574	0.0733885	-0.526874	-0.0031803
VAMP4	-0.749012	5.61391E-05	0.245576	0.0868241	-1.16056	-0.334206
VANGL1	-0.225394	0.00180691	0.13081	0.0462484	-0.378705	-0.000548749
VEGFA	-1.49254	1.43322E-06	0.282255	0.0997921	-1.7857	-1.04224
VEZT	-1.07347	5.11111E-09	0.0897528	0.0317324	-1.17307	-0.90822
VGLL4	-0.308381	8.05633E-06	0.0752993	0.0266223	-0.392689	-0.141114
VKORC1L1	-0.190103	0.00110296	0.101129	0.0357544	-0.349594	-0.0677628
VPS13A	-0.195351	0.00151829	0.109912	0.0388596	-0.32259	0.00255479
VPS37A	-0.11517	0.0221937	0.111382	0.0393794	-0.245349	0.0649127
VPS37C	-0.311793	0.000599248	0.149462	0.0528428	-0.514067	-0.0780631
VTI1B	-0.313507	0.000374728	0.13901	0.0491473	-0.496133	-0.105399
WAC	-0.703242	3.01472E-07	0.105911	0.0374451	-0.802056	-0.508035
WASL	-0.52352	0.000138816	0.197775	0.0699239	-0.801288	-0.211877
WDR6	-0.530957	0.000263043	0.222216	0.0785654	-0.815617	-0.224221
WDR11	-0.576042	5.52834E-06	0.132976	0.0470142	-0.783558	-0.408701
WDR20	-0.680955	5.5673E-06	0.157359	0.0556349	-0.888777	-0.487553
WDR26	-0.445223	0.000383102	0.198131	0.07005	-0.627192	-0.0756623
WDR27	-1.19332	8.06869E-05	0.413934	0.146348	-1.92329	-0.447931
WDR43	-0.259253	0.00797984	0.199884	0.0706697	-0.552919	0.0371123
WIPF2	-0.319402	2.73249E-06	0.0664216	0.0234836	-0.408614	-0.202187
WNK1	-0.391971	0.00226761	0.237023	0.0838003	-0.733268	-0.0418178
WSB2	-1.10625	1.94682E-05	0.308454	0.109055	-1.52355	-0.680943
WTAP	-0.796201	0.000210301	0.321407	0.113634	-1.36914	-0.436834
WWC1	-0.388364	2.19153E-05	0.110248	0.0389785	-0.587881	-0.244315
WWTR1	-0.193935	0.00785337	0.149033	0.0526911	-0.339853	0.0726077
XIAP	-0.31674	0.000149938	0.121131	0.0428261	-0.519825	-0.172811
XPNPEP1	-0.294351	2.00791E-05	0.0824581	0.0291533	-0.442673	-0.210338
YARS	-0.98976	1.25348E-05	0.258233	0.0912993	-1.34386	-0.486934
YEATS4	-0.225968	3.89833E-05	0.0700392	0.0247626	-0.313572	-0.0892428
YIPF4	-0.170133	0.014687	0.14952	0.0528634	-0.412222	0.072861
YIPF5	-0.280464	0.0101929	0.227604	0.0804703	-0.548991	0.0740523
YIPF6	-0.365998	0.000476367	0.168849	0.059697	-0.579954	-0.141407
YME1L1	-0.314352	0.000533287	0.147774	0.0522461	-0.556557	-0.0669828
YPEL2	-1.54028	1.66997E-05	0.419624	0.14836	-2.20982	-0.944362
YPEL5	-0.731549	1.26291E-06	0.135799	0.0480121	-0.901959	-0.567099
YTHDF1	-0.813575	5.67343E-07	0.134344	0.0474979	-1.01492	-0.578791
YWHAB	-0.527975	3.69288E-06	0.114796	0.0405865	-0.704342	-0.416899
YWHAZ	-0.264547	0.000918501	0.136352	0.0482078	-0.472386	-0.0812662
YY1	-0.332183	0.000149476	0.126974	0.0448921	-0.479086	-0.100987
ZAK	-0.365968	1.01091E-05	0.0924489	0.0326856	-0.50944	-0.252939
ZBED4	-0.256804	6.69352E-05	0.0865248	0.0305911	-0.391202	-0.141783
ZBTB1	-1.50407	2.61072E-06	0.310683	0.109843	-1.83439	-1.11616
ZBTB4	-0.566295	8.13691E-07	0.0985682	0.0348491	-0.717378	-0.400662
ZBTB6	-0.540001	0.000414798	0.243478	0.0860825	-0.895475	-0.12767
ZBTB20	-2.62385	5.29375E-05	0.852497	0.301403	-3.99663	-1.66374
ZBTB47	-0.548855	1.18956E-05	0.142077	0.0502317	-0.736655	-0.389818
ZC3H6	-1.59166	0.000066984	0.536339	0.189624	-2.19636	-0.673635
ZC3H13	-0.107883	0.0200733	0.10187	0.0360166	-0.252835	0.0581378
ZC3H14	-0.318081	1.71147E-05	0.0869777	0.0307513	-0.429843	-0.211284
ZC3H15	-0.143737	0.00191829	0.0843211	0.029812	-0.251945	-0.0229645
ZC3H11A	-0.276721	2.75708E-05	0.0813457	0.02876	-0.343287	-0.0986376
ZCCHC7	-0.677916	4.38596E-08	0.0772323	0.0273058	-0.780708	-0.569735
ZCCHC8	-0.6162	0.000647767	0.299279	0.105811	-1.02776	-0.148467
ZDHHC5	-0.416657	1.68658E-05	0.113681	0.0401923	-0.576382	-0.232373
ZDHHC11	-1.00239	1.50269E-05	0.268767	0.0950235	-1.4685	-0.628959
ZDHHC17	-0.233394	0.0091575	0.18517	0.0654673	-0.560759	0.0151498
ZEB2	-0.380151	0.00613031	0.277825	0.0982258	-0.950293	-0.181869
ZFAND1	-0.805551	4.19761E-08	0.091194	0.0322419	-1.01065	-0.731039
ZFAND3	-0.330649	6.85632E-07	0.0561298	0.0198449	-0.41057	-0.241467
ZFP91	-0.297195	3.37982E-05	0.0901235	0.0318635	-0.459345	-0.173901
ZFP36L1	-0.866743	2.99903E-06	0.18274	0.0646082	-1.11706	-0.601722
ZFYVE26	-0.74595	8.15096E-06	0.182461	0.0645098	-0.986884	-0.503828
ZKSCAN5	-0.457258	0.00344992	0.298886	0.105672	-0.7608	0.000442098
ZMPSTE24	-0.275471	0.0056868	0.198334	0.0701215	-0.524981	-0.0532041
ZMYM2	-0.297794	0.00321207	0.192053	0.067901	-0.534838	-0.0131346
ZMYM4	-0.0986805	0.00720964	0.074517	0.0263457	-0.187473	-0.0021596
ZNF2	-0.251957	0.00342299	0.164448	0.0581411	-0.477571	0.0207005
ZNF133	-0.663512	6.62911E-05	0.223221	0.0789206	-0.853603	-0.298629
ZNF146	-0.240215	0.011455	0.19988	0.0706681	-0.536196	0.0224034
ZNF197	-0.299773	0.0060811	0.21873	0.0773327	-0.548184	0.076483
ZNF202	-0.857955	3.88867E-05	0.265824	0.093983	-1.22985	-0.401302
ZNF226	-0.42506	3.91087E-05	0.131813	0.046603	-0.620395	-0.242178
ZNF282	-0.541051	0.00012429	0.200853	0.0710122	-0.738012	-0.228734
ZNF295	-0.710065	1.56206E-05	0.191504	0.0677069	-1.03896	-0.406382
ZNF330	-0.492708	4.36222E-05	0.155377	0.054934	-0.620435	-0.185956
ZNF410	-0.684308	1.81123E-07	0.0957103	0.0338387	-0.800839	-0.544304
ZNF436	-0.0926116	0.0135843	0.0799884	0.0282802	-0.230956	0.0160882
ZNF441	-0.16593	0.00432897	0.113261	0.0400438	-0.373172	-0.000743582
ZNF462	-0.211406	0.00126673	0.115209	0.0407326	-0.338405	0.0224829
ZNF493	-0.55597	0.000119846	0.205208	0.0725521	-0.772245	-0.144793
ZNF516	-0.632086	0.000907	0.325085	0.114935	-1.09647	-0.0104705
ZNF562	-0.415818	0.00243921	0.25482	0.0900926	-0.845085	-0.0851152
ZNF594	-0.586847	0.000185913	0.232258	0.0821157	-1.04411	-0.291159
ZNF605	-0.213976	0.00102907	0.112469	0.0397638	-0.399381	-0.0695089
ZNF614	-0.344564	0.0252185	0.343744	0.121532	-0.859237	0.100424
ZNF621	-0.684762	1.44033E-07	0.0926449	0.0327549	-0.850086	-0.557071
ZNF627	-0.210174	0.0228912	0.204782	0.0724014	-0.60107	0.0615515
ZNF655	-0.290939	0.000055693	0.0952714	0.0336835	-0.444798	-0.172292
ZNF664	-0.486701	0.000523815	0.228111	0.0806493	-0.796818	-0.19488
ZNF673	-1.53099	0.000769143	0.765521	0.270653	-2.47862	-0.542544
ZNF747	-0.214031	0.0159047	0.191509	0.0677087	-0.428459	0.118825
ZNF264	-0.730988	4.20422E-05	0.229215	0.0810398	-0.972345	-0.337799
ZNF33A	-0.156173	0.00330757	0.101275	0.0358061	-0.317601	0.0123185
ZNF419	-1.26074	0.000573332	0.599886	0.212092	-1.92329	-0.331233
ZNFX1	-0.299842	0.00346384	0.19614	0.0693461	-0.626106	0.0146471
ZRANB1	-0.326795	0.00844165	0.254907	0.0901233	-0.778432	0.0129073
ZSWIM6	-0.467369	5.72252E-06	0.108445	0.0383411	-0.611705	-0.310309
