GENE ID	Common	Symbol	AT-MSC	AT-MSC-Hepa	Liver	Hepatocyte	Fold change AT-MSC-Hepa/AT-MSC
176	NM_013227	AGC1	300.6	0.5	0.65	1	0
27006	NM_020637	FGF22	5.49	0.01	0.1	1	0
1016	NM_004934	CDH18	78.98	0.15	0.17	1	0
83895	NM_031957	KRTAP1-5	1551.11	2.99	1.74	1	0
1404	NM_001884	HAPLN1	525.76	1.22	1.38	1	0
6469	NM_000193	SHH	3.39	0.01	0.13	1	0
3036	NM_001523	HAS1	93.79	0.4	0.5	1	0
54742	NM_017527	LY6K	158.73	0.7	1.96	1	0
79801	NM_024745	SHCBP1	22.32	0.17	0.19	1	0.01
6751	NM_001049	SSTR1	48.87	0.49	13.05	1	0.01
3833	NM_002263	KIFC1	3.77	0.04	0.04	1	0.01
222663	NM_152753	SCUBE3	85	0.98	0.29	1	0.01
150468	NM_152515	CKAP2L	14.53	0.18	0.19	1	0.01
54443	NM_018685	ANLN	12.63	0.16	0.09	1	0.01
85477	NM_033128	SCIN	93.48	1.15	1.41	1	0.01
4314	NM_002422	MMP3	5.1	0.06	0.02	1	0.01
29998	NM_015711	GLTSCR1	2.92	0.04	0.19	1	0.01
	A_32_P4882		4.45	0.06	0.07	1	0.01
332	NM_001012271	BIRC5	7.44	0.1	0.08	1	0.01
8482	NM_003612	SEMA7A	3.9	0.06	0.01	1	0.01
9890	NM_014839	LPPR4	17.21	0.27	2.74	1	0.02
57405	NM_020675	SPBC25	10.28	0.16	0.09	1	0.02
54478	NM_019013	FAM64A	16.94	0.26	0.18	1	0.02
2297	NM_004472	FOXD1	2.31	0.04	0.22	1	0.02
64399	NM_022475	HHIP	383.84	6.57	45.48	1	0.02
4001	NM_005573	LMNB1	3.36	0.06	1	1	0.02
	ENST00000321925		66.64	1.19	1.84	1	0.02
8111	BC098567	GPR68	760.85	13.86	7.47	1	0.02
9787	NM_014750	DLG7	45.53	0.85	0.29	1	0.02
8710	NM_003784	SERPINB7	11.42	0.22	0.28	1	0.02
130576	NM_177964	LOC130576	45.36	0.89	1.15	1	0.02
55165	NM_018131	CEP55	29.91	0.61	0.13	1	0.02
1058	NM_001809	CENPA	8.43	0.17	0.21	1	0.02
27129	NM_014424	HSPB7	269.63	5.62	1.7	1	0.02
50863	NM_016522	HNT	53.21	1.14	1.28	1	0.02
	ENST00000338956		1.71	0.04	0.26	1	0.02
83540	NM_145697	CDCA1	30.02	0.66	0.34	1	0.02
81851	NM_030967	KRTAP1-1	9.69	0.21	0.89	1	0.02
81610	NM_030919	FAM83D	4.31	0.1	0.38	1	0.02
4288	NM_002417	MKI67	25.07	0.58	1.13	1	0.02
55872	NM_018492	PBK	13.36	0.31	0.04	1	0.02
440072	NM_001007543	C11orf37	4.19	0.1	0.3	1	0.02
22871	NM_014932	NLGN1	45.45	1.07	1.36	1	0.02
81930	NM_031217	KIF18A	45.23	1.09	1.3	1	0.02
10974	NM_006829	C10orf116	1.08	0.03	1.6	1	0.02
56256	NM_019605	SERTAD4	94.36	2.32	1.42	1	0.02
891	NM_031966	CCNB1	5.98	0.15	0.15	1	0.03
79019	NM_001002876	CENPM	3.37	0.08	0.1	1	0.03
	AK025430		1.96	0.05	0.29	1	0.03
51512	NM_016426	GTSE1	4.45	0.11	0.16	1	0.03
	U52054		117.16	3.02	19.22	1	0.03
	A_24_P84711		14.83	0.38	0.23	1	0.03
	AK021425		4.27	0.11	0.14	1	0.03
	A_32_P182135		6.35	0.17	0.91	1	0.03
	A_32_P152696		10.8	0.29	0.24	1	0.03
221687	NM_152737	RNF182	118.57	3.25	1.3	1	0.03
157570	NM_001017420	ESCO2	6	0.17	0.35	1	0.03
10112	NM_005733	KIF20A	13.71	0.38	1.08	1	0.03
11065	NM_181803	UBE2C	7.16	0.2	0.1	1	0.03
9055	NM_003981	PRC1	6.63	0.19	0.17	1	0.03
699	NM_004336	BUB1	9.97	0.28	0.14	1	0.03
7083	NM_003258	TK1	4.71	0.13	0.4	1	0.03
4603	X66087	MYBL1	11.56	0.33	1.86	1	0.03
	NM_178838		41	1.18	1.41	1	0.03
	AK128714		36.59	1.05	8.26	1	0.03
3161	NM_012484	HMMR	17.72	0.51	0.34	1	0.03
54345	NM_018419	SOX18	1.49	0.04	0.32	1	0.03
	BE503874		1.38	0.04	0.29	1	0.03
	THC2438621		35.93	1.07	1.39	1	0.03
	A_24_P482124		1.67	0.05	0.26	1	0.03
2305	NM_202002	FOXM1	8.2	0.25	0.12	1	0.03
2044	BX537946	EPHA5	14.45	0.44	0.56	1	0.03
89958	NM_178448	C9orf140	5.04	0.16	0.51	1	0.03
	THC2438492		8.16	0.26	0.33	1	0.03
221476	NM_153370	PI16	16.36	0.52	1.65	1	0.03
5179	NM_006211	PENK	160.93	5.13	1.34	1	0.03
284266	NM_213602	CD33L3	12.14	0.39	0.83	1	0.03
2952	NM_000853	GSTT1	0.31	0.01	3.21	1	0.03
995	NM_001790	CDC25C	6.2	0.2	0.22	1	0.03
26585	NM_013372	GREM1	2207.91	72.1	8.28	1	0.03
11004	NM_006845	KIF2C	7.88	0.26	0.91	1	0.03
221150	BC013418	C13orf3	8.12	0.27	0.13	1	0.03
2134	NM_004455	EXTL1	10.02	0.34	0.4	1	0.03
54821	NM_001009954	FLJ20105	9.9	0.34	0.36	1	0.03
55355	NM_018410	DKFZp762E1312	4.49	0.16	0.05	1	0.03
205860	NM_173553	FLJ25801	33.82	1.19	1.34	1	0.04
	AB058770		13.4	0.47	0.18	1	0.04
6899	NM_080647	TBX1	2.24	0.08	0.42	1	0.04
4751	NM_002497	NEK2	26.51	0.94	1.14	1	0.04
6241	NM_001034	RRM2	2.8	0.1	0.03	1	0.04
170690	AB095949	ADAMTS16	3.38	0.12	0.25	1	0.04
284598	AK096928	FLJ39609	34.01	1.25	1.37	1	0.04
6941	NM_007109	TCF19	3.94	0.15	0.17	1	0.04
5347	NM_005030	PLK1	6.64	0.25	0.12	1	0.04
23397	NM_015341	BRRN1	3.81	0.14	0.13	1	0.04
9133	NM_004701	CCNB2	10	0.38	0.08	1	0.04
	AK027610		1.44	0.05	1.12	1	0.04
	BQ333643		2.24	0.08	0.29	1	0.04
5999	NM_005613	RGS4	430.26	16.34	2.35	1	0.04
115572	NM_052943	FAM46B	4.34	0.17	0.86	1	0.04
	A_32_P124773		1.93	0.07	1.34	1	0.04
	BC017721		9.33	0.36	3.8	1	0.04
64096	NM_022139	GFRA4	1.43	0.06	0.3	1	0.04
9768	NM_014736	KIAA0101	9.9	0.39	0.17	1	0.04
24137	NM_012310	KIF4A	7.26	0.28	0.11	1	0.04
1365	NM_001306	CLDN3	1.65	0.06	0.65	1	0.04
9212	NM_004217	AURKB	2.16	0.09	0.09	1	0.04
3575	NM_002185	IL7R	94.7	3.76	146.17	1	0.04
79156	NM_024310	PLEKHF1	2.35	0.09	0.31	1	0.04
	A_24_P365349		11.48	0.46	0.53	1	0.04
	AA719641		30.19	1.2	8.54	1	0.04
114757	NM_134268	CYGB	6.08	0.25	1.08	1	0.04
	THC2394165		28.87	1.18	1.35	1	0.04
57491	AB033060	AHRR	177.2	7.32	1.26	1	0.04
1063	NM_016343	CENPF	46.52	1.93	0.36	1	0.04
55388	NM_182751	MCM10	3.66	0.15	0.11	1	0.04
	BC009749		1.93	0.08	0.36	1	0.04
55635	NM_017779	DEPDC1	18.89	0.8	0.4	1	0.04
	ENST00000335534		3.8	0.16	0.2	1	0.04
7272	NM_003318	TTK	9.74	0.41	0.21	1	0.04
8438	NM_003579	RAD54L	2.26	0.1	0.04	1	0.04
22801	NM_001004439	ITGA11	104.22	4.42	0.98	1	0.04
2312	NM_002016	FLG	15.35	0.65	1.37	1	0.04
220134	NM_145060	C18orf24	5.19	0.22	0.23	1	0.04
151648	NM_001012409	SGOL1	5.18	0.22	0.26	1	0.04
64151	NM_022346	HCAP-G	9.23	0.4	0.1	1	0.04
	A_24_P195400		1.59	0.07	0.29	1	0.04
	A_32_P64004		6.82	0.3	0.86	1	0.04
6932	NM_003202	TCF7	10.41	0.46	1.04	1	0.04
388125	NM_001007595	NLF2	1.23	0.05	0.31	1	0.04
11113	NM_007174	CIT	6.68	0.3	1.21	1	0.04
57687	NM_020927	KIAA1576	68.86	3.07	1.39	1	0.04
7153	NM_001067	TOP2A	21.69	0.98	0.1	1	0.05
50515	NM_018413	CHST11	34.51	1.56	4.88	1	0.05
161198	NM_175060	CLEC14A	148.44	6.74	124.85	1	0.05
10744	NM_006607	PTTG2	10.95	0.5	0.23	1	0.05
144699	NM_152441	FBXL14	0.86	0.04	0.29	1	0.05
154075	NM_001017373	SAMD3	35.88	1.64	1.39	1	0.05
983	NM_001786	CDC2	7.85	0.36	0.13	1	0.05
9232	NM_004219	PTTG1	12.83	0.61	0.16	1	0.05
3589	NM_000641	IL11	8.71	0.41	0.54	1	0.05
	A_32_P9737		7.83	0.38	1.61	1	0.05
284403	NM_173636	WDR62	1.52	0.07	0.39	1	0.05
3624	NM_002192	INHBA	45.59	2.22	1.7	1	0.05
113179	NM_138422	LOC113179	2.51	0.12	0.47	1	0.05
2151	NM_004101	F2RL2	354.14	17.27	1.36	1	0.05
286333	AK127516	C9orf109	38.39	1.88	1.5	1	0.05
4620	NM_017534	MYH2	24.33	1.19	1.35	1	0.05
	ENST00000315255		0.99	0.05	0.3	1	0.05
	A_24_P306896		7.46	0.37	0.46	1	0.05
2624	NM_032638	GATA2	6.4	0.32	1.51	1	0.05
	A_24_P705167		2.67	0.14	0.32	1	0.05
	THC2317587		14.97	0.76	0.98	1	0.05
5764	NM_002825	PTN	545.45	27.82	26.27	1	0.05
5787	NM_002837	PTPRB	47.62	2.43	117.19	1	0.05
50615	NM_181078	IL21R	13.62	0.7	2.39	1	0.05
	ENST00000299502		9.8	0.51	0.59	1	0.05
5308	NM_153426	PITX2	670.91	34.92	1.39	1	0.05
80830	BC047864	APOL6	0.23	0.01	0.92	1	0.05
	THC2346243		67.72	3.54	1.35	1	0.05
	AK128714		4.43	0.23	2.13	1	0.05
7782	NM_013309	SLC30A4	4.79	0.25	2.73	1	0.05
	BC094794		66.07	3.54	0.5	1	0.05
259266	NM_018136	ASPM	18.15	0.97	0.31	1	0.05
	AI345640		1.55	0.08	0.09	1	0.05
10460	NM_006342	TACC3	3.2	0.17	0.43	1	0.05
5891	NM_014226	RAGE	25.05	1.35	0.82	1	0.05
284739	NM_207349	LOC284739	1.38	0.07	0.29	1	0.05
890	NM_001237	CCNA2	7.63	0.41	0.12	1	0.05
144455	NM_203394	E2F7	23.08	1.26	0.89	1	0.05
9493	NM_138555	KIF23	9.23	0.51	0.34	1	0.05
	BC035669		2.09	0.11	0.35	1	0.06
991	NM_001255	CDC20	4.46	0.25	0.18	1	0.06
	AK001116		19.5	1.08	1.28	1	0.06
8318	NM_003504	CDC45L	1.67	0.09	0.09	1	0.06
2555	NM_000807	GABRA2	18.99	1.05	1.38	1	0.06
	CR620567		19.39	1.08	2.44	1	0.06
	BX537432		19.2	1.07	1.38	1	0.06
8324	NM_003507	FZD7	1201.74	67.24	7.84	1	0.06
64689	NM_031899	GORASP1	0.94	0.05	0.74	1	0.06
9824	NM_014783	ARHGAP11A	10.2	0.57	0.26	1	0.06
55143	NM_018101	CDCA8	3.1	0.18	0.12	1	0.06
	D31828		1.08	0.06	0.3	1	0.06
8000	NM_005672	PSCA	5.67	0.32	1.12	1	0.06
55714	AK001336	ODZ3	466.94	26.89	8.09	1	0.06
4223	NM_005924	MEOX2	23.38	1.35	1.35	1	0.06
	THC2266257		18.38	1.06	2.61	1	0.06
22974	NM_012112	TPX2	4.73	0.27	0.25	1	0.06
3832	NM_004523	KIF11	22.55	1.31	1.53	1	0.06
3777	NM_002246	KCNK3	0.95	0.06	0.3	1	0.06
84665	NM_032578	MYPN	6.04	0.36	0.32	1	0.06
	AK095300		1.73	0.1	0.43	1	0.06
26255	AF095289	PTTG3	6.87	0.41	0.42	1	0.06
9319	NM_004237	TRIP13	2.14	0.13	0.13	1	0.06
3162	NM_002133	HMOX1	9.06	0.54	6.54	1	0.06
79000	NM_024037	C1orf135	1.97	0.12	0.12	1	0.06
	S75105		18.02	1.08	1.23	1	0.06
79968	NM_024908	WDR76	3.05	0.18	0.18	1	0.06
120146	XM_495891	TRIM64	17.56	1.06	1.39	1	0.06
158038	NM_152570	LRRN6C	15.84	0.96	1.1	1	0.06
10024	NM_005480	TROAP	5.65	0.34	0.6	1	0.06
196883	NM_139247	ADCY4	60.51	3.69	18.09	1	0.06
	AV749257		2.94	0.18	0.23	1	0.06
	AK001903		58.7	3.61	1.76	1	0.06
	AK124396		149.28	9.24	112.3	1	0.06
83956	AF334184	RACGAP1P	3.54	0.22	0.22	1	0.06
646960	ENST00000273011	LOC646960	0.87	0.05	0.25	1	0.06
	NM_178838		49.07	3.09	1.33	1	0.06
8038	NM_003474	ADAM12	154.76	9.77	1.1	1	0.06
147841	NM_182513	SPBC24	2.94	0.19	0.16	1	0.06
113091	NM_178449	TIP39	1.01	0.06	0.36	1	0.06
80215	AK024509	C21orf96	5.05	0.32	1.18	1	0.06
	AK021443		9.44	0.6	0.69	1	0.06
5055	NM_002575	SERPINB2	16.73	1.07	1.32	1	0.06
51203	NM_016359	NUSAP1	6.71	0.43	0.45	1	0.06
5332	NM_000933	PLCB4	18.37	1.17	2.35	1	0.06
	A_24_P460195		0.93	0.06	0.15	1	0.06
9585	NM_016195	MPHOSPH1	20.34	1.32	1.78	1	0.06
4312	NM_002421	MMP1	73.48	4.77	0.09	1	0.06
150271	AK098753	C22orf35	4.21	0.28	2.25	1	0.07
153688	ENST00000354543	DKFZp586C0721	132.67	8.74	8.14	1	0.07
26027	NM_147161	ACOT11	3.95	0.26	0.33	1	0.07
4861	NM_002517	NPAS1	5.27	0.35	0.13	1	0.07
	THC2430017		1147.02	76.31	1.85	1	0.07
154822	BC013024	LOC154822	16.52	1.1	1.36	1	0.07
56776	NM_020066	FMN2	134.11	8.98	1.28	1	0.07
65061	NM_139158	ALS2CR7	18.1	1.22	2.26	1	0.07
57214	NM_018689	KIAA1199	1018.84	68.68	0.92	1	0.07
2859	NM_005301	GPR35	0.69	0.05	0.15	1	0.07
	AK125961		87.28	5.93	4.17	1	0.07
22891	NM_014951	ZNF365	107.3	7.3	1.4	1	0.07
3196	NM_016170	TLX2	1.62	0.11	0.46	1	0.07
55359	NM_018423	STYK1	16.55	1.13	1.41	1	0.07
3231	NM_024501	HOXD1	19.3	1.33	0.93	1	0.07
10733	NM_014264	PLK4	14.36	0.99	0.89	1	0.07
10721	NM_006596	POLQ	8.02	0.55	0.83	1	0.07
2825	NM_005279	GPR1	53.9	3.77	1.28	1	0.07
	THC2319755		18.15	1.27	1.37	1	0.07
	A_32_P48279		38.08	2.68	4.13	1	0.07
	AI476245		17.5	1.23	3.37	1	0.07
90381	NM_152259	C15orf42	3.4	0.24	0.1	1	0.07
197196	NM_153238	TMEM148	2.43	0.17	0.41	1	0.07
1821	NM_001939	DRP2	4.22	0.3	0.82	1	0.07
	ENST00000233161		151.3	10.78	1.38	1	0.07
	THC2376844		27.5	1.96	1.32	1	0.07
1059	NM_001810	CENPB	1.5	0.11	0.52	1	0.07
7223	NM_016179	TRPC4	119.31	8.54	1.4	1	0.07
	BC011779		9.61	0.69	2.29	1	0.07
	AA005355		15.73	1.13	1.37	1	0.07
390010	A_24_P256155	NKX1-2	1.07	0.08	0.34	1	0.07
2139	NM_172113	EYA2	103.55	7.5	16.7	1	0.07
	THC2348230		2.69	0.2	0.8	1	0.07
	THC2449905		15.11	1.1	1.69	1	0.07
623	NM_000710	BDKRB1	43.48	3.17	0.05	1	0.07
	AF333487		5.08	0.37	0.24	1	0.07
90853	NM_144569	SPOCD1	1.24	0.09	0.01	1	0.07
84913	NM_032827	ATOH8	1.88	0.14	1.77	1	0.07
	ENST00000330336		66.71	4.99	1.32	1	0.07
56666	NM_052839	PANX2	0.79	0.06	0.35	1	0.07
1869	NM_005225	E2F1	1.41	0.11	0.04	1	0.08
9404	NM_004811	LPXN	3.28	0.25	0.34	1	0.08
84812	NM_032726	PLCD4	29.45	2.21	1.36	1	0.08
	AK000924		14.16	1.07	1.39	1	0.08
220	NM_000693	ALDH1A3	764.03	57.9	31.8	1	0.08
3037	NM_005328	HAS2	249.71	18.98	1.37	1	0.08
	BM687208		1.06	0.08	0.16	1	0.08
	A_24_P350252		1.44	0.11	0.34	1	0.08
56964	NM_020212	LOC56964	0.94	0.07	0.64	1	0.08
57528	NM_020768	KCTD16	55.59	4.24	1.32	1	0.08
2583	NM_001478	B4GALNT1	2.26	0.17	0.39	1	0.08
	AL117454		122.62	9.37	1.38	1	0.08
157313	NM_152562	CDCA2	13.79	1.06	7.59	1	0.08
124404	NM_144605	FLJ25410	4.82	0.37	0.78	1	0.08
268	NM_000479	AMH	1.42	0.11	0.3	1	0.08
79827	NM_024769	ASAM	1434.63	111.11	5.02	1	0.08
57593	AB037863		1	0.08	0.45	1	0.08
393078	XM_374705	LOC393078	1.01	0.08	0.43	1	0.08
7010	NM_000459	TEK	83.79	6.56	125.03	1	0.08
	ENST00000344158		1.57	0.12	0.4	1	0.08
4900	NM_006176	NRGN	4.55	0.36	2.35	1	0.08
2689	NM_022558	GH2	1.29	0.1	0.32	1	0.08
80128	BC069416	TRIM46	1.11	0.09	0.42	1	0.08
701	NM_001211	BUB1B	6.53	0.52	0.16	1	0.08
339448	NM_207356	C1orf174	0.88	0.07	0.67	1	0.08
1062	NM_001813	CENPE	26.12	2.08	1.04	1	0.08
	THC2282467		1.16	0.09	0.4	1	0.08
	THC2441708		2.06	0.17	0.14	1	0.08
196051	AK098668	PPAPDC1A	345.05	27.73	9.53	1	0.08
	THC2343678		1.64	0.13	1.67	1	0.08
266722	NM_153456	HS6ST3	13.7	1.1	2.65	1	0.08
	THC2343136		20.73	1.67	0.7	1	0.08
129025	NM_080740	SUHW1	4.11	0.33	0.6	1	0.08
	BM701491		1.64	0.13	0.41	1	0.08
	BQ186674		37.88	3.08	0.26	1	0.08
4884	NM_002522	NPTX1	14.86	1.21	1.4	1	0.08
3084	NM_013957	NRG1	2.69	0.22	0.37	1	0.08
5334	NM_006226	PLCL1	14.21	1.17	10.76	1	0.08
401105	NM_207488	FLJ42393	1.64	0.13	0.5	1	0.08
140701	NM_080622	C20orf135	1.36	0.11	0.47	1	0.08
	A_24_P932369		13.06	1.09	1.38	1	0.08
	BX089493		10.77	0.9	0.95	1	0.08
206358	NM_078483	SLC36A1	1.3	0.11	0.37	1	0.08
1745	NM_178120	DLX1	14.01	1.18	1.34	1	0.08
	THC2367544		0.8	0.07	0.38	1	0.08
57709	NM_020949	SLC7A14	107.53	9.09	1.23	1	0.08
84530	NM_194286	KIAA1853	12.69	1.07	1.39	1	0.08
127943	NM_152378	FCRLM2	4.74	0.4	0.51	1	0.08
338376	NM_176891	IFNE1	20.82	1.77	3	1	0.08
128408	NM_080606	BHLHB4	1.08	0.09	0.45	1	0.08
202309	NM_152687	FLJ33641	2.52	0.21	0.92	1	0.08
	BX647614		12.7	1.09	1.38	1	0.09
	THC2281706		3.71	0.32	0.42	1	0.09
10874	NM_006681	NMU	4.74	0.41	0.47	1	0.09
221883	BC025338	HOXA11S	131.82	11.33	5.78	1	0.09
90113	ENST00000342806	LOC90113	1.05	0.09	0.64	1	0.09
	ENST00000326474		14.41	1.25	3.95	1	0.09
389199	NM_203423	LOC389199	1.23	0.11	0.51	1	0.09
	ENST00000344179		1.16	0.1	0.46	1	0.09
441459	NM_001013728		8.7	0.76	1.45	1	0.09
8817	NM_003862	FGF18	10.11	0.88	0.63	1	0.09
	BQ674642		1.54	0.13	0.39	1	0.09
	A_24_P934653		15.99	1.4	1.83	1	0.09
	ENST00000309558		16.09	1.41	1.24	1	0.09
84102	NM_032148	SLC41A2	0.24	0.02	0.73	1	0.09
51435	NM_016240	SCARA3	8.52	0.75	0.32	1	0.09
646345	BC037827	LOC646345	83.21	7.34	1.37	1	0.09
8739	NM_003806	HRK	1.35	0.12	0.41	1	0.09
8847	NM_006021	DLEU2	11.36	1	2.16	1	0.09
359845	NM_182705	FAM101B	31.08	2.75	8.9	1	0.09
9515	ENST00000273666	STXBP5L	3.74	0.33	0.72	1	0.09
51514	NM_016448	DTL	4.58	0.41	0.53	1	0.09
	XM_379108		1.55	0.14	0.15	1	0.09
10403	NM_006101	KNTC2	12.9	1.15	0.27	1	0.09
55247	NM_018248	NEIL3	11.95	1.07	1.36	1	0.09
81620	NM_030928	CDT1	1.34	0.12	0.06	1	0.09
113130	NM_080668	CDCA5	1.63	0.15	0.08	1	0.09
11341	NM_007281	SCRG1	1026.29	92.61	3.13	1	0.09
627	NM_170735	BDNF	261.56	23.68	1.38	1	0.09
56992	NM_020242	KIF15	14.75	1.34	0.37	1	0.09
	A_24_P920038		5.62	0.51	0.73	1	0.09
6790	NM_198433	AURKA	2.67	0.24	0.17	1	0.09
781	NM_000722	CACNA2D1	15.6	1.43	18.57	1	0.09
4618	NM_002469	MYF6	2.68	0.25	0.45	1	0.09
5137	NM_005020	PDE1C	14.16	1.3	1.37	1	0.09
	THC2334370		13.65	1.26	1.2	1	0.09
200909	NM_182537	HTR3D	4.99	0.46	0.58	1	0.09
222	NM_000695	ALDH3B2	1.18	0.11	0.6	1	0.09
	ENST00000316708		10.13	0.94	1.32	1	0.09
	BM310182		3.36	0.31	0.87	1	0.09
	A_24_P50328		12.48	1.16	1.19	1	0.09
10544	NM_006404	PROCR	8.56	0.8	0.17	1	0.09
	A_32_P85360		15.54	1.45	1.39	1	0.09
64106	NM_022146	NPFFR1	1.31	0.12	0.47	1	0.09
	A_24_P204695		11.16	1.05	1.37	1	0.09
114801	BC044246	KIAA1913	495.15	46.77	0.42	1	0.09
374291	NM_024407	NDUFS7	0.76	0.07	0.87	1	0.09
94235	NM_033258	GNG8	2	0.19	0.66	1	0.09
	THC2288599		12.79	1.21	1.37	1	0.09
5874	NM_004163	RAB27B	2.28	0.22	0.09	1	0.09
130574	NM_194317	MGC52057	6.16	0.59	0.44	1	0.1
2274	NM_201555	FHL2	4.73	0.45	0.09	1	0.1
80070	AK023228	ADAMTS20	11.89	1.13	25.79	1	0.1
4482	NM_012331	MSRA	1.38	0.13	0.42	1	0.1
8433	NM_003577	UTF1	0.91	0.09	0.4	1	0.1
	A_23_P206741		111.67	10.72	1.39	1	0.1
5301	U82382	PIN1L	1.33	0.13	0.44	1	0.1
92745	NM_033518	SLC38A5	16.91	1.63	0.4	1	0.1
148398	NM_152486	SAMD11	43.67	4.22	4.29	1	0.1
4477	NM_002443	MSMB	1.23	0.12	0.14	1	0.1
11339	NM_007280	OIP5	1.81	0.17	0.07	1	0.1
388759	NM_207401	FLJ45717	1.08	0.1	0.46	1	0.1
92922	NM_033212	CCDC102A	3.79	0.37	0.12	1	0.1
81621	NM_030929	KAZALD1	124.05	12.11	6.85	1	0.1
	ENST00000334832		0.93	0.09	0.31	1	0.1
	ENST00000358378		1.88	0.18	2.47	1	0.1
285971	NM_173680	MGC33584	0.99	0.1	0.36	1	0.1
220042	NM_145018	FLJ25416	4.82	0.48	0.19	1	0.1
	THC2314906		12.16	1.2	1.32	1	0.1
113	NM_001114	ADCY7	12.33	1.22	1.04	1	0.1
	A_24_P919825		10.75	1.07	1.39	1	0.1
9156	NM_003686	EXO1	5.64	0.56	0.15	1	0.1
4946	NM_004152	OAZ1	0.87	0.09	0.72	1	0.1
9256	NM_004758	BZRAP1	11.77	1.17	6.21	1	0.1
57650	AB040957	KIAA1524	9.74	0.97	0.43	1	0.1
	A_32_P37943		1.13	0.11	0.45	1	0.1
84695	NM_032603	LOXL3	1302.24	130.01	12.91	1	0.1
	L12234		5.34	0.53	0.87	1	0.1
