GENE ID	Acession No.	Symbol	AT-MSC	AT-MSC-Hepa	Liver	Hepatocyte	Fold change AT-MSC-Hepa/AT-MSC
8404	NM_004684	SPARCL1	0.56	3239.77	172.87	1	5749.5
7503	NR_001564	XIST	0.26	540.66	0.6	1	2045.89
2243	NM_000508	FGA	0.01	19.55	138.8	1	1955.24
8483	NM_003613	CILP	0.64	1111.45	20.92	1	1741.55
1356	NM_000096	CP	0.01	13.97	72.24	1	1396.86
347	NM_001647	APOD	0.66	808.87	1.2	1	1226.08
121506	NM_152321	C12orf46	0.15	182.36	3.4	1	1209.1
10418	NM_006108	SPON1	0.96	974.86	47.53	1	1010.96
729	NM_000065	C6	0.01	9.27	104.33	1	888.76
1551	NM_000765	CYP3A7	0.01	10.04	5.38	1	875.27
2719	NM_004484	GPC3	0.01	8.75	0.04	1	875.12
383	NM_000045	ARG1	0.01	10.92	536.14	1	843.14
51156	NM_016186	SERPINA10	0.01	8.11	51.28	1	637.51
11326	NM_007268	VSIG4	0.01	8.94	34.92	1	634.33
338	NM_000384	APOB	0.01	6.26	29.22	1	625.84
2266	NM_000509	FGG	0.01	5.72	17.75	1	572.35
553137	AK124400	LOC553137	0.01	5.58	2.58	1	553.11
1672	NM_005218	DEFB1	0.01	5.44	0.89	1	543.88
4023	NM_000237	LPL	0.58	314.81	17.32	1	538.47
3698	NM_002216	ITIH2	0.01	5.25	13.59	1	524.98
64094	NM_022138	SMOC2	0.54	277.89	53.91	1	513.59
6822	NM_003167	SULT2A1	0.01	5.79	78.93	1	463.29
6414	NM_005410	SEPP1	0.01	4.5	21.33	1	450.34
2244	NM_005141	FGB	0.01	4.41	27.34	1	440.8
91464	NM_001008494	RAXLX	0.01	4.22	0.02	1	422.33
140828	THC2435906	C20orf56	0.01	3.94	15.97	1	394.46
	THC2373524		0.01	3.76	7.6	1	375.56
	AK129542		0.02	6.23	17.34	1	375.15
713	NM_000491	C1QB	0.03	12.04	112.8	1	374.41
6906	NM_000354	SERPINA7	0.01	3.72	40.28	1	372.29
55908	NM_018687	LOC55908	0.01	3.51	8.34	1	351.45
7366	NM_001076	UGT2B15	0.03	8.19	13.58	1	325.79
2	NM_000014	A2M	0.03	9.32	20.21	1	323.02
139221	NM_152423	MUM1L1	0.04	10.15	2.17	1	282.32
3934	NM_005564	LCN2	0.01	3.06	2.51	1	275.67
2824	NM_001001996	GPM6B	0.58	158.63	4.6	1	275.43
120425	NM_153206	AMICA1	0.04	11.08	8.34	1	270.37
	A_32_P166653		0.01	2.65	13.04	1	264.67
4316	NM_002423	MMP7	0.01	2.58	0.12	1	258.37
59084	NM_021572	ENPP5	0.55	138.21	1.63	1	249.52
2158	NM_000133	F9	0.01	2.49	98.68	1	248.63
147495	NM_153000	APCDD1	0.63	154.84	38.37	1	245.61
6362	NM_002988	CCL18	0.36	85.37	44.89	1	240.16
	BC033021		0.02	4.02	15.43	1	238.48
2214	NM_000569	FCGR3A	0.09	21.42	185.51	1	233.47
	AF119905		0.01	2.5	21.09	1	232.89
13	NM_001086	AADAC	0.01	2.31	4.31	1	231.35
57586	NM_020826	SYT13	0.11	24.83	1.57	1	222.5
3426	NM_000204	CFI	0.03	5.87	20.88	1	220.81
5053	NM_000277	PAH	0.01	2.17	21.03	1	217.13
2168	NM_001443	FABP1	0.01	2.17	9.56	1	216.69
9971	NM_005123	NR1H4	0.01	2.16	2.82	1	215.79
4153	NM_000242	MBL2	0.06	11.74	68.54	1	212.99
	S61396		0.01	2.01	16.88	1	201.06
5104	NM_000624	SERPINA5	0.01	2	5.18	1	200.35
	A_24_P334208		0.01	1.99	5.51	1	198.51
718	NM_000064	C3	0.01	1.94	6.09	1	194.23
6999	NM_005651	TDO2	0.04	8.6	62.04	1	191.39
173	NM_001133	AFM	0.02	3.95	32.45	1	190.88
5265	NM_001002236	SERPINA1	0.01	1.84	4.53	1	184.29
3250	NM_020995	HPR	0.01	1.81	10.17	1	180.58
1807	NM_001385	DPYS	0.01	1.8	23.75	1	180.07
2638	NM_000583	GC	0.01	1.77	11.33	1	176.83
3625	NM_002193	INHBB	0.03	4.53	1.86	1	176.74
5947	NM_002899	RBP1	0.01	2.21	1.02	1	174.35
1576	NM_017460	CYP3A4	0.01	1.72	16.75	1	172.07
3929	NM_004139	LBP	0.01	1.69	3.2	1	169.05
3175	NM_004498	ONECUT1	0.02	3.67	9.3	1	168.15
441368	A_24_P464238	LOC441368	0.09	14.76	80.87	1	166.5
348	NM_000041	APOE	0.01	1.62	5.08	1	162.12
3169	NM_004496	FOXA1	0.01	1.62	3.99	1	162.02
9332	NM_004244	CD163	0.03	5.03	35.33	1	157.32
90161	NM_147175	HS6ST2	0.12	18.4	0.28	1	156.2
7018	NM_001063	TF	0.01	1.53	5.23	1	153.25
6799	NM_177528	SULT1A2	0.02	2.45	3.16	1	152.57
348158	NM_182617	ACSM2	0.02	2.45	46.41	1	152.07
3080	NM_005666	CFHR2	0.02	2.55	180.3	1	151.26
	A_24_P928830		0.01	1.5	23.21	1	150.32
80201	NM_025130	HKDC1	0.01	1.49	0.01	1	148.95
2641	NM_002054	GCG	0.56	81.93	1.42	1	146.75
2153	NM_000130	F5	0.02	3.52	19.54	1	146.14
4885	NM_002523	NPTX2	0.02	2.52	0.67	1	146.12
6288	NM_000331	SAA1	0.01	1.45	13.33	1	144.81
256394	ENST00000334708	SERPINA11	0.01	1.43	11.34	1	143
2267	NM_201553	FGL1	0.01	1.4	6.2	1	140.27
653308	CR749831		0.01	1.39	5.35	1	139.21
3294	NM_002153	HSD17B2	0.01	1.36	7.42	1	135.88
	BC038219		0.01	1.34	1.31	1	134.05
116844	NM_052972	LRG1	0.01	1.32	27.74	1	131.9
3026	NM_004132	HABP2	0.01	1.31	1.57	1	130.71
4072	NM_002354	TACSTD1	0.01	1.3	0.1	1	130.48
27329	NM_014495	ANGPTL3	0.01	1.29	9.38	1	129.19
168002	NM_214462	DACT2	0.19	24.52	9.47	1	128.72
8740	NM_003807	TNFSF14	0.02	2	3.98	1	128.05
10537	NM_006398	UBD	0.01	1.28	0.01	1	127.53
3700	NM_002218	ITIH4	0.01	1.27	10.88	1	127.1
200010	NM_001011547	SLC5A9	0.01	1.26	0.24	1	126.24
6863	NM_003182	TAC1	0.46	58.4	2.53	1	126.16
629	NM_001710	CFB	0.02	2.55	16.31	1	124.02
3053	NM_000185	SERPIND1	0.01	1.56	5.6	1	123.79
722	NM_000715	C4BPA	0.01	1.23	23.89	1	123.43
710	NM_000062	SERPING1	0.02	2.33	7.64	1	123.15
1361	NM_001872	CPB2	0.01	1.23	9.92	1	123.05
2620	NM_005256	GAS2	0.01	1.41	4.33	1	122.61
3950	NM_002302	LECT2	0.01	1.22	16.29	1	122.37
	A_24_P561165		0.02	2.17	9.62	1	122.21
	CR603668		0.45	54.72	3.91	1	122.1
216	NM_000689	ALDH1A1	0.01	1.22	0.84	1	121.64
54363	NM_017545	HAO1	0.02	1.86	13.83	1	121.45
3263	NM_000613	HPX	0.01	1.19	8.98	1	118.61
	THC2390661		0.09	11.1	67.55	1	117.54
55607	BC037849	PPP1R9A	0.02	2.67	0.57	1	117.17
91683	NM_177963	SYT12	0.01	1.17	2.15	1	117.11
11309	NM_007256	SLCO2B1	0.01	1.16	12	1	116.24
3827	NM_000893	KNG1	0.01	1.29	18.94	1	115.92
10216	NM_005807	PRG4	0.05	5.9	47.95	1	113.6
1610	NM_001917	DAO	0.02	1.8	17.92	1	113.46
4897	NM_005010	NRCAM	0.05	6.09	0.05	1	112.43
6291	NM_006512	SAA4	0.01	1.12	12.28	1	112.24
5342	NM_002665	PLGLB2	0.03	3.69	21.46	1	112.09
29974	NM_138933	ACF	0.01	1.12	3.58	1	111.54
6819	NM_176825	SULT1C1	0.09	10.11	0.96	1	109.3
735	NM_001737	C9	0.01	1.61	158.48	1	109.12
312	NM_001003954	ANXA13	0.59	63.98	16.54	1	108.93
1588	NM_031226	CYP19A1	0.05	5.51	0.13	1	108.4
732	NM_000066	C8B	0.01	1.07	39.23	1	107.48
6357	NM_005408	CCL13	6.64	701.91	11.32	1	105.69
3483	NM_004970	IGFALS	0.01	1.05	22.88	1	105.28
3990	NM_000236	LIPC	0.01	1.05	1.57	1	105.24
3249	NM_182983	HPN	0.01	1.05	6.07	1	104.72
54997	NM_017899	TESC	0.01	1.04	0.1	1	104.1
213	NM_000477	ALB	0.01	1.04	2.32	1	103.66
2160	NM_000128	F11	0.02	2.48	35.85	1	103.55
345557	NM_001005473	PLCXD3	0.07	6.74	1.94	1	103.37
80704	NM_025243	SLC19A3	0.01	1.13	0.75	1	103.1
22874	NM_014935	PLEKHA6	0.01	1.03	0.95	1	102.95
114569	NM_052886	MAL2	0.01	1.03	1.45	1	102.63
5444	NM_000446	PON1	0.02	1.77	15.87	1	102.11
3699	NM_002217	ITIH3	0.01	1.02	6.76	1	101.51
325	NM_001639	APCS	0.01	1.17	7.86	1	101.44
	CR601458		0.01	1.01	1.53	1	101.38
934	NM_013230	CD24	0.01	1.01	0.05	1	101.07
2628	NM_001482	GATM	0.01	1	3.75	1	100.3
11001	NM_003645	SLC27A2	0.01	0.99	15.13	1	99.15
6290	AY209188	SAA3P	0.06	6.23	295.76	1	99.01
183	NM_000029	AGT	0.01	0.99	5.44	1	98.67
222643	NM_173561	UNC5CL	0.01	0.99	0.59	1	98.6
	THC2404058		0.02	1.78	13.21	1	98.57
84293	NM_032333	C10orf58	0.01	0.98	1.08	1	98.06
1558	NM_000770	CYP2C8	0.06	6.23	348.38	1	97.74
23705	NM_014333	IGSF4	0.01	0.97	2.62	1	97.04
721	NM_000592	C4B	0.02	1.81	11.11	1	96.98
7363	NM_021139	UGT2B4	0.01	0.97	8.55	1	96.64
10720	NM_001073	UGT2B11	0.01	0.96	4.15	1	95.67
	CD608671		0.05	4.64	22.27	1	95.26
3697	NM_002215	ITIH1	0.01	1.17	13.53	1	95.05
4069	NM_000239	LYZ	0.05	4.89	2.45	1	94.88
2165	NM_001994	F13B	0.05	4.36	34.09	1	94.84
12	NM_001085	SERPINA3	0.01	0.95	2.24	1	94.8
	CR601260		0.12	10.85	28	1	94.33
	AF113674		0.06	5.4	22.94	1	94.22
116842	NM_052971	LEAP-2	0.04	3.67	8.69	1	94.01
5570	NM_181795	PKIB	0.01	0.94	0.18	1	93.85
56892	NM_020130	C8orf4	0.01	0.94	4.13	1	92.77
10841	NM_206965	FTCD	0.01	0.92	7.36	1	92.46
55286	NM_018302	C4orf19	0.01	0.92	2.38	1	92.29
116984	NM_015230	CENTD1	0.01	1.09	1.66	1	92.02
433	NM_080912	ASGR2	0.01	0.91	4	1	91.36
	AK124281		0.01	0.91	1.15	1	90.71
6480	NM_173216	ST6GAL1	0.01	0.91	14.23	1	90.66
9865	AB014544	KIAA0644	0.94	84.59	1.11	1	90.32
	AF355802		0.02	1.75	8.71	1	90.31
84612	NM_032521	PARD6B	0.01	0.9	0.8	1	90.06
229	NM_000035	ALDOB	0.01	0.9	15.47	1	89.84
57447	NM_201535	NDRG2	0.01	0.9	10.31	1	89.59
3240	NM_005143	HP	0.01	0.89	2.2	1	89.25
	CD103176		0.11	10.24	63.2	1	89.07
	CR749204		0.01	0.89	3.68	1	89.01
10877	NM_006684	CFHR4	0.03	2.61	119.37	1	88.63
84647	NM_032562	PLA2G12B	0.01	0.87	2.57	1	86.85
114571	NM_080866	SLC22A9	0.05	4.65	13.14	1	86.74
894	NM_001759	CCND2	0.69	59.1	0.85	1	86.2
7704	NM_006006	ZBTB16	0.01	0.86	1.65	1	86
9547	NM_004887	CXCL14	0.14	11.78	178.82	1	85.29
	A_24_P298604		0.05	4.28	2.71	1	85.09
	A_32_P146786		0.03	2.4	2.89	1	84.9
5919	NM_002889	RARRES2	0.01	0.84	3.17	1	84.22
	AK131023		0.01	0.84	0.74	1	84.2
	THC2340678		0.01	0.84	3.65	1	83.81
	A_24_P615462		0.03	2.73	5.7	1	83.61
2192	NM_001996	FBLN1	1.45	120.77	3.63	1	83.16
135932	NM_153345	TMEM139	0.01	0.83	0.22	1	83.01
10630	NM_198389	PDPN	4.07	337.7	1.61	1	82.95
57568	NM_020808	SIPA1L2	0.02	1.81	1.57	1	82.38
114804	NM_052916	RNF157	0.02	1.64	0.32	1	81.86
51760	NM_016524	SYT17	0.02	1.66	7.94	1	81.82
999	NM_004360	CDH1	0.01	0.81	1.35	1	81.04
	AK126263		0.01	0.98	0.87	1	80.92
3773	NM_170741	KCNJ16	0.07	5.43	2.07	1	80.32
	THC2337832		0.02	1.71	12.01	1	80.05
7412	NM_001078	VCAM1	0.05	3.91	10.61	1	80.03
25884	NM_015424	CHRDL2	0.02	1.33	14.22	1	79.84
942	NM_006889	CD86	0.02	1.57	0.7	1	79.13
124	NM_000667	ADH1A	0.22	16.91	255.57	1	77.19
64850	NM_031279	AGXT2L1	0.01	0.97	10.23	1	76.32
6692	NM_003710	SPINT1	0.01	1.01	0.07	1	75.88
10361	NM_182795	NPM2	0.03	2.24	0.27	1	75.44
3627	NM_001565	CXCL10	0.01	0.75	0.03	1	75.08
80350	AK125910	LPAL2	0.05	3.53	60.56	1	75.07
7367	NM_001077	UGT2B17	0.04	3.17	14.65	1	74.61
	ENST00000264554		0.01	0.74	1.58	1	74.08
4547	NM_000253	MTTP	0.01	0.73	5.07	1	73.37
	A_23_P61191		0.01	0.86	3.87	1	72.43
10788	NM_006633	IQGAP2	0.02	1.49	12.66	1	71.88
1959	NM_000399	EGR2	2.7	194.24	2.73	1	71.82
55365	NM_018487	HCA112	0.01	0.97	7.15	1	71.78
54988	NM_017888	FLJ20581	0.01	1.06	8.22	1	71.27
486	NM_021603	FXYD2	0.01	0.71	0.19	1	71.25
3321	NM_001542	IGSF3	0.01	0.71	0.02	1	70.92
92292	NM_080661	GLYATL1	0.02	1.15	11.69	1	70.48
3952	NM_000230	LEP	0.54	38.3	1.26	1	70.38
2155	NM_000131	F7	0.02	1.05	12.16	1	69.76
5243	NM_000927	ABCB1	0.01	0.7	0.76	1	69.56
55350	NM_018399	VNN3	0.1	6.64	7.21	1	68.84
5174	NM_002614	PDZK1	0.02	1.16	1.86	1	68.75
158158	NM_152573	RASEF	0.01	0.68	0.42	1	68.46
11075	S82024	STMN2	1.69	115.07	0.94	1	68.26
259	NM_001633	AMBP	0.01	0.68	3.82	1	68.15
203111	NM_173549	C8orf47	0.01	0.68	0.15	1	67.97
240	NM_000698	ALOX5	0.1	6.71	30.51	1	67.69
91543	NM_080657	RSAD2	0.67	45.47	4.59	1	67.62
26232	NM_012168	FBXO2	0.01	0.68	0.21	1	67.61
79838	NM_024780	TMC5	0.07	4.86	1.63	1	67.57
57393	NM_020665	TMEM27	0.01	0.72	0.58	1	67.39
	AW389914		0.02	1.51	13.55	1	67.09
	THC2309658		0.04	2.7	34.13	1	66.86
432	NM_001671	ASGR1	0.02	1.36	13.36	1	66.85
4688	NM_000433	NCF2	0.02	1.22	0.78	1	66.16
79781	NM_024726	IQCA	0.02	1.2	0.06	1	66.05
200879	NM_139248	LIPH	0.01	0.66	0.02	1	65.85
51338	NM_024021	MS4A4A	0.15	9.95	75.92	1	65.64
	T26612		0.16	10.53	3.71	1	65.53
	AY927488		0.02	1.06	3.72	1	65.35
	AK125038		0.01	0.65	2.34	1	65.25
1675	NM_001928	CFD	2.57	167.12	28.88	1	65.11
285733	AK091900	LOC285733	0.01	0.65	2.46	1	64.81
	BC033021		0.01	0.65	1.59	1	64.62
152831	NM_175737	KLB	0.01	0.65	2.09	1	64.6
	A_24_P247303		0.01	0.65	0.23	1	64.56
30061	NM_014585	SLC40A1	0.06	3.9	9.55	1	64.25
9053	NM_003980	MAP7	0.01	0.64	1.5	1	63.65
	A_24_P401124		0.01	0.63	0.2	1	63.5
57509	NM_001001927	MTUS1	0.07	4.45	6.56	1	63.47
1582	NM_004391	CYP8B1	0.01	0.63	24.42	1	62.95
727	NM_001735	C5	0.4	24.82	119.11	1	62.73
29887	NM_013322	SNX10	0.03	1.64	2.78	1	62.61
199920	NM_001004303	C1orf168	0.13	8.35	16.31	1	62.11
8809	NM_003855	IL18R1	0.05	3.09	8.48	1	62.05
	CR627122		0.07	4.57	10.93	1	62
83539	NM_031422	CHST9	0.01	0.79	0.16	1	62
	A_24_P575267		0.01	0.61	2.98	1	61.47
	THC2277082		0.01	0.61	1.29	1	61.45
8630	NM_003725	HSD17B6	0.01	0.78	18.32	1	61.41
199	NM_004847	AIF1	0.09	5.36	47.78	1	61.38
144423	NM_144669	GLT1D1	0.01	0.61	1.66	1	61.31
11322	NM_007267	TMC6	0.01	0.71	0.85	1	60.43
	THC2374165		0.52	31.55	0.51	1	60.16
5629	NM_002763	PROX1	0.04	2.54	4.99	1	60.15
80144	NM_025074	FRAS1	4.88	292.29	5.34	1	59.95
92086	NM_080920	GGTLA4	0.03	1.56	3.22	1	59.88
5005	NM_000608	ORM2	0.01	0.6	4.61	1	59.55
64577	NM_022568	ALDH8A1	0.05	2.79	31.35	1	59.46
169611	NM_182487	OLFML2A	26.81	1590.52	5.34	1	59.34
	AL137722		0.02	1.25	0.9	1	59.07
28959	NM_014020	LR8	0.01	0.58	5.36	1	58.28
53353	NM_018557	LRP1B	0.71	41.48	1.4	1	58.08
51473	NM_016356	DCDC2	0.06	3.68	0.15	1	57.98
5284	NM_002644	PIGR	0.01	0.58	4.6	1	57.8
9027	NM_003960	NAT8	0.01	0.57	0.74	1	57.31
	A_24_P593724		0.55	31.62	3.88	1	57.07
9173	NM_016232	IL1RL1	0.09	5.18	11.68	1	57.05
	THC2340678		0.02	0.85	4.09	1	56.84
7365	NM_001075	UGT2B10	0.01	0.57	4.49	1	56.82
4143	NM_000429	MAT1A	0.01	0.57	21.08	1	56.63
	THC2343246		0.02	0.96	1.55	1	56.56
10154	AB208934	PLXNC1	0.75	41.97	3.63	1	56.29
	ENST00000331849		0.01	0.75	10.03	1	56.05
	BF326811		0.01	0.66	1.71	1	55.8
	AK097484		0.04	2.14	6.09	1	55.65
23555	NM_012339	TSPAN15	0.02	1.01	0.08	1	55.65
113763	NM_138434	C7orf29	0.01	0.76	1.02	1	55.6
	BC045163		0.02	0.91	0.04	1	55.6
80117	NM_025047	ARL14	0.01	0.55	0.01	1	55.47
54346	NM_018974	UNC93A	0.09	4.99	5.3	1	55.42
866	NM_001756	SERPINA6	0.02	0.92	5.75	1	55.41
84332	NM_032372	DYDC2	0.02	1.09	0.3	1	55.29
712	NM_015991	C1QA	0.16	8.98	116.43	1	55.27
4958	NM_005014	OMD	0.6	33.15	1.26	1	55.07
	AF088004		0.01	0.55	1.87	1	55.05
	XM_496390		0.03	1.64	4.66	1	54.92
344	NM_000483	APOC2	0.01	0.55	0.67	1	54.84
	THC2342812		0.01	0.7	4.06	1	54.76
130013	NM_138326	ACMSD	0.01	0.54	12.25	1	54.36
148534	NM_152487	TMEM56	0.02	0.87	4.86	1	54.07
5046	NM_002570	PCSK6	0.01	0.74	6.16	1	53.82
8858	NM_003891	PROZ	0.03	1.81	7.77	1	53.64
	XM_497979		0.06	3.32	2.26	1	53.61
3484	NM_000596	IGFBP1	0.01	0.53	9.9	1	53.35
	BM984396		0.17	8.81	25.57	1	53.14
8424	NM_003986	BBOX1	0.01	0.76	2.82	1	52.81
117153	NM_054024	MIA2	0.01	0.77	1.29	1	52.35
26157	NM_015660	GIMAP2	0.04	1.94	3.15	1	52.2
54626	NM_019089	HES2	0.04	2.09	0.02	1	52.12
8431	NM_021969	NR0B2	0.01	0.52	1.4	1	52.04
189	NM_000030	AGXT	0.01	0.52	26.67	1	51.57
5004	NM_000607	ORM1	0.01	0.52	4.41	1	51.52
	ENST00000262042		0.09	4.44	3.11	1	51.47
5157	NM_006207	PDGFRL	0.94	47.7	0.47	1	50.94
5314	NM_138694	PKHD1	0.04	2.25	0.54	1	50.92
116835	NM_052970	HSPA12B	0.62	31.56	27.55	1	50.88
4046	NM_001013254	LSP1	6.63	335.4	38.48	1	50.57
148738	NM_213653	HFE2	0.01	0.51	11.01	1	50.52
9963	NM_152685	SLC23A1	0.08	3.94	9.45	1	50.26
10990	NM_006840	LILRB5	0.39	19.64	135.98	1	50.22
158584	NM_174912	AMDD	0.01	0.66	3.09	1	50.2
2877	NM_002083	GPX2	0.01	0.69	3.33	1	49.97
10538	NM_006399	BATF	0.01	0.5	0.06	1	49.87
8685	NM_006770	MARCO	0.1	4.92	113.71	1	49.8
10599	NM_006446	SLCO1B1	0.01	0.5	19.6	1	49.55
10891	NM_013261	PPARGC1A	0.03	1.55	16.87	1	49.4
	THC2279735		0.05	2.64	1.68	1	49.1
	BC036599		0.57	27.84	14.35	1	49.04
27233	NM_006588	SULT1C2	0.05	2.33	0.09	1	48.94
344838	NM_198504	PAQR9	0.01	0.49	0.8	1	48.87
1512	NM_148979	CTSH	0.02	0.9	1.15	1	48.84
1230	NM_001295	CCR1	0.62	30.19	193.32	1	48.55
	BC089388		0.01	0.49	0.53	1	48.54
2203	NM_000507	FBP1	0.01	0.48	13.15	1	48.48
1917	NM_001958	EEF1A2	0.28	13.69	0.92	1	48.47
	BX097190		0.57	27.47	24.31	1	48.27
58189	NM_021197	WFDC1	0.66	31.58	32.46	1	47.71
7102	NM_004615	TSPAN7	0.02	0.87	2.19	1	47.5
8876	NM_004666	VNN1	0.01	0.47	0.19	1	47.48
81704	NM_203447	DOCK8	0.03	1.58	5.1	1	47.37
5027	NM_002562	P2RX7	0.02	1.03	1.04	1	47.34
	A_23_P28927		0.01	0.47	1.81	1	47.34
3822	NM_002260	KLRC2	0.07	3.36	0.41	1	47.24
10252	NM_199327	SPRY1	0.47	21.94	3.82	1	47.05
8875	NM_004665	VNN2	0.02	0.85	0.53	1	47
1824	NM_024422	DSC2	0.02	0.78	0.41	1	46.47
	AK131538		0.12	5.52	3.06	1	46.33
157638	NM_174911	FAM84B	0.02	0.96	1.21	1	46.22
83733	NM_031481	SLC25A18	0.01	0.46	4.64	1	45.98
2705	NM_000166	GJB1	0.02	0.83	4.47	1	45.95
	ENST00000340141		0.01	0.46	0.22	1	45.9
3087	NM_002729	HHEX	0.03	1.23	2.34	1	45.67
306	NM_005139	ANXA3	0.01	0.46	0.01	1	45.55
1602	NM_080759	DACH1	0.64	28.87	12.68	1	45.39
	ENST00000237840		0.12	5.34	2.35	1	44.94
9615	NM_004293	GDA	0.01	0.45	1.17	1	44.85
	THC2314177		0.02	0.94	0.3	1	44.66
125113	NM_152349	KA21	0.01	0.59	0.64	1	44.6
1117	NM_004000	CHI3L2	0.03	1.54	0.07	1	44.57
9355	NM_004789	LHX2	0.32	14.26	39.51	1	44.55
219595	NM_153696	PSMAL	0.03	1.2	9.33	1	44.5
7941	NM_005084	PLA2G7	0.55	24.55	72.21	1	44.27
54502	NM_019027	FLJ20273	0.01	0.44	1.08	1	43.93
11320	NM_012214	MGAT4A	0.02	0.81	3.67	1	43.89
8647	NM_003742	ABCB11	0.05	1.98	13.24	1	43.88
22996	BC028374	C1orf34	0.02	0.95	0.08	1	43.85
1733	NM_000792	DIO1	0.01	0.44	1.7	1	43.8
126	NM_000669	ADH1C	0.68	29.63	344.03	1	43.63
653857	AB039791	LOC653857	0.01	0.44	3.12	1	43.54
7306	NM_000550	TYRP1	0.62	27.04	1.39	1	43.36
120224	NM_138788	TMEM45B	0.01	0.43	0.9	1	43.29
115827	NM_138453	RAB3C	0.02	0.75	1.15	1	43.04
	XM_496390		0.04	1.77	4.96	1	43
27147	NM_015689	DENND2A	0.53	22.83	7.59	1	42.77
5357	NM_002670	PLS1	0.01	0.51	0.77	1	42.63
140738	BC046362	TMEM37	0.02	0.73	2.08	1	42.43
	A_32_P212958		1.73	73.54	169.28	1	42.41
9032	NM_003963	TM4SF5	0.01	0.42	5.12	1	42.41
79170	NM_024320	ATAD4	0.01	0.42	0.23	1	42.4
341	NM_001645	APOC1	0.01	0.42	3.37	1	42.38
8839	NM_003881	WISP2	90.92	3846.4	89.64	1	42.3
	AF153821		0.29	12.11	159.49	1	41.77
	CR609146		0.02	0.69	1.97	1	41.55
7364	NM_001074	UGT2B7	0.01	0.42	3.03	1	41.52
3273	NM_000412	HRG	0.01	0.41	18.64	1	41.39
	ENST00000249376		0.02	0.63	2.52	1	41.25
10529	NM_006393	NEBL	0.03	1.08	0.06	1	41.16
8416	NM_003568	ANXA9	0.02	0.67	1.4	1	41.14
5624	NM_000312	PROC	0.01	0.41	3.88	1	41.03
25801	NM_012198	GCA	0.05	2.04	2.12	1	41.02
54578	NM_001072	UGT1A6	0.01	0.41	2.54	1	40.7
23316	NM_015267	CUTL2	0.02	0.84	5.05	1	40.62
8788	NM_003836	DLK1	0.38	15.32	0.09	1	40.54
	THC2339389		0.01	0.4	2.32	1	40.48
3158	NM_005518	HMGCS2	0.19	7.79	145.99	1	40.4
51302	NM_016593	CYP39A1	0.02	0.96	4.27	1	40.38
153562	NM_144724	MARVELD2	0.02	0.62	0.98	1	40.26
84059	NM_032119	GPR98	0.03	1.36	12.46	1	40.25
7857	NM_003469	SCG2	6.84	275.11	1.33	1	40.21
	A_24_P824578		0.11	4.24	0.24	1	39.99
118788	NM_152309	PIK3AP1	0.01	0.6	1.57	1	39.85
	BG546536		0.04	1.51	0.63	1	39.7
3109	NM_002118	HLA-DMB	0.21	8.11	23.87	1	39.54
2261	NM_000142	FGFR3	0.02	0.64	3.17	1	39.42
83643	NM_031455	CCDC3	1.01	39.75	64.99	1	39.41
3800	ENST00000334436	KIF5C	0.56	21.87	2.75	1	39.01
2731	NM_000170	GLDC	0.01	0.4	1.03	1	39.01
	CR622189		0.07	2.54	0.61	1	38.91
54097	NM_058186	FAM3B	0.01	0.57	0.39	1	38.86
54894	NM_017763	RNF43	0.01	0.39	0.62	1	38.67
	THC2316492		0.05	1.79	3.22	1	38.63
9783	NM_014747	RIMS3	0.03	1.15	0.91	1	38.62
4070	NM_002353	TACSTD2	0.01	0.38	0.05	1	38.4
5244	NM_018850	ABCB4	0.01	0.55	6.34	1	38.36
8942	NM_003937	KYNU	0.01	0.38	0.54	1	38.35
3635	NM_001017915	INPP5D	0.17	6.7	4.31	1	38.28
64902	NM_031900	AGXT2	0.01	0.38	7.18	1	38.27
	THC2341174		0.07	2.56	0.78	1	38.25
	XM_495933		0.03	0.99	0.56	1	38.22
51365	NM_015900	PLA1A	0.2	7.46	23.23	1	38.11
3170	NM_021784	FOXA2	0.01	0.49	1.8	1	38.1
127845	NM_198447	GOLT1A	0.01	0.38	1.88	1	38.02
147	THC2290198	ADRA1B	0.07	2.72	3.85	1	37.89
8787	NM_003835	RGS9	0.05	1.78	0.44	1	37.87
9423	BC092429	NTN1	0.03	1.26	21.18	1	37.49
	THC2448300		0.29	11.02	118.37	1	37.45
	A_24_P187355		0.01	0.38	0.12	1	37.36
1910	NM_003991	EDNRB	4.96	185.42	198.78	1	37.35
64240	NM_022436	ABCG5	0.02	0.8	2.59	1	37.08
113220	NM_138424	KIF12	0.04	1.55	0.29	1	37.06
	BC012091		0.2	7.57	0.14	1	36.97
1525	NM_001338	CXADR	0.01	0.47	0.43	1	36.93
85446	NM_033400	ZFHX2	0.07	2.66	0.48	1	36.57
4036	NM_004525	LRP2	0.66	23.96	9.8	1	36.18
	THC2340277		0.02	0.7	0.01	1	36.09
5267	NM_006215	SERPINA4	0.01	0.36	1.23	1	36.04
563	NM_001185	AZGP1	0.01	0.41	9.25	1	35.89
3485	NM_000597	IGFBP2	0.01	0.36	0.69	1	35.82
	A_32_P144381		0.01	0.5	1.51	1	35.81
	A_24_P846810		0.06	2.1	0.31	1	35.77
336	NM_001643	APOA2	0.01	0.36	2.27	1	35.56
	THC2385388		0.02	0.76	0.87	1	35.48
8673	NM_003761	VAMP8	0.01	0.35	0.42	1	35.48
116285	NM_052956	ACSM1	0.31	10.82	5.35	1	35.35
5742	NM_000962	PTGS1	0.99	35	0.88	1	35.34
84002	NM_032047	B3GNT5	0.04	1.39	0.09	1	35.22
7163	NM_005079	TPD52	0.01	0.35	1.6	1	34.92
	AK124558		0.03	1	2.2	1	34.7
6783	NM_005420	SULT1E1	0.6	20.63	4.39	1	34.66
	U92981		0.04	1.38	2.36	1	34.49
55753	NM_018245	OGDHL	0.06	2.03	28.29	1	34.21
	AK022351		0.11	3.64	3.4	1	34.19
29760	NM_013314	BLNK	0.04	1.44	5.05	1	34.15
284904	NM_174977	SEC14L4	0.01	0.34	6.59	1	34.1
342035	NM_181789	GLDN	0.61	20.67	1.62	1	34.07
3479	NM_000618	IGF1	0.39	13.26	185.67	1	34.02
	ENST00000330640		0.3	10.28	0.64	1	33.93
	CA414006		0.26	8.84	9.94	1	33.92
6616	NM_003081	SNAP25	0.56	18.94	1.41	1	33.68
140876	XM_114166	C20orf175	0.73	24.68	22.17	1	33.65
6539	NM_003044	SLC6A12	0.01	0.34	2.89	1	33.63
283120	NR_002196	H19	0.01	0.34	0.09	1	33.61
684	NM_004335	BST2	0.01	0.45	1.61	1	33.41
22941	NM_012309	SHANK2	0.06	2.09	3.75	1	32.95
139420	AK131475	FLJ32867	0.6	19.86	5.64	1	32.94
2277	NM_004469	FIGF	0.81	26.56	9.92	1	32.92
	A_24_P50666		0.02	0.57	3.25	1	32.86
	AK130118		0.06	1.85	2.31	1	32.86
570	NM_001701	BAAT	0.01	0.33	1.88	1	32.75
	AK092378		0.37	12.15	13.2	1	32.66
	BE542385		0.04	1.4	3.81	1	32.64
1580	NM_000779	CYP4B1	0.65	21.02	1.2	1	32.57
126695	NM_152365	C1orf172	0.02	0.51	0.86	1	32.56
54490	NM_053039	UGT2B28	0.01	0.46	2.75	1	32.47
55930	NM_018728	MYO5C	0.02	0.67	0.78	1	32.33
1536	NM_000397	CYBB	0.57	18.33	135.32	1	32.25
93082	ENST00000310865	LINCR	0.01	0.32	0.03	1	31.99
120376	BC042557	LOC120376	0.07	2.29	0.19	1	31.99
51207	NM_001007271	DUSP13	0.03	0.89	0.06	1	31.88
51655	NM_016084	RASD1	0.02	0.57	0.53	1	31.77
84868	NM_032782	HAVCR2	0.04	1.13	1.92	1	31.72
1573	NM_000775	CYP2J2	0.01	0.32	2.01	1	31.67
	ENST00000324709		0.21	6.64	39.23	1	31.45
	ENST00000312751		0.02	0.65	0.23	1	31.42
	THC2286412		0.01	0.31	0.66	1	31.34
85415	NM_033103	RHPN2	0.01	0.33	0.66	1	31.21
5493	NM_002705	PPL	0.01	0.31	0.13	1	31.18
107	NM_021116	ADCY1	0.73	22.85	91.98	1	31.13
54873	NM_017734	PALMD	0.09	2.82	1.18	1	30.99
8988	NM_006308	HSPB3	1.42	44.01	1.39	1	30.96
2028	NM_001977	ENPEP	0.07	2.3	14.93	1	30.95
163702	NM_170743	IL28RA	0.01	0.35	1.85	1	30.94
	THC2286822		0.52	16.01	0.91	1	30.93
59272	NM_021804	ACE2	0.01	0.31	0.18	1	30.87
	AK090803		0.04	1.2	0.26	1	30.74
55796	NM_133486	MBNL3	0.03	0.96	1.04	1	30.73
3290	NM_181755	HSD11B1	0.01	0.31	7.16	1	30.7
350	NM_000042	APOH	0.01	0.3	4.6	1	30.5
	A_24_P384379		0.32	9.69	0.34	1	30.47
439949	AY007155	LOC439949	0.01	0.3	0.38	1	30.28
199775	BC021822	C19orf9	0.56	16.89	1.33	1	30.18
	AK021785		0.04	1.34	1.05	1	30.08
8600	NM_003701	TNFSF11	0.01	0.43	0.28	1	30.07
117283	NM_054111	IHPK3	0.01	0.3	0.5	1	29.86
23286	NM_015238	WWC1	0.01	0.3	0.17	1	29.78
50848	NM_144503	F11R	0.01	0.3	0.59	1	29.69
	AL833082		0.66	19.57	2.92	1	29.63
	AK096500		0.01	0.34	0.02	1	29.55
643429	THC2415019	LOC643429	0.05	1.62	12.27	1	29.54
2662	NM_004962	GDF10	2.02	59.66	4.52	1	29.53
	AK125361		0.56	16.48	1.4	1	29.53
6355	NM_005623	CCL8	0.61	17.95	1.34	1	29.46
8842	NM_006017	PROM1	0.38	11.09	4.46	1	29.43
112399	NM_022073	EGLN3	0.02	0.68	0.13	1	29.23
6817	NM_177529	SULT1A1	0.07	2.01	2.19	1	29.14
56920	NM_020163	SEMA3G	0.78	22.75	26.57	1	29.03
	BQ897248		0.92	26.54	503.07	1	28.89
	THC2338942		0.01	0.29	0.68	1	28.86
827	NM_014289	CAPN6	0.88	25.49	2.81	1	28.82
284440	BC034236	MGC39821	0.24	6.89	0.57	1	28.66
552	NM_000706	AVPR1A	0.68	19.38	145.63	1	28.64
4051	NM_000896	CYP4F3	0.04	1.25	10.45	1	28.58
	ENST00000351766		0.02	0.44	0.14	1	28.52
	THC2310027		0.02	0.63	0.52	1	28.47
6514	NM_000340	SLC2A2	0.01	0.28	5.45	1	28.47
7276	NM_000371	TTR	0.01	0.28	1.16	1	28.46
5152	NM_002606	PDE9A	0.03	0.94	0.21	1	28.45
53905	NM_017434	DUOX1	0.08	2.41	0.16	1	28.41
55890	NM_022036	GPRC5C	0.02	0.47	1.45	1	28.39
	CR627122		0.08	2.18	10.35	1	28.33
113835	NM_033468	ZNF257	0.62	17.52	1.36	1	28.32
	AK124936		0.04	1	0.65	1	28.29
219738	NM_145306	C10orf35	0.02	0.48	0.13	1	28.27
6299	NM_002968	SALL1	0.02	0.45	1.41	1	28.12
1191	NM_203339	CLU	0.02	0.45	0.82	1	28.12
	CR618371		0.01	0.3	0.05	1	28.1
	ENST00000324559		0.11	3.19	11.56	1	28.07
	THC2364878		0.56	15.61	102.68	1	28.06
	A_24_P109661		0.02	0.59	0.3	1	27.85
	THC2344956		2.39	66.42	2.35	1	27.78
1014	NM_004062	CDH16	0.05	1.34	0.11	1	27.72
7448	NM_000638	VTN	0.04	1	7.18	1	27.72
8537	NM_003657	BCAS1	0.01	0.28	0.02	1	27.64
84632	NM_001001936	KIAA1914	0.58	16.11	7.88	1	27.61
441027	AK023055	FLJ12993	0.07	1.98	2.01	1	27.58
	AF086044		0.04	1.21	0.71	1	27.52
284111	NM_177550	SLC13A5	0.01	0.27	14.12	1	27.47
	THC2247947		0.01	0.27	0.72	1	27.46
6927	NM_000545	TCF1	0.01	0.27	1.11	1	27.44
374	NM_001657	AREG	0.01	0.32	0.01	1	27.44
1401	NM_000567	CRP	0.1	2.67	455.41	1	27.31
23007	NM_014996	PLCH1	0.52	14.14	1.25	1	27.3
5858	NM_002864	PZP	0.54	14.71	30.93	1	27.16
7100	NM_003268	TLR5	0.09	2.54	2.68	1	27.15
79098	NM_023938	C1orf116	0.02	0.52	0.04	1	27.12
9245	NM_004751	GCNT3	0.01	0.27	0.01	1	27.1
	XM_498024		0.01	0.34	0.12	1	27.05
21	NM_001089	ABCA3	0.01	0.33	0.13	1	27
4129	NM_000898	MAOB	0.01	0.27	0.97	1	26.94
84448	NM_032432	ABLIM2	0.21	5.7	2.04	1	26.88
	THC2375651		0.1	2.61	4.63	1	26.74
4781	NM_005596	NFIB	0.07	1.77	3.27	1	26.42
3795	NM_000221	KHK	0.01	0.32	5.12	1	26.4
3576	NM_000584	IL8	0.03	0.78	0.01	1	26.38
51361	NM_015888	HOOK1	0.05	1.43	5.56	1	26.3
79782	NM_024727	LRRC31	0.04	1.15	0.1	1	26.16
1288	NM_033641	COL4A6	0.58	15.1	1.38	1	26.12
197	NM_001622	AHSG	0.01	0.26	3.42	1	26.11
7089	NM_003260	TLE2	0.62	16.23	16.78	1	26.1
9413	NM_004816	C9orf61	0.01	0.26	0.02	1	26.07
2147	NM_000506	F2	0.01	0.35	2.83	1	26.07
5169	NM_005021	ENPP3	0.61	15.77	22.46	1	26.02
55765	NM_018265	C1orf106	0.01	0.26	0.01	1	25.94
	AL834140		0.02	0.54	0.45	1	25.93
6660	NM_152989	SOX5	0.06	1.64	3.51	1	25.92
	ENST00000313774		0.01	0.32	0.01	1	25.91
	A_32_P205792		0.01	0.26	1.78	1	25.91
10653	NM_021102	SPINT2	0.01	0.26	0.05	1	25.69
10643	NM_006547	IGF2BP3	0.06	1.61	0.01	1	25.67
54504	NM_031311	CPVL	0.06	1.46	4.88	1	25.64
	A_24_P264293		0.01	0.32	0.12	1	25.62
	THC2427266		0.06	1.55	0.76	1	25.62
6373	NM_005409	CXCL11	0.08	2.13	0.18	1	25.59
9771	D87467	RAPGEF5	0.27	6.9	5.65	1	25.59
	THC2437757		0.02	0.51	0.02	1	25.59
347733	NM_178012	TUBB2B	0.01	0.32	0.07	1	25.52
64066	NM_022122	MMP27	0.39	10.04	0.68	1	25.51
147710	XM_097278	LOC147710	0.01	0.25	0.22	1	25.49
	A_24_P315405		0.07	1.74	0.93	1	25.47
	THC2313103		0.2	4.99	0.39	1	25.46
	ENST00000322839		0.07	1.86	0.23	1	25.41
2793	NM_031498	GNGT2	0.6	15.28	6.27	1	25.36
	THC2343897		0.82	20.8	1.4	1	25.35
5009	NM_000531	OTC	0.03	0.66	2.85	1	25.27
	CR596233		4.23	106.79	18.56	1	25.27
	A_24_P936373		0.14	3.59	0.32	1	25.22
725	NM_000716	C4BPB	0.01	0.25	3.24	1	25.12
57639	NM_020879	KIAA1505	2.32	58.16	3.46	1	25.1
	AL049990		0.68	17.16	7.19	1	25.08
	K03200		0.01	0.25	0.01	1	25.06
349565	NM_178177	NMNAT3	0.07	1.65	2.35	1	25.05
	A_24_P15973		0.01	0.25	0.07	1	25.04
1999	NM_004433	ELF3	0.01	0.25	0.1	1	24.82
3909	NM_198129	LAMA3	0.02	0.44	0.1	1	24.65
963	NM_000560	CD53	0.63	15.35	155.29	1	24.49
80063	NM_024997	ATF7IP2	0.09	2.18	2.68	1	24.48
126969	NM_152369	SLC44A3	0.02	0.51	0.08	1	24.43
4804	NM_002507	NGFR	0.57	13.92	59.75	1	24.41
81561	AK024850	C2orf31	0.03	0.78	1.77	1	24.38
	BQ417071		0.03	0.84	1.79	1	24.31
	THC2379201		0.95	23.04	1.39	1	24.21
	XM_372803		0.11	2.62	2.38	1	24.18
	THC2340365		0.3	7.28	6.76	1	24.16
2041	NM_005232	EPHA1	0.07	1.64	5.52	1	24.13
	A_24_P229426		0.06	1.55	16.55	1	24.12
3848	NM_006121	KRT1	0.65	15.68	1.35	1	24.04
154661	NM_138290	RPIB9	0.03	0.8	5.53	1	23.92
4128	NM_000240	MAOA	0.01	0.24	1.23	1	23.89
	ENST00000333638		0.08	1.85	1.31	1	23.68
402643	ENST00000341372	LOC402643	0.07	1.63	0.51	1	23.66
6152	NM_000986	RPL24	0.11	2.57	1.66	1	23.6
23302	NM_015253	KIAA0523	0.01	0.29	0.18	1	23.57
8743	NM_003810	TNFSF10	0.07	1.59	1.5	1	23.57
79054	NM_024080	TRPM8	0.01	0.24	4.38	1	23.56
	A_24_P230466		0.01	0.32	0.14	1	23.53
	A_32_P119949		0.04	0.93	2.14	1	23.53
	CR620185		0.21	4.92	0.49	1	23.52
	NM_001007539		0.12	2.87	1.28	1	23.5
57480	NM_001029884	PLEKHG1	0.15	3.43	6.13	1	23.49
3821	NM_002259	KLRC1	0.15	3.56	1.78	1	23.48
84559	NR_001555	GOLGA2LY1	0.08	1.9	0.94	1	23.43
	A_24_P213336		0.01	0.23	0.09	1	23.38
	AK074614		0.01	0.29	0.33	1	23.37
	BC037919		0.1	2.27	2.49	1	23.36
	AK021715		0.31	7.25	3.01	1	23.29
9603	NM_004289	NFE2L3	0.08	1.9	0.26	1	23.21
29034	BC020670	PRO0132	0.05	1.27	6.26	1	23.17
57188	NM_207517	ADAMTSL3	0.01	0.23	1.43	1	23.16
5178	NM_006210	PEG3	0.62	14.42	6.35	1	23.15
	THC2385462		0.17	3.98	3.23	1	23.13
4892	NM_198060	NRAP	0.04	0.86	1.51	1	23.09
10017	NM_020396	BCL2L10	0.06	1.32	3.85	1	23.06
135295	NM_080743	SRrp35	0.01	0.32	0.12	1	23.06
3983	NM_001003408	ABLIM1	0.03	0.6	0.24	1	22.96
244	NM_001630	ANXA8	0.05	1.11	0.33	1	22.96
4950	NM_002538	OCLN	0.05	1.13	0.45	1	22.95
150590	NM_144706	C2orf15	0.13	3.05	1.11	1	22.87
247	NM_001141	ALOX15B	0.24	5.52	2.19	1	22.73
	THC2338780		0.01	0.23	0.43	1	22.59
	A_24_P187154		0.07	1.47	0.85	1	22.57
	THC2279299		0.05	1.02	3.98	1	22.56
	BQ017638		0.02	0.48	1.2	1	22.5
3081	NM_000187	HGD	0.02	0.45	6.29	1	22.5
9185	NM_004726	REPS2	0.02	0.43	0.79	1	22.47
4319	NM_002425	MMP10	0.03	0.59	0.06	1	22.46
7273	NM_133378	TTN	0.57	12.78	3.14	1	22.43
	THC2376737		0.04	0.89	3.55	1	22.38
768	NM_001216	CA9	0.86	19.25	7.94	1	22.37
	THC2406727		0.02	0.53	0.43	1	22.33
7852	NM_001008540	CXCR4	0.18	4.02	94.89	1	22.29
	AL133090		0.79	17.6	1.34	1	22.28
55540	NM_172234	IL17RB	0.02	0.5	2.79	1	22.27
	BQ028747		0.16	3.66	3.2	1	22.25
	A_24_P524164		0.02	0.48	0.02	1	22.15
	ENST00000317931		0.01	0.25	0.21	1	22.01
	AK125122		0.01	0.22	1.19	1	21.97
25791	NM_019850	NGEF	0.01	0.22	0.4	1	21.96
80781	NM_030582	COL18A1	0.08	1.68	2.8	1	21.95
64284	NM_022449	RAB17	0.02	0.45	6.78	1	21.95
79762	NM_024709	C1orf115	0.01	0.22	0.86	1	21.9
	THC2404169		0.09	2	2.53	1	21.88
57055	NM_001005785	DAZ2	0.66	14.43	1.36	1	21.84
8856	NM_003889	NR1I2	0.01	0.22	2.14	1	21.83
348093	NM_194272	RBPMS2	0.02	0.47	1.72	1	21.82
29988	NM_014580	SLC2A8	0.02	0.38	1.31	1	21.78
6489	NM_003034	ST8SIA1	0.89	19.36	1.38	1	21.78
	A_24_P358857		0.01	0.22	0.05	1	21.73
	ENST00000333197		0.01	0.22	0.08	1	21.7
	BE080604		0.57	12.33	1.35	1	21.69
140685	AK126720	BTBD4	0.13	2.74	2.39	1	21.63
415	NM_000047	ARSE	0.03	0.61	1.91	1	21.61
	AF118092		0.09	2.05	3.47	1	21.6
4139	NM_018650	MARK1	0.97	20.99	7.12	1	21.54
642853	AK098579	LOC642853	0.57	12.18	1.38	1	21.53
3034	NM_002108	HAL	0.01	0.28	18.35	1	21.5
635	NM_001713	BHMT	0.02	0.42	16.95	1	21.43
	ENST00000344214		0.01	0.22	0.07	1	21.39
3122	NM_019111	HLA-DRA	0.54	11.49	172.6	1	21.36
10110	NM_170693	SGK2	0.01	0.21	1.79	1	21.31
335	NM_000039	APOA1	0.01	0.21	3.76	1	21.28
123876	NM_001010845	LOC123876	0.07	1.43	19.32	1	21.26
84072	NM_032132	HORMAD1	0.06	1.23	0.25	1	21.19
	A_32_P126688		0.2	4.29	7.14	1	21.13
23166	NM_015136	STAB1	0.61	12.94	663.97	1	21.07
	A_24_P195974		0.01	0.21	0.07	1	21.05
	A_24_P418216		0.01	0.21	0.07	1	21.03
	A_24_P790361		0.41	8.62	8.44	1	21.02
	A_24_P7021		0.01	0.21	0.09	1	20.97
	BC035379		0.07	1.41	1.76	1	20.9
	A_32_P42137		0.07	1.54	3.79	1	20.89
118471	NM_145202	PRAP1	0.02	0.44	1.17	1	20.86
84076	NM_032136	TKTL2	0.56	11.58	1.63	1	20.86
	THC2317149		0.14	2.85	0.41	1	20.83
4969	NM_033014	OGN	4.99	103.96	6.06	1	20.83
9545	BC007960	RAB3D	0.03	0.54	0.11	1	20.78
	BC064982		0.01	0.21	0.32	1	20.73
54463	NM_019000	FLJ20152	0.01	0.21	0.4	1	20.73
164656	NM_153609	TMPRSS6	0.07	1.52	4.58	1	20.69
26095	NM_015605	PTPN20B	0.19	3.9	0.46	1	20.65
2346	NM_004476	FOLH1	0.07	1.42	7.63	1	20.64
256764	NM_182758	WDR72	0.62	12.86	108.07	1	20.62
6279	NM_002964	S100A8	0.34	7.05	298.29	1	20.59
4879	NM_002521	NPPB	0.02	0.5	0.01	1	20.57
23767	NM_198391	FLRT3	0.03	0.55	0.18	1	20.57
	THC2336713		0.15	3.02	1.4	1	20.54
353189	NM_180991	SLCO4C1	0.14	2.83	11.25	1	20.53
	THC2296085		0.14	2.91	0.35	1	20.46
4050	NM_002341	LTB	0.01	0.2	0.04	1	20.42
	BC022556		0.56	11.44	27.72	1	20.42
731	NM_000562	C8A	0.03	0.71	61.32	1	20.35
91937	NM_138379	TIMD4	0.02	0.44	17.49	1	20.23
57482	AL133028	KIAA1211	0.09	1.85	0.31	1	20.22
340719	NM_199461	NANOS1	0.03	0.68	0.02	1	20.21
	THC2310298		0.01	0.2	0.04	1	20.2
3689	NM_000211	ITGB2	0.18	3.67	44.06	1	20.18
	CD614215		0.01	0.2	1.38	1	20.01
80323	NM_025214	CCDC68	0.06	1.26	1.33	1	19.98
2258	NM_004114	FGF13	0.12	2.43	3.19	1	19.97
2678	NM_013430	GGT1	0.05	1.03	2.21	1	19.91
	ENST00000238576		0.11	2.19	12.33	1	19.89
1735	NM_001362	DIO3	0.7	13.86	5.42	1	19.83
78986	NM_024025	DUSP26	0.14	2.79	0.38	1	19.79
55894	NM_018661	DEFB103A	0.48	9.4	1.2	1	19.73
26172	AL117530	C3orf41	0.6	11.77	153.94	1	19.64
2328	NM_001002294	FMO3	0.03	0.66	6.73	1	19.63
79799	NM_024743	UGT2A3	0.05	1.02	0.39	1	19.59
	ENST00000219746		0.02	0.38	0.31	1	19.54
3075	NM_000186	CFH	0.99	19.22	61.6	1	19.46
717	NM_000063	C2	0.03	0.61	5.62	1	19.45
2259	NM_175929	FGF14	0.08	1.63	1.06	1	19.45
	THC2306968		0.56	10.89	3.06	1	19.42
284654	NM_173640	RSPO1	0.56	10.78	1.32	1	19.33
3242	NM_002150	HPD	0.01	0.19	1.52	1	19.31
326624	NM_175738	RAB37	0.01	0.19	1.59	1	19.28
2626	NM_002052	GATA4	0.04	0.78	1.65	1	19.27
10637	NM_020997	LEFTY1	0.08	1.54	1.76	1	19.25
134526	NM_130767	ACOT12	0.1	1.95	6.57	1	19.18
84457	NM_032439	PHYHIPL	0.07	1.4	1.3	1	19.14
3394	NM_002163	IRF8	0.05	0.93	1.81	1	19.12
84152	NM_032192	PPP1R1B	1.04	19.9	2.09	1	19.1
145200	XM_096733	C14orf72	0.01	0.24	0.05	1	19.05
	BC043195		0.1	1.94	0.1	1	19.04
	ENST00000308819		0.05	0.99	0.16	1	19.02
118663	NM_144587	BTBD16	0.06	1.18	3.7	1	18.99
6568	NM_005074	SLC17A1	0.03	0.57	2.8	1	18.97
5166	NM_002612	PDK4	0.16	3.06	21.9	1	18.96
	AF130107		0.26	4.91	5.36	1	18.95
	AK055409		0.6	11.32	7.45	1	18.94
5105	NM_002591	PCK1	0.16	3.12	725.29	1	18.89
163732	NM_133467	CITED4	0.01	0.19	0.17	1	18.89
11223	ENST00000334429	MSTP9	0.09	1.62	12.7	1	18.88
54979	NM_017878	HRASLS2	0.03	0.53	2.67	1	18.86
2706	NM_004004	GJB2	0.01	0.19	0.77	1	18.81
	AF261918		0.11	2.04	0.64	1	18.76
94274	NM_033256	PPP1R14A	0.19	3.5	1.82	1	18.73
5950	NM_006744	RBP4	0.01	0.19	2.39	1	18.73
	A_24_P332595		0.01	0.19	0.04	1	18.73
	A_24_P635991		0.56	10.39	1.41	1	18.66
10205	NM_144765	EVA1	0.06	1.09	0.85	1	18.62
	A_24_P306644		0.01	0.19	0.06	1	18.62
2215	NM_000570	FCGR3B	0.59	10.91	90.63	1	18.6
5161	NM_005390	PDHA2	0.56	10.35	2.15	1	18.55
9750	AB002384	C6orf32	0.74	13.67	30.98	1	18.49
56974	ENST00000360887	DKFZp547K054	0.63	11.53	5.51	1	18.4
56999	NM_182920	ADAMTS9	0.07	1.22	0.3	1	18.36
171425	NM_206808	CLYBL	0.02	0.4	0.38	1	18.32
	AK126405		0.73	13.3	11.58	1	18.32
58510	NM_021232	PRODH2	0.02	0.31	9.65	1	18.31
2053	NM_001979	EPHX2	0.09	1.73	9.74	1	18.27
	THC2281591		0.06	1.17	0.21	1	18.25
1589	NM_000500	CYP21A2	0.18	3.22	3.96	1	18.21
7850	NM_004633	IL1R2	0.02	0.33	0.6	1	18.2
83937	NM_032023	RASSF4	0.03	0.46	0.17	1	18.19
1592	NM_057157	CYP26A1	0.02	0.42	1.85	1	18.17
80333	NM_147182	KCNIP4	0.56	10.14	1.39	1	18.16
7855	NM_003468	FZD5	0.01	0.22	0.68	1	18.16
79789	NM_024734	CLMN	0.01	0.18	0.82	1	18.16
	ENST00000330567		0.01	0.18	0.09	1	18.13
79961	NM_024901	DENND2D	0.04	0.64	0.31	1	17.97
	AB075838		0.08	1.45	2.61	1	17.95
	A_24_P366546		0.19	3.49	3.1	1	17.94
	AK091978		0.15	2.69	16.52	1	17.93
5369	NM_153381	PMCHL1	0.13	2.41	0.32	1	17.93
164832	CR590043	LONRF2	0.15	2.68	1.54	1	17.92
54020	NM_018964	SLC37A1	0.01	0.18	0.1	1	17.9
2027	NM_001976	ENO3	0.02	0.31	2.02	1	17.84
9076	NM_021101	CLDN1	0.01	0.18	0.1	1	17.81
	A_24_P41662		0.12	2.19	2.02	1	17.81
28984	NM_014059	RGC32	5.28	93.67	6.1	1	17.75
1028	NM_000076	CDKN1C	0.8	14.27	19.92	1	17.74
8631	NM_003726	SCAP1	0.02	0.32	0.97	1	17.72
	A_24_P127362		0.01	0.21	0.08	1	17.71
	A_32_P68205		0.03	0.6	2.57	1	17.66
	A_24_P844100		0.01	0.18	0.04	1	17.66
	AB032989		0.06	0.99	1.69	1	17.62
23553	NM_012269	HYAL4	0.18	3.17	0.44	1	17.59
5340	NM_000301	PLG	0.08	1.36	14.74	1	17.58
93099	NM_033317	DMKN	0.15	2.61	0.09	1	17.55
	THC2314457		0.03	0.55	0.39	1	17.53
57633	NM_020873	LRRN1	0.6	10.44	1.41	1	17.47
26049	CR936791	KIAA0888	0.05	0.84	1.24	1	17.45
283481	BC033993	LOC283481	0.02	0.33	1.15	1	17.31
	THC2431122		0.6	10.36	19.11	1	17.29
5348	NM_005031	FXYD1	0.02	0.41	4.18	1	17.22
122060	NM_144595	FLJ30046	0.03	0.58	1.5	1	17.14
	A_23_P15226		0.05	0.81	0.84	1	17.14
4033	NM_006152	LRMP	0.57	9.81	6.04	1	17.12
443	NM_000049	ASPA	0.88	15.13	3.62	1	17.11
	BE671947		0.56	9.55	1.37	1	17.09
319	NM_001638	APOF	0.07	1.11	361.43	1	17.03
	BC004287		0.58	9.94	20.09	1	17.03
	CR593560		0.71	12.05	3.64	1	16.99
8639	NM_003734	AOC3	0.17	2.84	11.29	1	16.98
	ENST00000244249		0.09	1.52	1.91	1	16.97
55620	NM_001013841	STAP2	0.01	0.18	0.14	1	16.96
	BC023274		0.15	2.55	6.05	1	16.93
	XM_497696		0.14	2.44	1.69	1	16.92
1237	NM_005201	CCR8	0.55	9.37	1.41	1	16.92
203328	NM_145006	SUSD3	0.02	0.34	0.59	1	16.9
123036	NM_152332	MTAC2D1	0.07	1.14	0.4	1	16.83
8714	NM_020038	ABCC3	0.02	0.35	0.81	1	16.82
	ENST00000278949		0.05	0.9	0.35	1	16.81
	AW386276		0.09	1.49	22.4	1	16.73
7075	NM_005424	TIE1	0.48	8.07	29.36	1	16.72
3078	NM_002113	CFHR1	0.66	11.11	45.93	1	16.72
65267	NM_020922	WNK3	0.11	1.87	15.83	1	16.72
330	NM_001165	BIRC3	0.01	0.17	0.02	1	16.63
	A_24_P471242		0.02	0.25	0.1	1	16.57
27237	NM_014448	ARHGEF16	0.03	0.54	0.37	1	16.56
9770	NM_014737	RASSF2	0.31	5.15	3.84	1	16.56
	ENST00000256969		0.12	1.95	0.22	1	16.56
	A_24_P341546		0.01	0.17	0.06	1	16.55
151126	NM_152520	ZNF533	0.14	2.24	4.56	1	16.53
	THC2433864		0.11	1.75	11.81	1	16.53
7429	NM_007127	VIL1	0.01	0.17	0.04	1	16.51
117248	NM_054110	GALNTL2	1.65	27.15	14.21	1	16.47
	A_32_P149806		0.82	13.59	1.34	1	16.47
9420	NM_004820	CYP7B1	0.09	1.55	4.67	1	16.44
83641	NM_031453	FAM107B	0.02	0.34	0.81	1	16.42
26508	NM_014571	HEYL	0.45	7.38	17.09	1	16.42
	CR624517		0.51	8.37	17.51	1	16.39
81494	NM_030787	CFHR5	0.55	9.08	924.13	1	16.39
158402	AK056358	LOC158402	0.07	1.06	0.18	1	16.36
	BQ000605		0.08	1.33	0.92	1	16.34
6694	NM_006944	SPP2	0.01	0.16	1.34	1	16.32
3818	NM_000892	KLKB1	0.16	2.53	10.06	1	16.29
	CR596491		0.19	3.09	0.52	1	16.27
5288	NM_004570	PIK3C2G	0.04	0.7	6.31	1	16.25
	BM727182		0.1	1.66	4.68	1	16.2
4645	AK025336	MYO5B	0.01	0.16	0.21	1	16.2
	AK027294		12.74	206.27	13.45	1	16.19
23531	NM_012329	MMD	0.18	2.93	0.82	1	16.15
590	NM_000055	BCHE	0.26	4.23	6.06	1	16.14
440607	NM_001017986	LOC440607	0.56	8.99	19.05	1	16.12
89932	NM_173462	PAPLN	0.15	2.37	0.13	1	16.08
10878	NM_021023	CFHR3	0.51	8.25	23.81	1	16.07
	A_32_P112546		0.01	0.16	0.08	1	16.03
3823	NM_007333	KLRC3	0.1	1.63	0.33	1	16.03
	BX648086		0.03	0.44	0.23	1	16.01
	A_24_P203976		0.13	2.13	1.06	1	15.99
5140	NM_000922	PDE3B	0.05	0.72	3.25	1	15.95
	A_32_P114268		0.22	3.49	1.36	1	15.92
84952	NM_032866	CGNL1	0.04	0.68	1.07	1	15.9
1244	NM_000392	ABCC2	0.02	0.29	0.79	1	15.88
	A_24_P281605		0.01	0.16	0.07	1	15.85
57834	NM_021187	CYP4F11	0.02	0.25	3.92	1	15.84
283102	BC093663	FLJ46111	0.01	0.16	0.06	1	15.84
9514	NM_004861	GAL3ST1	0.01	0.16	0.04	1	15.83
	AK026826		1.34	21.17	119.07	1	15.83
	A_24_P186746		0.02	0.27	0.11	1	15.82
	D86984		0.05	0.82	1.75	1	15.82
	A_24_P843309		0.01	0.16	0.06	1	15.78
9620	NM_014246	CELSR1	0.05	0.71	0.28	1	15.77
	A_24_P323974		0.12	1.88	0.84	1	15.65
254950	NM_181623	KRTAP15-1	0.57	8.87	1.39	1	15.65
	AJ297349		0.43	6.72	4.71	1	15.62
	BG547557		0.23	3.65	1.48	1	15.6
10246	NM_005835	SLC17A2	0.05	0.81	19.16	1	15.6
9235	NM_001012631	IL32	0.01	0.16	0.06	1	15.57
	AK074181		0.1	1.55	0.1	1	15.56
66002	NM_023944	CYP4F12	0.01	0.16	1.77	1	15.54
	BC062780		0.56	8.68	124.44	1	15.52
	ENST00000303697		0.15	2.35	1.81	1	15.48
11136	NM_014270	SLC7A9	0.01	0.18	0.73	1	15.47
10158	NM_005764	PDZK1IP1	0.01	0.15	0.06	1	15.39
	A_23_P62857		0.13	1.92	399.21	1	15.37
23242	NM_015198	COBL	0.01	0.15	0.52	1	15.36
94031	NM_053044	HTRA3	3.24	49.74	30.33	1	15.35
84675	NM_184086	TRIM55	0.01	0.15	1.13	1	15.28
	A_24_P96857		0.06	0.95	0.93	1	15.24
79100	BC068047	MGC4473	0.15	2.31	12.88	1	15.24
	AK098314		0.12	1.78	1.54	1	15.23
7103	NM_004616	TSPAN8	0.13	1.93	5.46	1	15.22
	BG115911		0.21	3.19	0.53	1	15.22
50834	NM_019599	TAS2R1	0.55	8.44	1.4	1	15.22
	A_32_P42842		0.55	8.41	139.04	1	15.2
	BM768581		0.09	1.38	0.23	1	15.2
10840	NM_012190	ALDH1L1	0.01	0.22	5.38	1	15.19
3728	NM_002230	JUP	0.02	0.25	0.3	1	15.19
54436	NM_018986	SH3TC1	0.03	0.51	1.18	1	15.18
167838	NM_153235	TXLNB	0.85	12.87	1.89	1	15.16
10461	U08023	MERTK	0.17	2.54	14.55	1	15.15
	THC2440027		0.08	1.28	1.87	1	15.15
55138	NM_018088	FAM90A1	0.16	2.43	3.13	1	15.06
	BC030083		0.6	9	4.42	1	15.02
	NM_002900		0.31	4.72	0.75	1	15.01
196410	NM_152637	METTL7B	0.01	0.2	1.52	1	15.01
	AK021427		0.07	1.03	2.37	1	14.98
8843	NM_006018	GPR109B	0.63	9.45	1.09	1	14.97
643194	AK027541	LOC643194	0.01	0.15	0.39	1	14.95
	A_32_P48949		0.99	14.83	1.37	1	14.91
78989	NM_199235	COLEC11	1.89	28.16	97.84	1	14.88
646023	AK091970	FLJ34651	0.02	0.26	3.55	1	14.88
114782	AB067468	KIAA1881	0.04	0.52	1.31	1	14.86
80319	NM_025212	CXXC4	0.29	4.35	7.57	1	14.84
54886	NM_207299		0.25	3.7	2.6	1	14.78
	ENST00000256367		0.01	0.15	0.02	1	14.72
5791	NM_006504	PTPRE	2.21	32.54	16.23	1	14.7
	A_24_P780319		0.03	0.45	0.23	1	14.65
364	NM_001170	AQP7	0.01	0.15	0.16	1	14.64
	THC2376526		0.11	1.58	7.07	1	14.63
745	NM_013279	C11orf9	0.02	0.33	0.09	1	14.61
1942	NM_004428	EFNA1	0.12	1.82	16.55	1	14.61
	XM_497583		0.1	1.53	1.11	1	14.6
6372	NM_002993	CXCL6	2.24	32.58	4.57	1	14.57
	AI916628		0.05	0.8	4.2	1	14.55
400604	BC039664	LOC400604	0.06	0.82	0.95	1	14.51
	THC2415723		0.07	0.98	0.13	1	14.49
5320	NM_000300	PLA2G2A	0.11	1.66	266.8	1	14.48
92312	AK125482	LOC92312	0.09	1.34	0.24	1	14.47
	BC041401		0.87	12.58	1.36	1	14.46
	THC2318057		0.04	0.53	0.02	1	14.44
89870	NM_033229	TRIM15	0.01	0.14	0.21	1	14.42
	A_24_P350136		0.02	0.25	0.15	1	14.41
	THC2350023		0.61	8.83	4.08	1	14.38
366	NM_020980	AQP9	0.01	0.14	6.18	1	14.38
57715	NM_017893	SEMA4G	0.04	0.55	2.41	1	14.37
	XM_497684		0.15	2.22	0.38	1	14.33
285401	AK091178	LOC285401	0.01	0.14	0.05	1	14.32
85442	AK074179	KNDC1	0.06	0.9	2.23	1	14.31
3382	NM_004968	ICA1	0.57	8.17	40.16	1	14.28
	AK091028		0.17	2.36	0.65	1	14.26
4239	NM_002404	MFAP4	144.31	2052.83	56.49	1	14.23
619279	AK131274	ZNF704	0.07	1.06	1.16	1	14.22
947	NM_001773	CD34	1.08	15.31	15.14	1	14.21
6280	NM_002965	S100A9	0.01	0.14	1.02	1	14.19
	THC2314823		0.07	0.94	0.14	1	14.19
6688	NM_003120	SPI1	0.59	8.38	1.54	1	14.19
10331	NM_014256	B3GNT3	0.01	0.14	0.04	1	14.16
92421	NM_152284	CHMP4C	0.08	1.11	0.91	1	14.16
	ENST00000295989		0.74	10.47	4.51	1	14.15
63947	NM_033053	DMRTC1	0.41	5.72	1.17	1	14.08
	THC2435579		0.07	0.93	1.36	1	14.08
440738	NM_001004343	MAP1LC3C	1.36	19.14	1.05	1	14.08
912	NM_001766	CD1D	0.58	8.15	126.69	1	14.05
	A_24_P401601		0.02	0.22	0.1	1	14.02
9368	NM_004252	SLC9A3R1	0.02	0.23	0.6	1	13.99
54	NM_001611	ACP5	0.11	1.56	5.15	1	13.98
	A_32_P83411		0.6	8.44	4.15	1	13.95
	A_24_P562369		0.04	0.54	1.67	1	13.9
148641	NM_173508	SLC35F3	0.01	0.18	0.02	1	13.88
2982	NM_000856	GUCY1A3	1.87	25.92	46.73	1	13.86
3784	NM_000218	KCNQ1	0.55	7.65	109.5	1	13.85
1840	NM_004416	DTX1	0.1	1.4	27.51	1	13.78
72	NM_001615	ACTG2	0.79	10.85	7.48	1	13.77
2977	NM_000855	GUCY1A2	0.76	10.45	1.31	1	13.77
	A_24_P930596		0.6	8.31	1.36	1	13.74
	THC2252745		0.08	1.03	2.31	1	13.73
6364	NM_004591	CCL20	0.01	0.14	0.01	1	13.72
4094	AF055376	MAF	0.3	4.08	7.46	1	13.67
	AK094799		0.09	1.19	1.14	1	13.67
8528	NM_003649	DDO	0.06	0.83	1.28	1	13.64
	A_24_P745352		0.01	0.14	0.05	1	13.63
80223	NM_001002233	RAB11FIP1	0.01	0.19	0.13	1	13.59
254427	NM_153256	C10orf47	0.01	0.14	0.23	1	13.58
	A_24_P289573		0.12	1.69	1.32	1	13.54
5745	NM_000316	PTHR1	1.6	21.65	126.09	1	13.53
	A_24_P15083		0.1	1.38	3.04	1	13.51
	THC2342908		0.56	7.58	1.33	1	13.5
	NM_153204		0.1	1.3	1.03	1	13.5
23676	NM_014332	SMPX	0.09	1.18	0.2	1	13.45
144193	NM_152435	AMDHD1	0.04	0.52	17.81	1	13.44
56159	NM_001003811	TEX11	0.04	0.49	0.09	1	13.4
79632	NM_024581	C6orf60	0.11	1.54	3.88	1	13.39
53347	NM_018961	UBASH3A	0.56	7.48	5.05	1	13.34
	THC2317680		0.55	7.39	1.5	1	13.32
1548	NM_000762	CYP2A6	0.05	0.61	493.31	1	13.31
8564	NM_003679	KMO	0.19	2.57	7.09	1	13.31
	ENST00000344259		0.07	0.94	2.4	1	13.3
135398	NM_153344	C6orf141	0.03	0.43	0.03	1	13.29
	A_24_P153003		0.01	0.15	0.03	1	13.27
4485	NM_020998	MST1	0.12	1.54	12.07	1	13.26
	THC2339079		0.03	0.42	2.45	1	13.24
25928	NM_015464	SOSTDC1	0.56	7.39	1.37	1	13.22
760	NM_000067	CA2	0.02	0.24	3.82	1	13.21
389125	NM_205853	MUSTN1	0.56	7.4	10.37	1	13.21
5029	NM_176072	P2RY2	0.01	0.13	0.22	1	13.19
1612	NM_004938	DAPK1	0.03	0.35	0.31	1	13.18
8794	NM_003841	TNFRSF10C	0.08	0.99	0.12	1	13.18
2523	NM_000148	FUT1	0.02	0.23	0.75	1	13.15
2308	NM_002015	FOXO1A	0.13	1.74	2.53	1	13.11
	XM_060887		0.08	1.01	0.39	1	13.11
83729	NM_031479	INHBE	0.06	0.73	0.91	1	13.07
129807	NM_080741	NEU4	0.03	0.33	3.44	1	13.04
10008	NM_005472	KCNE3	0.28	3.68	5.07	1	13.04
3937	NM_005565	LCP2	0.68	8.88	57.44	1	13.03
119467	NM_152311	TMEM12	0.43	5.53	251.07	1	13.01
83543	NM_001002260	C9orf58	0.24	3.07	11.53	1	13.01
	ENST00000244221		0.15	1.89	18.93	1	12.98
	THC2306075		0.05	0.66	0.11	1	12.96
	THC2272363		0.14	1.78	4.38	1	12.95
	ENST00000305423		0.02	0.26	0.17	1	12.92
	CR613736		0.01	0.13	0.07	1	12.91
27284	D89479	SULT1B1	0.18	2.34	37.5	1	12.91
	A_24_P900555		0.04	0.47	1.94	1	12.91
	A_23_P347100		0.16	2.01	0.81	1	12.9
79656	NM_024603	C1orf165	0.63	8.09	2.42	1	12.81
4938	NM_002534	OAS1	0.04	0.54	0.39	1	12.76
	AK125162		0.6	7.6	1.4	1	12.76
9480	NM_004852	ONECUT2	0.02	0.21	1.1	1	12.72
	THC2384778		0.14	1.84	2.15	1	12.7
	CR627448		0.05	0.6	0.41	1	12.67
4647	NM_000260	MYO7A	0.03	0.37	0.54	1	12.65
1674	NM_017569	DES	0.32	4.07	2.01	1	12.64
7006	NM_003215	TEC	0.05	0.63	0.92	1	12.6
	A_24_P93111		0.01	0.13	0.03	1	12.59
	AF289562		1.24	15.56	6.33	1	12.58
6423	NM_003013	SFRP2	2.05	25.75	1.07	1	12.58
650	NM_001200	BMP2	0.01	0.14	0.02	1	12.56
	THC2380698		0.2	2.53	3.26	1	12.55
420	NM_021071	ART4	0.03	0.39	1.44	1	12.55
80008	NM_024943	TMEM156	0.17	2.09	0.41	1	12.52
5730	NM_000954	PTGDS	1.52	19.02	2.78	1	12.51
51085	NM_032951	MLXIPL	0.16	1.97	25.63	1	12.51
84451	NM_032435	KIAA1804	0.03	0.43	0.4	1	12.51
90060	NM_033626	CCDC120	0.02	0.28	0.11	1	12.51
	A_23_P170713		0.13	1.69	3.07	1	12.5
	AW505189		0.25	3.07	0.25	1	12.47
2159	NM_000504	F10	0.07	0.82	6.36	1	12.46
55224	NM_018208	ETNK2	0.01	0.12	2.28	1	12.45
	AK021751		0.59	7.36	1.48	1	12.41
23214	NM_015171	XPO6	0.07	0.88	0.57	1	12.4
114088	NM_052978	TRIM9	0.61	7.62	4.25	1	12.39
	BC063641		0.03	0.4	4.44	1	12.37
	XM_372996		0.09	1.09	0.77	1	12.37
390211	A_24_P890995	LOC390211	0.01	0.12	0.04	1	12.36
3291	NM_000196	HSD11B2	0.11	1.41	1.2	1	12.36
	AA704712		0.09	1.16	0.23	1	12.35
	AL049227		3.37	41.6	0.67	1	12.33
	ENST00000284293		0.09	1.14	0.85	1	12.32
	AK124939		0.07	0.87	2.5	1	12.32
3898	NM_005558	LAD1	0.01	0.12	0.11	1	12.32
84700	NM_032608	MYO18B	1.18	14.49	1.16	1	12.3
	AK023620		0.61	7.53	1.36	1	12.27
752	NM_005892	FMNL1	0.03	0.39	0.31	1	12.24
	THC2339241		0.47	5.71	4.51	1	12.22
	A_24_P701814		0.4	4.92	1.36	1	12.21
	A_24_P358474		0.01	0.12	0.04	1	12.2
462	NM_000488	SERPINC1	0.01	0.12	8.24	1	12.17
	A_23_P64051		0.06	0.7	0.24	1	12.17
23550	NM_012455	PSD4	0.01	0.17	0.91	1	12.15
	A_23_P170719		0.01	0.15	0.17	1	12.13
55281	NM_018295	TMEM140	0.29	3.55	1.6	1	12.12
	DR008018		0.19	2.31	1.51	1	12.12
9144	NM_004710	SYNGR2	0.02	0.23	0.29	1	12.11
51557	NM_016571	GLULD1	0.56	6.79	1.29	1	12.07
2039	NM_001978	EPB49	0.01	0.18	0.18	1	12.06
23624	NM_012116	CBLC	0.01	0.12	0.23	1	12.03
	AW444553		0.14	1.69	2.09	1	12.03
58494	NM_021219	JAM2	5.91	70.97	31.62	1	12.01
638	NM_001197	BIK	0.01	0.14	0.02	1	12
2051	NM_004445	EPHB6	0.21	2.49	0.37	1	11.98
1848	NM_001946	DUSP6	0.37	4.48	2.68	1	11.98
10266	NM_005854	RAMP2	0.6	7.16	1.39	1	11.97
151230	BC016950	KLHL23	0.07	0.89	0.74	1	11.94
10809	NM_006645	STARD10	0.03	0.33	1.02	1	11.93
23460	NM_080284	ABCA6	0.39	4.61	16.06	1	11.91
	A_32_P97373		0.12	1.38	2.18	1	11.9
57733	NM_020973	GBA3	0.13	1.55	45.52	1	11.9
57402	NM_020672	S100A14	0.01	0.12	0.03	1	11.88
206338	NM_173800	FLJ90650	1.54	18.26	1.28	1	11.87
56134	NM_031883	PCDHAC2	0.59	7.01	1.24	1	11.86
26998	NM_014375	FETUB	0.01	0.12	1.28	1	11.82
	A_24_P221057		0.12	1.4	0.87	1	11.81
1045	NM_001265	CDX2	0.14	1.63	0.83	1	11.77
347735	NM_178865	SERINC2	0.04	0.46	0.45	1	11.76
28234	NM_019844	SLCO1B3	0.01	0.12	18.97	1	11.74
7068	NM_000461	THRB	0.02	0.24	0.77	1	11.73
200931	NM_152672	OSTalpha	0.01	0.12	0.75	1	11.72
123264	NM_178859	OSTbeta	0.01	0.16	0.59	1	11.71
58475	NM_021201	MS4A7	0.44	5.13	38.08	1	11.71
285016	NM_001002919	LOC285016	0.13	1.54	4.18	1	11.71
2538	NM_000151	G6PC	0.05	0.6	355.27	1	11.69
54083	AL117578	C21orf30	0.04	0.45	3.21	1	11.68
7122	NM_003277	CLDN5	0.01	0.12	1.69	1	11.66
	BM550834		2.45	28.5	40.61	1	11.63
5207	NM_002625	PFKFB1	0.02	0.22	2.11	1	11.62
	ENST00000308989		0.13	1.54	1.67	1	11.61
	AK002066		0.33	3.84	1.26	1	11.6
3012	NM_021052	HIST1H2AE	0.07	0.81	0.54	1	11.6
3965	NM_009587	LGALS9	0.03	0.4	0.4	1	11.59
	THC2408277		0.65	7.57	3.36	1	11.58
285189	THC2308082	PLGLA1	0.16	1.88	20.55	1	11.56
	A_23_P136392		0.09	1.1	0.46	1	11.56
	AF086375		0.51	5.88	5.22	1	11.55
	AX781433		0.09	1.05	21.52	1	11.55
5414	NM_004574	39329	0.17	1.94	8.34	1	11.53
	XM_496156		0.03	0.29	0.75	1	11.52
	ENST00000327707		0.02	0.27	0.14	1	11.52
9781	NM_014746	RNF144	0.37	4.25	0.78	1	11.5
388533	NM_207392	UNQ467	0.36	4.16	3.03	1	11.5
	M27126		1.63	18.64	109.57	1	11.47
3856	NM_002273	KRT8	0.01	0.16	0.08	1	11.45
	AF010235		0.57	6.49	1.39	1	11.45
1368	NM_001874	CPM	0.05	0.63	0.85	1	11.44
80318	NM_025211	GKAP1	0.12	1.32	2.47	1	11.42
	A_24_P333112		0.16	1.84	1.28	1	11.4
	A_24_P169843		0.02	0.22	0.09	1	11.38
54039	NM_020528	PCBP3	0.63	7.18	1.36	1	11.38
2220	NM_004108	FCN2	0.59	6.67	4529.42	1	11.37
	AK096387		1.56	17.67	33.09	1	11.34
	AK026756		0.25	2.87	2.65	1	11.34
	AK056882		0.06	0.69	0.26	1	11.34
1287	NM_033380	COL4A5	6.07	68.67	17.94	1	11.31
2646	NM_001486	GCKR	0.03	0.37	4.01	1	11.3
27063	NM_014391	ANKRD1	0.14	1.59	0.01	1	11.3
	THC2329321		0.36	4.08	0.68	1	11.3
	CR593784		0.91	10.27	2.01	1	11.29
80310	NM_025208	PDGFD	3.86	43.59	3.42	1	11.28
	A_24_P910504		0.66	7.47	25.25	1	11.28
646990	BC014346	LOC646990	0.13	1.41	1.63	1	11.25
1238	NM_001296	CCBP2	0.11	1.24	0.42	1	11.23
	AK024336		0.67	7.45	1.36	1	11.2
51066	NM_015931	C3orf32	0.11	1.25	0.13	1	11.19
79817	NM_024761	MOBKL2B	0.15	1.72	1.69	1	11.17
389432	THC2278542		1.34	15.02	63.64	1	11.17
26154	NM_173076	ABCA12	0.56	6.28	1.37	1	11.16
28999	NM_014079	KLF15	0.1	1.07	7.76	1	11.16
10786	NM_006632	SLC17A3	0.02	0.21	1.04	1	11.15
3957	NM_006498	LGALS2	0.05	0.56	5	1	11.14
51704	NM_016235	GPRC5B	0.04	0.47	0.05	1	11.13
6590	NM_003064	SLPI	0.04	0.48	6.22	1	11.11
2331	NM_002023	FMOD	2.97	33.03	7.69	1	11.1
	A_24_P685729		0.14	1.61	1.21	1	11.1
1370	BC042334	CPN2	0.04	0.42	4.66	1	11.09
54760	NM_017573	PCSK4	0.26	2.85	3.24	1	11.08
	THC2442822		1.39	15.38	2.66	1	11.07
93986	NM_014491	FOXP2	0.21	2.32	2.16	1	11.07
6934	NM_030756	TCF7L2	0.14	1.59	1.1	1	11.06
	CR749547		0.57	6.28	3.45	1	11.05
	CR603982		1.13	12.43	1.35	1	11.03
	BC030768		0.04	0.43	2.41	1	11.02
387914	NM_001007538	TMEM46	0.15	1.71	15.31	1	11.02
9340	BC043390	GLP2R	0.11	1.22	0.51	1	11.01
340277	NM_199136	MGC72075	0.14	1.54	4.18	1	11
5918	NM_002888	RARRES1	1.67	18.36	1.46	1	10.97
9649	NM_014636	RALGPS1	0.14	1.52	0.29	1	10.96
2878	NM_002084	GPX3	0.15	1.67	3.92	1	10.94
140	NM_000677	ADORA3	0.69	7.48	16.63	1	10.9
	A_24_P917595		0.56	6.09	3.01	1	10.88
54143	AY077696	C21orf74	0.08	0.82	0.19	1	10.87
145226	NM_152443	RDH12	0.03	0.3	2.48	1	10.86
56521	NM_021800	DNAJC12	0.1	1.12	2.32	1	10.86
643431	A_24_P247074	LOC643431	0.01	0.11	0.05	1	10.83
4908	NM_002527	NTF3	0.63	6.78	11.03	1	10.78
3283	NM_000862	HSD3B1	0.14	1.51	0.39	1	10.77
285489	NM_173660	C4orf25	0.01	0.11	0.05	1	10.77
6236	NM_004165	RRAD	0.01	0.11	0.01	1	10.76
	A_23_P135063		0.39	4.23	0.31	1	10.76
	BX537788		2.21	23.8	1.38	1	10.76
	AV741130		0.01	0.11	0.07	1	10.76
	A_32_P13081		0.22	2.4	1.56	1	10.75
	THC2316753		0.07	0.79	1.69	1	10.75
	ENST00000332888		0.01	0.11	0.03	1	10.75
	AK000144		0.12	1.25	0.3	1	10.74
2643	NM_000161	GCH1	0.04	0.41	4.59	1	10.73
	A_32_P122595		0.28	3.06	0.96	1	10.73
	A_32_P160793		0.16	1.68	1.99	1	10.72
79730	NM_024677	NSUN7	0.12	1.25	0.58	1	10.69
	A_24_P238427		0.11	1.17	1.86	1	10.66
	AK024956		0.18	1.97	1.81	1	10.64
6768	NM_021978	ST14	0.02	0.2	0.08	1	10.63
2065	NM_001982	ERBB3	0.05	0.53	1.89	1	10.61
	BG191465		0.01	0.15	0.01	1	10.58
123591	NM_152335	C15orf27	0.57	6.04	1.38	1	10.57
252953	NR_001535	TTTY21	0.56	5.9	1.38	1	10.57
9633	NM_004923	MTL5	0.15	1.61	2.29	1	10.57
	BC018589		0.03	0.31	0.21	1	10.56
	ENST00000227451		0.07	0.69	2.06	1	10.56
	BC037328		0.66	6.99	4.78	1	10.56
400451	NM_207446	LOC400451	0.14	1.44	0.75	1	10.56
57007	NM_020311	CMKOR1	0.05	0.52	4.59	1	10.54
3481	NM_001007139	IGF2	0.01	0.11	0.41	1	10.54
	A_24_P247454		0.03	0.26	0.11	1	10.53
	A_24_P491471		0.61	6.45	1.36	1	10.51
283284	NM_173588	IGSF22	0.04	0.46	0.14	1	10.51
94	NM_000020	ACVRL1	8.24	86.55	13.46	1	10.5
	A_23_P156562		0.21	2.21	3.63	1	10.5
2161	NM_000505	F12	0.02	0.25	9.25	1	10.46
150209	NM_144704	AIFL	0.09	0.95	0.37	1	10.41
51222	NM_016423	ZNF219	0.08	0.82	0.49	1	10.37
302	NM_001002857	ANXA2	0.13	1.33	0.07	1	10.36
128346	NM_174896	C1orf162	0.19	1.98	20.76	1	10.34
1154	NM_145071	CISH	0.18	1.89	15.99	1	10.34
1240	NM_004072	CMKLR1	1.43	14.78	8.87	1	10.33
27289	NM_014470	RND1	0.03	0.27	0.34	1	10.32
3918	NM_005562	LAMC2	0.05	0.52	0.01	1	10.32
	THC2343287		0.64	6.61	20.42	1	10.31
151438	AK055877	LOC151438	0.39	4.06	51.81	1	10.3
	THC2407816		0.04	0.43	0.24	1	10.28
138311	NM_152421	FAM69B	0.56	5.77	3.44	1	10.27
5896	NM_000448	RAG1	0.21	2.16	1.85	1	10.26
6206	NM_001016	RPS12	0.19	1.91	1.84	1	10.24
54972	NM_017870	TMEM132A	0.05	0.47	0.01	1	10.24
5212	NM_053276	VIT	27.78	284.03	2.44	1	10.23
2940	NM_000847	GSTA3	0.01	0.1	0.04	1	10.22
127	NM_000670	ADH4	0.04	0.37	68.83	1	10.21
89790	NM_033130	SIGLEC10	0.59	6.06	29.62	1	10.21
80035	AK021784	C15orf28	0.34	3.5	2.55	1	10.2
	THC2308325		1.17	11.96	1.38	1	10.2
221613	NM_170745	HIST1H2AA	0.09	0.89	0.54	1	10.2
	BC038245		0.11	1.12	0.23	1	10.2
	ENST00000327669		0.04	0.46	0.64	1	10.19
245	AF020774	ALOX12P2	0.05	0.55	0.45	1	10.16
121601	NM_178826	TMEM16D	3.17	32.18	1.36	1	10.14
128578	BC014951	C20orf107	0.56	5.68	1.38	1	10.13
445329	NM_001017389	SULT1A4	0.15	1.54	1.94	1	10.11
85320	NM_033151	ABCC11	0.03	0.31	9.81	1	10.11
83938	NM_032024	C10orf11	0.12	1.17	0.76	1	10.08
	A_24_P281395		0.56	5.61	1.39	1	10.08
57502	NM_020742	NLGN4X	0.58	5.87	4.79	1	10.07
55824	NM_018440	PAG1	0.22	2.23	1.35	1	10.07
3911	NM_005560	LAMA5	0.08	0.81	0.37	1	10.07
	AK025173		0.56	5.64	1.39	1	10.06
	A_23_P90470		0.71	7.14	2.86	1	10.06
	ENST00000305570		0.11	1.07	0.26	1	10.06
79603	NM_024552	LASS4	0.05	0.55	1.47	1	10.05
23596	NM_014322	OPN3	0.07	0.74	0.33	1	10.04
