Parametric P value	Mean of ratios in NHF-hTERT	Mean of ratios in NHF-hTERT shp53	Fold difference of means	Unique ID
p < 1e-07	23.051	1.203	19.161	MDM2
1.00E-07	16.848	1.557	10.821	MDM2
4.00E-07	7.677	0.502	15.293	BTG2
5.00E-07	9.3	1.099	8.462	MDM2
9.00E-07	9.01	1.531	5.885	MGC5370
1.00E-06	7.227	1.476	4.896	TP53I3
1.30E-06	17.253	1.075	16.049	SULF2
1.60E-06	13.951	1.206	11.568	GDF15
2.30E-06	4.682	0.88	5.32	CYFIP2
2.90E-06	4.122	0.937	4.399	NINJ1
3.00E-06	5.785	0.662	8.739	TP53I3
3.20E-06	3.863	0.908	4.254	TP53I3
3.20E-06	2.78	0.578	4.81	LOC728364
3.90E-06	2.346	0.422	5.559	ANK1
4.70E-06	12.503	1.059	11.806	PLTP
5.20E-06	9.292	1.675	5.547	MGC5370
5.30E-06	12.678	1.428	8.878	MDM2
5.30E-06	13.586	0.932	14.577	PLTP
9.90E-06	1.869	0.227	8.233	DCAMKL1
1.02E-05	4.912	0.772	6.363	SESN1
1.30E-05	5.059	0.715	7.076	KRT17
1.34E-05	2.632	0.465	5.66	FLJ41841
1.78E-05	3.29	0.974	3.378	TMEM68
2.12E-05	1.409	0.404	3.488	COLEC12
2.13E-05	3.903	1.022	3.819	LRDD
2.42E-05	4.096	0.858	4.774	SPATA18
2.47E-05	1.752	0.516	3.395	TM7SF2
2.69E-05	2.26	0.682	3.314	CTSZ
2.74E-05	1.218	0.133	9.158	PIP5K1A
2.92E-05	4.625	0.677	6.832	C4orf18
2.97E-05	5.493	1.371	4.007	TP53I3
3.26E-05	3.045	1.075	2.833	TRAF4
3.29E-05	1.507	0.527	2.86	PSD3
3.30E-05	1.953	0.417	4.683	THSD1
3.42E-05	1.83	0.383	4.778	TMEM35
3.43E-05	1.947	0.499	3.902	MASP1
3.58E-05	2.96	0.904	3.274	DEAF1
3.58E-05	3.257	1.155	2.82	KIAA0247
3.64E-05	2.724	0.966	2.82	COL4A5
3.67E-05	1.684	0.545	3.09	LOC203274
3.95E-05	2.475	0.823	3.007	ANK1
3.97E-05	6.349	0.952	6.669	C4orf18
4.25E-05	3.067	0.574	5.343	OSAP
4.70E-05	1.502	0.391	3.841	DPYSL4
4.83E-05	1.162	0.228	5.096	FGF9
5.29E-05	1.83	0.664	2.756	CFLAR
5.51E-05	2.47	0.727	3.398	FOLR3
6.01E-05	1.835	0.458	4.007	C1RL
6.53E-05	1.585	0.149	10.638	SGIP1
6.56E-05	1.471	0.317	4.64	LOC440456
6.69E-05	2.178	0.707	3.081	KCNJ2
6.87E-05	0.966	0.291	3.32	MAP3K7IP3
7.12E-05	1.372	0.384	3.573	ZNF652
7.19E-05	2.514	0.853	2.947	PHPT1
7.34E-05	1.557	0.327	4.761	MCC
7.41E-05	1.116	0.375	2.976	MGC9712
8.04E-05	1.777	0.594	2.992	PSD3
8.09E-05	3.529	1.217	2.9	NADSYN1
8.63E-05	3.155	1.206	2.616	PSG4
8.68E-05	2.18	0.722	3.019	ZNF337
9.22E-05	1.445	0.511	2.828	BPNT1
9.74E-05	3.324	0.635	5.235	RRAD
0.0001062	1.666	0.384	4.339	FAM55C
0.0001085	3.103	0.833	3.725	SNRPN
0.0001118	1.726	0.425	4.061	LAMB2
0.0001139	1.918	0.502	3.821	LOC728295
0.0001158	3.702	1.405	2.635	TRIAP1
0.0001188	1.666	0.581	2.867	ENTPD7
0.0001225	3.029	1.2	2.524	PSG1
0.0001262	0.626	0.076	8.237	TNRC5
0.000128	2.403	0.333	7.216	PPP1R3C
0.0001309	1.393	0.535	2.604	HFE
0.0001348	1.384	0.479	2.889	DFNB31
0.000136	1.199	0.131	9.153	APOL6
0.0001368	1.375	0.438	3.139	LOC257396
0.0001394	1.928	0.464	4.155	PSTPIP2
0.0001401	1.993	0.393	5.071	SNRPN
0.0001453	1.195	0.421	2.838	JMJD2B
0.0001457	3.237	0.922	3.511	LAMA4
0.0001459	2.559	0.417	6.137	C5orf4
0.0001484	2.934	1.133	2.59	PPM1D
0.0001535	4.407	1.578	2.793	C12orf5
0.0001549	3.044	0.606	5.023	PRKY
0.0001552	2.492	0.671	3.714	TP53AP1
0.0001582	0.986	0.265	3.721	S100A3
0.0001583	3.679	1.304	2.821	APOBEC3C
0.0001594	2.243	0.612	3.665	GAMT
0.0001615	3.151	1.01	3.12	ASCC3
0.0001667	1.059	0.29	3.652	EZH1
0.0001699	1.171	0.212	5.524	PRDM2
0.0001719	0.98	0.381	2.572	FLJ39198
0.0001728	1.868	0.586	3.188	BBC3
0.000176	2.935	0.529	5.548	PGF
0.000181	1.258	0.366	3.437	ZNF345
0.0001825	1.577	0.573	2.752	CEL
0.0001863	1.668	0.563	2.963	KIF26B
0.0001982	5.294	1.573	3.366	PAPPA
0.0002035	0.877	0.211	4.156	GOLGA8B
0.0002091	1.421	0.431	3.297	MGC15523
0.0002156	3.524	1.267	2.781	PSG5
0.0002171	2.054	0.745	2.757	INSM1
0.0002244	3.066	1.339	2.29	C20orf108
0.0002263	2.967	1.216	2.44	PSG5
0.0002322	2.917	1.23	2.372	TMEM142C
0.0002334	7.122	1.548	4.601	TP53INP1
0.0002396	2.022	0.833	2.427	C10orf54
0.0002513	1.157	0.306	3.781	ZNF501
0.0002537	2.735	1.103	2.48	CES2
0.0002546	6.782	0.952	7.124	VWCE
0.0002563	1.594	0.647	2.464	TNFSF14
0.0002641	1.173	0.392	2.992	ARPC1B
0.0002646	0.804	0.255	3.153	MGC3207
0.0002679	2.058	0.848	2.427	PANK1
0.0002756	3.211	1.041	3.085	PSG7
0.0002759	3.294	1.257	2.621	PSG8
0.000285	2.259	1.003	2.252	BLCAP
0.000289	2.451	0.867	2.827	RALGDS
0.0002906	1.074	0.295	3.641	UNC84A
0.000292	2.432	0.776	3.134	HMCN1
0.0002942	2.792	1.15	2.428	EPS8L2
0.0002991	4.123	1.487	2.773	CCNG1
0.0003026	1.178	0.291	4.048	TRIM2
0.0003131	1.418	0.605	2.344	GLB1L
0.0003266	1.411	0.597	2.363	LOC728903
0.0003339	0.943	0.417	2.261	TAF11
0.0003355	1.507	0.367	4.106	APBB1IP
0.0003518	1.123	0.393	2.858	COL14A1
0.0003622	2.019	0.831	2.43	PGPEP1
0.0003633	2.744	1.178	2.329	DHRS3
0.0003652	1.698	0.588	2.888	TBC1D2
0.0003659	3.162	1.322	2.392	PSG1
0.0003787	1.994	0.861	2.316	SLC9A7
0.0003816	3.671	1.048	3.503	APOBEC3C
0.0003825	1.05	0.345	3.043	FLJ21865
0.0003932	0.917	0.21	4.367	LOC646214
0.0003994	1.026	0.284	3.613	MRPL55
4.00E-04	0.866	0.317	2.732	TMEM16B
0.0004084	2.953	1.184	2.494	CD82
0.0004185	3.622	1.048	3.456	DGKA
0.0004261	1.104	0.317	3.483	PTAR1
0.0004335	4.037	1.073	3.762	ZMAT3
0.0004549	1.064	0.412	2.583	SEZ6
0.0004594	1.393	0.481	2.896	MGC3207
0.0004701	1.387	0.569	2.438	HFE
0.0004778	3.279	1.524	2.152	TNFRSF10B
0.0004936	1.047	0.274	3.821	POLR1C
0.0005231	2.776	1.287	2.157	STC2
0.0005249	2.801	1.328	2.109	C14orf43
0.0005325	2.03	0.259	7.838	TNFRSF14
0.0005347	1.969	0.754	2.611	GAL3ST4
0.0005348	1.536	0.549	2.798	DENND2D
0.0005358	2.478	1.125	2.203	TNFRSF10D
0.0005506	3.104	1.313	2.364	PSG3
0.0005549	2.731	1.335	2.046	DDB2
0.0005594	1.125	0.302	3.725	RPS23
0.000561	2.649	0.889	2.98	MCC
0.0005654	1.859	0.837	2.221	VDR
0.0005695	1.747	0.653	2.675	LOC221091
0.0005764	0.92	0.289	3.183	LOC731625
0.00058	3.264	1.195	2.731	PSG4
0.0005913	3.134	1.337	2.344	ISCU
0.0005922	1.108	0.457	2.425	NFIA
0.0005981	2.014	0.955	2.109	EPHA4
0.0006174	2.2	0.707	3.112	LOC643133
0.000629	1.008	0.295	3.417	PRDM7
0.000643	1.89	0.669	2.825	KLHL24
0.0006539	3.382	0.979	3.455	MASP1
0.0006562	1.611	0.778	2.071	HSDL2
0.0006662	1.657	0.551	3.007	ANKRD28
0.0006686	0.787	0.373	2.11	WDR78
0.0006698	1.455	0.691	2.106	NFAT5
0.0006761	1.301	0.547	2.378	IFNAR1
0.0006842	1.283	0.598	2.145	SFRS16
0.0006924	1.108	0.387	2.863	PIGZ
0.0007019	3.005	1.263	2.379	PSG8
0.0007083	3.02	0.799	3.78	HSPA4L
0.0007162	2.045	0.417	4.904	TNFRSF10A
0.0007165	0.891	0.392	2.273	C20orf119
0.0007255	0.813	0.295	2.756	UNKL
0.0007402	2.877	1.284	2.241	CDH13
0.0007406	3.7	1.626	2.276	GPC1
0.0007419	2.948	1.465	2.012	SULF1
0.0007432	0.943	0.425	2.219	PCDHGA4
0.0007442	1.292	0.516	2.504	GRID2
0.0007619	2.512	0.206	12.194	CPA4
0.0007693	2.623	1.208	2.171	MMP14
0.0007746	1.559	0.711	2.193	HEATR5B
0.0007835	1.423	0.31	4.59	MED18
0.0007935	1.048	0.523	2.004	ABCC9
0.0007986	2.479	1.036	2.393	RRM2B
0.0008025	1.435	0.643	2.232	PLEKHM1
0.0008034	1.61	0.472	3.411	VAMP1
0.0008082	1.349	0.475	2.84	DNAH9
0.0008272	1.352	0.491	2.754	SNRPN
0.000838	2.505	1.135	2.207	CES2
0.0008409	0.984	0.467	2.107	DOPEY1
0.0008448	2.47	1.039	2.377	ANKRD29
0.0008452	0.937	0.432	2.169	KIAA1586
0.0008485	1.297	0.442	2.934	FAM113A
0.0008583	2.273	1.053	2.159	YPEL3
0.0008714	3.209	1.62	1.981	FHL2
0.0008721	3.425	1.274	2.688	NADSYN1
0.0008789	1.672	0.738	2.266	PREPL
0.0008838	1.27	0.47	2.702	PLA2G4C
0.0008872	1.485	0.762	1.949	HFE
0.0008918	1.372	0.641	2.14	CRYL1
0.0009043	1.047	0.5	2.094	CCDC98
0.0009167	2.035	1.039	1.959	POU2F2
0.0009272	0.879	0.308	2.854	DEPDC7
0.0009329	1.285	0.626	2.053	USP15
0.0009351	1.172	0.295	3.973	HKDC1
0.0009527	1.778	0.791	2.248	EVC
0.0010024	1.31	0.607	2.158	MTMR10
0.0010211	0.548	0.212	2.585	EIF2C4
0.001028	1.177	0.498	2.363	YIPF6
0.0010684	1.303	0.456	2.857	TSC22D3
0.0010722	1.06	0.496	2.137	LOC286526
0.0010809	1.514	0.751	2.016	8-Mar
0.0010818	2.667	1.275	2.092	MKNK2
0.0010867	0.994	0.301	3.302	TBN
0.0010905	1.761	0.867	2.031	SNHG8
0.0010988	2.565	1.328	1.931	ASCC3
0.0011028	0.984	0.313	3.144	RAB28
0.001106	1.089	0.452	2.409	METTL7A
0.0011075	1.108	0.564	1.965	SMA4
0.0011089	2.315	1.153	2.008	PTP4A1
0.0011307	2.026	0.926	2.188	REV3L
0.0011394	1.763	0.458	3.849	EDIL3
0.0011439	2.201	0.955	2.305	HIST1H2BD
0.0011487	1.638	0.476	3.441	COBLL1
0.0011489	2.262	0.977	2.315	FEZ1
0.0011602	0.882	0.408	2.162	KIF21A
0.0011741	1.358	0.59	2.302	SLC4A11
0.0011775	1.354	0.414	3.271	HIST2H2BE
0.0011885	2.039	1.013	2.013	LOC729843
0.0011952	3.338	1.628	2.05	ISCU
0.0011972	2.537	0.995	2.55	PSG8
0.0012112	1.954	0.793	2.464	LRIG3
0.0012351	0.93	0.354	2.627	TMEM136
0.001245	2.472	1.084	2.28	AGRN
0.0012489	1.64	0.491	3.34	ASCC3
0.0012568	0.989	0.356	2.778	DAPK1
0.0012864	1.554	0.737	2.109	NDRG4
0.0012923	1.094	0.387	2.827	DPM3
0.0013018	2.277	1.159	1.965	BLOC1S2
0.0013064	2.689	1.418	1.896	PHLDA3
0.0013097	1.515	0.538	2.816	GTF2IRD2P
0.0013106	1.15	0.607	1.895	ZNF430
0.0013173	1.984	0.963	2.06	ANKRD29
0.0013281	1.928	0.959	2.01	NFAT5
0.0013282	1.512	0.695	2.176	DYNC2LI1
0.0013303	1.058	0.367	2.883	AKAP13
0.0013428	1.912	1.025	1.865	TCTA
0.0013443	0.954	0.35	2.726	ZNF667
0.001348	1.114	0.543	2.052	ZNF702
0.0013501	1.019	0.362	2.815	ARMC10
0.0013522	4.737	2.51	1.887	TRIM22
0.0013583	1.448	0.575	2.518	VAMP1
0.0013702	3.056	1.507	2.028	KRTAP1-5
0.0013786	2.478	1.277	1.94	AP1S1
0.001384	2.022	0.785	2.576	SDPR
0.0013843	1.636	0.758	2.158	C1QTNF1
0.0013846	1.504	0.543	2.77	SCN2A
0.0013946	0.834	0.295	2.827	RERE
0.0013956	2.064	0.573	3.602	TRIM3
0.0014053	3.329	0.96	3.468	AGRN
0.0014099	3.019	1.3	2.322	CEACAM3
0.0014136	3.333	1.162	2.868	CES2
0.0014139	2.21	0.995	2.221	POU2F2
0.0014307	1.16	0.609	1.905	LOC644189
0.0014482	2.412	1.139	2.118	COBLL1
0.0014562	1.045	0.524	1.994	KIAA1975
0.0014637	0.864	0.423	2.043	FSIP2
0.001486	1.654	0.642	2.576	SDC4
0.0014941	1.975	0.821	2.406	ARID5B
0.0014946	0.951	0.335	2.839	MAEL
0.0014957	1.094	0.552	1.982	FAT4
0.001503	1.72	0.837	2.055	FLNA
0.0015127	3.136	1.663	1.886	MASP1
0.0015163	1.791	0.922	1.943	RHOD
0.0015328	2.152	1.023	2.104	INHBA
0.0015336	1.313	0.623	2.108	PARD3B
0.0015385	1.887	0.911	2.071	MAST4
0.001545	0.839	0.361	2.324	C21orf81
0.0015643	1.321	0.683	1.934	TAF1
0.0015647	1.581	0.72	2.196	TMEM140
0.001565	1.062	0.561	1.893	TMEM63C
0.0015888	1.141	0.44	2.593	CEND1
0.0015905	1.094	0.551	1.985	TTC9B
0.001596	2.467	1.298	1.901	DDR1
0.001602	1.225	0.348	3.52	C15orf42
0.0016119	0.953	0.355	2.685	ZNF556
0.00163	0.824	0.43	1.916	DLG2
0.0016384	1.411	0.726	1.944	TMEM69
0.0016518	0.818	0.4	2.045	SFRS15
0.001657	3.003	1.097	2.737	LAMA4
0.0016594	0.791	0.376	2.104	LOC653643
0.0016601	1.727	0.713	2.422	QSCN6
0.00172	1.321	0.723	1.827	LRDD
0.0017214	3.332	1.627	2.048	DRAM
0.0017338	1.296	0.428	3.028	ZC3H6
0.0017509	0.828	0.222	3.73	FAM124B
0.0017517	1.216	0.611	1.99	LYL1
0.0017566	1.317	0.723	1.822	OSBPL1A
0.0017603	1.769	0.881	2.008	ALDOC
0.0017688	1.079	0.419	2.575	PPFIBP2
0.0017831	2.304	0.893	2.58	HSPG2
0.0017977	2.36	1.206	1.957	TNFRSF10B
0.0018091	0.914	0.359	2.546	ERCC4
0.0018171	0.77	0.404	1.906	APOL2
0.0018199	0.87	0.272	3.199	AVPR2
0.0018368	1.142	0.553	2.065	NCF1
0.0018396	2.538	1.176	2.158	NPAL3
0.0018484	1.033	0.517	1.998	CYP2S1
0.0018607	1.084	0.489	2.217	F8
0.0018878	0.741	0.262	2.828	OCLN
0.0018909	2.557	1.317	1.942	LOC728392
0.0019155	1.875	0.686	2.733	LRIG3
0.0019417	3.254	1.338	2.432	FAS
0.0019524	1.848	0.819	2.256	KIAA0319L
0.0019683	0.809	0.317	2.552	WDFY1
0.0020007	1.152	0.531	2.169	ELL3
0.0020032	1.177	0.41	2.871	ABLIM1
0.0020151	0.734	0.382	1.921	ABCC4
0.0020251	1.7	0.653	2.603	MYO7A
0.0020257	1.296	0.631	2.054	KIAA1688
0.0020324	1.8	0.717	2.51	MPV17
0.0020376	2.794	1.386	2.016	EPAS1
0.0020426	0.823	0.389	2.116	HSD3B1
0.0020613	1.303	0.705	1.848	SNCA
0.0020623	2.327	1.216	1.914	GALNT5
0.0021064	1.531	0.785	1.95	LLGL1
0.0021075	1.299	0.46	2.824	CCPG1
0.002126	0.83	0.417	1.99	DENND4C
0.00214	1.36	0.639	2.128	CFB
0.002142	1.889	0.977	1.933	SF3B1
0.0021597	1.11	0.393	2.824	WDFY3
0.0021599	2.184	1.167	1.871	RHOQ
0.002168	1.964	0.606	3.241	LOC653583
0.0021818	1.828	0.975	1.875	CTBS
0.0021987	1.505	0.556	2.707	CNTNAP2
0.0022123	1.853	0.811	2.285	LRIG3
0.0022276	1.456	0.584	2.493	MGC57359
0.0022309	1.938	0.752	2.577	NUAK2
0.0022466	1.198	0.432	2.773	OMA1
0.0022478	0.674	0.313	2.153	LRE1
0.0022503	1.088	0.564	1.929	ZBTB48
0.0022726	1.461	0.518	2.82	RALGDS
0.0022818	1.276	0.673	1.896	GGTL3
0.0022836	2.181	0.804	2.713	DSEL
0.0022947	1.736	0.853	2.035	LOC401320
0.0023053	1.192	0.509	2.342	OR12D2
0.0023494	1.128	0.482	2.34	KRT16
0.0023691	1.458	0.766	1.903	PCGF2
0.0023715	0.82	0.36	2.278	HLA-C
0.0023847	0.914	0.295	3.098	ANAPC2
0.0023902	1.71	0.719	2.378	PTPN23
0.0024084	1.187	0.548	2.166	ADAMTS7
0.0024212	2.072	1.163	1.782	BHLHB2
0.0024325	2.511	1.261	1.991	UBE2H
0.0024582	0.778	0.299	2.602	EFHA2
0.0024918	0.897	0.427	2.101	COL4A3BP
0.0025053	2.512	1.383	1.816	TOB1
0.0025243	1.136	0.471	2.412	C3orf17
0.0025482	2.97	1.407	2.111	GADD45A
0.0025492	0.914	0.482	1.896	FCER1A
0.0025987	1.115	0.334	3.338	C6orf111
0.0026129	1.654	0.878	1.884	AMOTL2
0.0026154	0.833	0.317	2.628	CD34
0.0026278	1.181	0.456	2.59	RUFY3
0.0026469	0.894	0.319	2.803	MEST
0.0026554	0.772	0.405	1.906	GKAP1
0.0026772	2.006	1.063	1.887	HSDL2
0.002679	0.734	0.331	2.218	GGT1
0.0027063	1.211	0.682	1.776	SH3YL1
0.002709	1.818	0.868	2.094	2-Mar
0.0027179	2.24	1.018	2.2	SVEP1
0.0027204	2.293	1.279	1.793	AK1
0.0027313	1.915	1.038	1.845	TNS1
0.002755	2.811	1.349	2.084	STAT1
0.0027577	0.839	0.327	2.566	TMEM45A
0.0027742	2.402	1.22	1.969	FUCA1
0.0027891	0.848	0.387	2.191	C1orf92
0.0028212	1.824	0.982	1.857	IHPK2
0.0028483	1.844	0.969	1.903	TGFBR3
0.0028512	0.785	0.374	2.099	MAP4
0.0028784	1.316	0.749	1.757	GEMIN8
0.0028807	2.232	1.196	1.866	AP1S1
0.0028841	1.752	0.547	3.203	LOC90826
0.0028987	1.712	0.784	2.184	SVIL
0.0028992	1.076	0.464	2.319	C3orf33
0.0029034	1.533	0.547	2.803	IL1RAP
0.0029184	1.327	0.643	2.064	CCDC71
0.0029199	0.772	0.386	2	PTPN6
0.0029225	0.902	0.471	1.915	CNKSR2
0.0029381	1.694	0.971	1.745	ADA
0.0029526	2.025	1.048	1.932	HSD17B14
0.0029548	1.074	0.33	3.255	CLK4
0.0029732	2.561	0.995	2.574	CALCOCO1
0.0029803	2.074	1.129	1.837	ERGIC1
0.0029859	1.958	0.778	2.517	TAP1
0.0030025	0.61	0.299	2.04	USP36
0.0030142	0.804	0.357	2.252	C8ORFK32
0.003021	2.532	1.343	1.885	RPS27L
0.0030366	1.209	0.591	2.046	C12orf53
0.0030374	1.277	0.686	1.862	MLL3
0.003058	1.758	0.85	2.068	ARID5B
0.0030651	1.404	0.707	1.986	GPR137B
0.003075	3.582	1.334	2.685	PSG2
0.0030762	1.648	0.826	1.995	TRPV1
0.0030917	2.521	1.351	1.866	KIAA1305
0.0030957	1.849	1.019	1.815	C3orf28
0.0030971	2.557	1.366	1.872	TBC1D2
0.0031042	1.046	0.563	1.858	GNL3L
0.003126	0.892	0.391	2.281	MAP9
0.0031428	1.474	0.838	1.759	IQGAP2
0.0031469	1.294	0.556	2.327	MYO5C
0.0031547	0.875	0.394	2.221	LOC113230
0.0031697	2.836	1.454	1.95	SYNPO2
0.0031796	0.602	0.233	2.584	GAD1
0.0031801	1.227	0.368	3.334	GARNL1
0.0031932	0.92	0.441	2.086	C20orf166
0.0031939	0.914	0.518	1.764	DKFZp434M131
0.0032157	1.517	0.615	2.467	BMP1
0.0032647	1.252	0.644	1.944	FAM118A
0.0032725	1.335	0.772	1.729	FLJ32810
0.0033365	2.115	1.125	1.88	ADAMTSL1
0.0033487	1.327	0.733	1.81	LOC440836
0.0033505	1.711	0.861	1.987	GALNT11
0.0033526	1.623	0.905	1.793	ZNF79
0.0033651	1.383	0.628	2.202	RNF6
0.003382	1.738	0.548	3.172	LMCD1
0.0034184	1.497	0.756	1.98	C3orf28
0.0034441	1.923	1.02	1.885	IBRDC3
0.0034767	0.67	0.3	2.233	SYTL1
0.0034835	1.898	0.813	2.335	PPFIBP1
0.0035083	1.332	0.673	1.979	KIAA0564
0.0035127	1.614	0.847	1.906	RHOJ
0.0035242	1.65	0.91	1.813	GRIA3
0.003529	1.478	0.783	1.888	MTMR1
0.0035606	1.1	0.512	2.148	CNNM1
0.0035945	0.756	0.306	2.471	TITF1
0.0036055	1.442	0.655	2.202	CRSP2
0.0036072	1.177	0.671	1.754	PCDHGA10
0.0036176	2.222	1.237	1.796	CCDC90B
0.0036293	1.13	0.626	1.805	L2HGDH
0.0036595	1.289	0.516	2.498	PMS2L5
0.0036655	1.206	0.627	1.923	BICD1
0.0036805	1.949	1.011	1.928	PGPEP1
0.0036977	0.794	0.418	1.9	IFT80
0.0037143	1.344	0.633	2.123	C17orf28
0.0037346	1.404	0.661	2.124	GNL3L
0.0037383	2.38	1.339	1.777	TSKU
0.0037552	1.739	0.936	1.858	LOC727913
0.0037608	1.35	0.668	2.021	GPD1L
0.0038489	1.254	0.591	2.122	IFIT1
0.0038692	2.386	1.111	2.148	ZFPM1
0.003877	2.13	1.214	1.755	ITFG1
0.0038974	2.116	1.22	1.734	CLEC3B
0.0039028	1.157	0.544	2.127	LOC283970
0.0039103	1.085	0.496	2.188	S100G
0.0039212	1.163	0.521	2.232	TRY6
0.0039402	1.273	0.665	1.914	KIAA1432
0.003963	1.175	0.38	3.092	ATM
0.0039725	1.67	0.54	3.093	KLHL24
0.0039808	0.869	0.408	2.13	CASC2
0.0039959	2.97	1.152	2.578	LRP1
0.0039976	1.493	0.85	1.756	RILP
0.004015	1.166	0.557	2.093	PAQR3
0.0040204	1.199	0.673	1.782	BTN3A1
0.0040235	0.433	0.149	2.906	CUL3
0.0040763	1.833	0.983	1.865	MYO6
0.00408	1.584	0.686	2.309	CCDC51
0.0041011	0.849	0.379	2.24	CD320
0.0041058	1.932	0.906	2.132	SLC35E2
0.0041256	1.1	0.628	1.752	CGB2
0.0041283	1.595	0.761	2.096	NADSYN1
0.0041535	0.857	0.362	2.367	RSPO2
0.0042095	1.856	0.794	2.338	FLJ20366
0.0042318	1.378	0.466	2.957	THRB
0.0042956	2.296	1.258	1.825	NPAL3
0.0043398	1.47	0.8	1.837	C9orf150
0.0043531	0.911	0.437	2.085	BBS5
0.0043547	1.953	1.03	1.896	CTSF
0.0043818	1.749	1.029	1.7	MR1
0.0044046	1.362	0.653	2.086	IPW
0.0044135	0.67	0.371	1.806	TAT
0.0044172	0.898	0.515	1.744	KIAA1328
0.0044242	0.8	0.404	1.98	C16orf42
0.0044266	0.93	0.528	1.761	TMEM45A
0.0044297	1.865	1.037	1.798	RGS20
0.0045213	0.959	0.442	2.17	SIRPB1
0.0045223	3.242	0.999	3.245	TGS1
0.0045254	2.018	1.168	1.728	LAYN
0.0045378	2.033	0.957	2.124	RTTN
0.0045479	0.978	0.467	2.094	KCNJ10
0.0045676	1.096	0.591	1.854	RP4-756G23.1
0.0045751	1.396	0.682	2.047	SLC23A2
0.0046054	1.106	0.636	1.739	L2HGDH
0.0046089	1.491	0.847	1.76	MGC26733
0.0046139	2.391	0.985	2.427	TNFRSF14
0.0046594	1.827	0.961	1.901	PDCD4
0.0046733	1.257	0.684	1.838	LOC442609
0.0047276	1.492	0.758	1.968	FLJ32679
0.0047471	1.493	0.804	1.857	FAM113A
0.0047477	1.365	0.584	2.337	FAM127C
0.00477	1.134	0.683	1.66	PFDN6
0.0047847	2.225	1.211	1.837	ZFYVE1
0.0047951	2.135	1.164	1.834	SLC27A1
0.0048107	2.891	1.49	1.94	FBLN2
0.0048985	1.394	0.505	2.76	MGC33894
0.0049054	3.227	1.217	2.652	PSG9
0.0049288	3.261	1.371	2.379	LBH
0.0049436	2.106	0.957	2.201	MYLK
0.0049477	1.7	0.655	2.595	FAM54B
0.0049545	1.851	1.11	1.668	DNAJC4
0.0049669	1.248	0.724	1.724	TTC17
0.0049682	0.961	0.452	2.126	SBF2
0.0049802	2.008	0.78	2.574	HS1BP3
0.0049877	1.092	0.39	2.8	RAB27B
0.0049911	1.577	0.768	2.053	CRADD
0.0050037	1.481	0.716	2.068	ORMDL1
0.0050299	3.068	1.709	1.795	SESN2
0.0050413	3.027	1.718	1.762	RPS27L
0.0050582	1.406	0.746	1.885	CDH18
0.0050695	1.491	0.699	2.133	ST5
0.0050745	1.817	0.932	1.95	ABCB6
0.0050887	1.91	1.093	1.747	MGC16169
0.0050916	0.881	0.506	1.741	ABL2
0.0051008	1.515	0.861	1.76	ACAD11
0.0051126	3.161	1.573	2.01	LBH
0.0051183	1.591	0.738	2.156	SFRP1
0.0051203	0.843	0.298	2.829	HAS3
0.0051328	1.045	0.454	2.302	SLC4A11
0.0051456	0.822	0.348	2.362	CEECAM1
0.0051543	1.796	0.87	2.064	PTGES
0.0051803	1.239	0.693	1.788	PPIL2
0.0051808	2.038	1.187	1.717	BAG2
0.0052206	1.014	0.461	2.2	BCL2L14
0.0052354	2.016	0.958	2.104	C12orf23
0.0052875	1.516	0.836	1.813	CABYR
0.0053039	1.333	0.802	1.662	OR52R1
0.0053046	1.771	0.786	2.253	LOC497661
0.005315	0.693	0.333	2.081	FAM82A
0.0053221	0.967	0.45	2.149	C3orf33
0.0053316	2.659	1.497	1.776	DUSP14
0.0053564	2.238	1.205	1.857	PTK7
0.0053702	1.295	0.38	3.408	PTPRU
0.0053769	0.458	0.16	2.863	TRAF3IP3
0.0054159	1.003	0.427	2.349	FAM43A
0.0054191	2.316	1.268	1.826	TLE4
0.005422	1.133	0.646	1.754	CD177
0.0054405	0.723	0.344	2.102	PTAR1
0.0054513	1.915	1.145	1.672	SEMA3C
0.0054563	1.953	1.079	1.81	GBE1
0.0054665	0.845	0.458	1.845	CYBA
0.005469	1.106	0.33	3.352	MAGED4
0.00548	1.128	0.557	2.025	BMP1
0.0054984	2.084	0.987	2.111	EML2
0.0055282	0.938	0.398	2.357	C6orf128
0.0055376	1.387	0.713	1.945	PVT1
0.0055426	0.883	0.341	2.589	SCYE1
0.0055503	2.556	1.108	2.307	SEMA3C
0.0055538	1.331	0.714	1.864	GNAI1
0.0055616	0.951	0.538	1.768	EMR2
0.0055624	1.79	1.024	1.748	ERGIC1
0.0056065	0.566	0.296	1.912	KIAA1217
0.0056108	1.152	0.532	2.165	MED11
0.0056145	1.164	0.549	2.12	PDE4C
0.0056252	0.881	0.396	2.225	BRPF3
0.0056563	1.344	0.602	2.233	CAST
0.0056642	1.17	0.612	1.912	SLC37A4
0.005687	1.177	0.473	2.488	USP33
0.0056958	1.088	0.504	2.159	E2F7
0.0057018	1.117	0.587	1.903	RETNLB
0.0057403	0.921	0.37	2.489	WAC
0.0057595	1.354	0.8	1.693	KLHL12
0.0057832	0.927	0.45	2.06	TTC35
0.0058075	1.618	0.768	2.107	CLN5
0.0058775	1.17	0.488	2.398	PPARG
0.0059228	1.375	0.797	1.725	GTF2I
0.0059416	1.149	0.528	2.176	MRPS14
0.005959	1.773	1.071	1.655	PH-4
0.0060286	1.144	0.329	3.477	POLR3H
0.0060434	2.064	1.077	1.916	STAT2
0.0060462	1.854	1.13	1.641	DHRS1
0.0060499	2.004	0.584	3.432	ASCC3
0.0060588	1.047	0.521	2.01	FSIP2
0.0060688	1.272	0.464	2.741	BC036928
0.0060742	0.545	0.298	1.829	C2orf3
0.0060783	1.82	1.103	1.65	NBR1
0.006101	0.853	0.393	2.17	CPNE8
0.0061059	0.878	0.447	1.964	C16orf30
0.0061068	1.234	0.529	2.333	ARHGEF3
0.0061219	1.926	1.101	1.749	CASP1
0.0061406	1.59	0.887	1.793	POU2F1
0.006141	2.067	1.143	1.808	STAT3
0.0061454	1.041	0.381	2.732	IRAK1BP1
0.0061488	1.21	0.496	2.44	EGFR
0.0061751	1.423	0.822	1.731	SCRIB
0.0061997	1.29	0.659	1.958	FLJ32679
0.0062251	0.658	0.28	2.35	DEPDC6
0.0062272	1.639	0.942	1.74	QPRT
0.0062316	0.773	0.424	1.823	ZNF609
0.0062618	1.936	1.167	1.659	F10
0.0062648	1.552	0.58	2.676	USP30
0.0062777	0.816	0.367	2.223	PTPRR
0.0062809	1.022	0.568	1.799	GLB1L
0.0062834	1.237	0.625	1.979	EFCAB4A
0.0063	1.804	0.915	1.972	CREG1
0.0063183	2.016	1.045	1.929	CHRM2
0.0063255	1.194	0.667	1.79	TNFRSF19
0.0063351	1.551	0.911	1.703	CBLB
0.0063765	1.865	0.967	1.929	FAM98C
0.0063996	1.077	0.633	1.701	TNK2
0.0064207	1.287	0.636	2.024	SLC14A2
0.0064252	1.554	0.867	1.792	MAP3K1
0.0064257	1.012	0.444	2.279	ZMYM4
0.006443	0.685	0.316	2.168	LOC729348
0.0064461	1.596	0.795	2.008	PMS2L2
0.0064487	0.869	0.348	2.497	MBD5
0.0064659	1.566	0.773	2.026	BMP2K
0.0064702	1.269	0.595	2.133	RHOF
0.0064813	1.332	0.776	1.716	MON1B
0.0064881	1.317	0.694	1.898	MZF1
0.0064911	2.352	1.335	1.762	FAS
0.0064926	1.246	0.61	2.043	BET1
0.0064998	2.083	1.135	1.835	TAP1
0.0065036	2.135	0.826	2.585	CHST2
0.0065109	2.682	1.243	2.158	DCN
0.006566	1.707	0.993	1.719	SLC27A1
0.0066084	1.475	0.615	2.398	LOC645626
0.0066213	1.706	0.994	1.716	SGK
0.0066275	0.588	0.356	1.652	MPP7
0.006647	1.06	0.628	1.688	RETNLB
0.0067018	2.371	1.399	1.695	TRAF4
0.0067142	1.463	0.842	1.738	NF1
0.0067221	0.671	0.304	2.207	CCL1
0.0067359	0.746	0.284	2.627	BANK1
0.0067531	2.315	1.312	1.764	DKK3
0.0067562	3.003	1.512	1.986	RUSC1
0.0067757	1.329	0.718	1.851	ARSD
0.0067809	1.981	1.196	1.656	AK3
0.0068081	1.451	0.737	1.969	NIBP
0.0068136	2.139	1.084	1.973	EIF4A2
0.006817	1.756	0.918	1.913	CFLAR
0.0068694	1.56	0.925	1.686	ACBD4
0.0068777	1.233	0.723	1.705	OR4F21
0.0068778	0.869	0.402	2.162	PGLYRP4
0.0068789	1.146	0.7	1.637	OFD1
0.0068979	1.135	0.582	1.95	LOC649755
0.0069567	1.201	0.709	1.694	LENG1
0.0069609	1.138	0.683	1.666	GAPVD1
0.0069637	1.243	0.683	1.82	CLN8
0.0069688	1.182	0.688	1.718	INPP1
0.0069796	1.465	0.48	3.052	GPS1
0.0069901	1.131	0.637	1.776	MST1
0.0070047	1.344	0.826	1.627	SNCA
0.0070075	1.447	0.877	1.65	PORCN
0.0070138	2.102	1.218	1.726	CD46
0.007051	1.587	0.978	1.623	8-Mar
0.0070957	1.06	0.499	2.124	LOC401002
0.0071119	1.113	0.637	1.747	CENTB2
0.007116	0.84	0.422	1.991	ZFYVE28
0.0071204	2.108	1.238	1.703	AP1S1
0.0071886	1.471	0.858	1.714	ZNF226
0.0071942	1.082	0.516	2.097	RGPD5
0.0071995	0.948	0.399	2.376	C10orf56
0.0072358	0.762	0.455	1.675	RBPMS
0.0072387	1.003	0.568	1.766	TMEM67
0.0072799	1.748	0.965	1.811	ZFYVE1
0.0072801	2.488	1.348	1.846	STAT1
0.0072852	2.037	1.209	1.685	EPHA4
0.0073323	0.849	0.348	2.44	PDK4
0.0073741	0.901	0.399	2.258	RPL5
0.0074093	2.275	1.289	1.765	FAS
0.0074123	2.221	1.268	1.752	CTSK
0.0074554	0.597	0.26	2.296	SLC7A8
0.0074597	1.848	1	1.848	EMILIN1
0.0074756	1.254	0.657	1.909	LOC728591
0.0074959	1.419	0.831	1.708	ZNF436
0.0074973	1.845	1.141	1.617	PGCP
0.0075053	0.855	0.419	2.041	C2
0.0075115	1.382	0.625	2.211	SLC25A23
0.0075116	1.374	0.749	1.834	WDR7
0.0075604	2.04	1.268	1.609	STOM
0.0075768	0.706	0.291	2.426	MAN2B2
0.0075794	1.925	1.156	1.665	IGFBP7
0.0076173	1.373	0.846	1.623	C14orf28
0.0076559	1.474	0.571	2.581	PML
0.0076801	0.993	0.591	1.68	EPN3
0.0076893	1.104	0.677	1.631	DIS3
0.007701	1.159	0.501	2.313	FA2H
0.007702	0.985	0.592	1.664	OPA3
0.0077234	1.858	1.009	1.841	BAALC
0.0077239	0.804	0.375	2.144	CHD9
0.0077402	1.874	0.714	2.625	PSG1
0.0077526	1.806	0.617	2.927	NR1D2
0.0077739	1.962	1.062	1.847	ADAM23
0.0077934	1.024	0.542	1.889	LOC51057
0.007797	0.846	0.471	1.796	LOC402665
0.0078111	1.111	0.61	1.821	PON2
0.0078193	1.421	0.683	2.081	ODZ2
0.0078299	1.466	0.834	1.758	TSPAN6
0.0078336	1.491	0.828	1.801	NEU4
0.0078778	0.793	0.277	2.863	ATF1
0.0078804	1.399	0.682	2.051	PARD3B
0.0078816	2.057	0.901	2.283	FAM84A
0.0078922	0.869	0.512	1.697	CACNG8
0.007899	0.538	0.27	1.993	LOC644998
0.0079075	2.431	1.515	1.605	CDH13
0.0079098	1.194	0.493	2.422	TTBK2
0.0079395	2.885	1.389	2.077	SERPINE1
0.007958	2.195	1.299	1.69	LOC284184
0.0079745	1.424	0.697	2.043	THSD1
0.0079976	0.662	0.298	2.221	ACHE
0.0080167	1.039	0.197	5.274	SUPT3H
0.0080254	1.019	0.498	2.046	OAS2
0.0080574	0.959	0.553	1.734	SLC1A7
0.0080701	0.703	0.375	1.875	HHAT
0.0080731	1.313	0.776	1.692	AKR7A3
0.0080989	2.24	1.403	1.597	P4HA2
0.0081316	1.799	1.072	1.678	C20orf44
0.0081372	1.281	0.648	1.977	SOCS6
0.0081553	1.248	0.424	2.943	C9orf9
0.0081563	1.9	1.179	1.612	PCNP
0.0081702	1.373	0.816	1.683	C19orf26
0.0081732	0.658	0.259	2.541	C8orf44
0.0082024	0.861	0.44	1.957	ZNF384
0.00821	1.043	0.397	2.627	OR51A7
0.0082613	2.095	1.238	1.692	CYB5D2
0.008268	0.915	0.482	1.898	FAM120C
0.0083015	1.314	0.826	1.591	LOC392005
0.0083393	0.861	0.347	2.481	PAK3
0.0083939	1.117	0.572	1.953	FLJ14816
0.0083997	1.442	0.838	1.721	DACT3
0.0084737	1.433	0.631	2.271	CPNE3
0.0084897	1.654	0.966	1.712	CTSB
0.0085231	1.027	0.535	1.92	NPR2
0.0085379	1.252	0.712	1.758	FLJ32810
0.0085655	1.395	0.704	1.982	EEF1A1
0.0085672	1.24	0.504	2.46	PKD1
0.008572	1.972	0.918	2.148	TP53AP1
0.0085743	1.423	0.825	1.725	APBB2
0.0086474	2.044	1.042	1.962	ZKSCAN1
0.008653	1.901	1.168	1.628	DDOST
0.0086641	1.076	0.554	1.942	OPLAH
0.0086673	1.249	0.655	1.907	NUDT2
0.0087167	1.702	0.866	1.965	GLTSCR2
0.0087303	1.474	0.758	1.945	ZBTB20
0.0087308	1.876	1.141	1.644	PCNP
0.0087576	1.672	0.958	1.745	ASCC1
0.0087895	1.506	0.789	1.909	C1orf102
0.0087949	1.597	0.836	1.91	C10orf104
0.0088053	1.622	1.021	1.589	HIBCH
0.00881	0.753	0.424	1.776	RUFY3
0.0088164	1.63	0.866	1.882	PARD3B
0.0088353	2.428	1.514	1.604	MFGE8
0.0088565	0.563	0.276	2.04	INADL
0.0088587	1.398	0.85	1.645	STK17A
0.0088903	1.661	0.919	1.807	FHL1
0.0089089	1.501	0.748	2.007	PFAAP5
0.0089286	1.44	0.631	2.282	HFE
0.0089373	1.729	0.741	2.333	KIAA1908
0.0089474	2.03	1.212	1.675	GALNT2
0.0089948	1.032	0.655	1.576	DST
0.0090292	1.145	0.676	1.694	DIP
0.009033	0.751	0.35	2.146	WDR62
0.0090411	0.912	0.377	2.419	RBM15B
0.0090414	0.808	0.368	2.196	RNF111
0.0090503	1.405	0.811	1.732	LOC285547
0.0090643	1.109	0.537	2.065	KIAA0831
0.0091062	1.557	0.901	1.728	PLA2G4C
0.0091077	2.324	1.424	1.632	EPAS1
0.0091218	1.462	0.846	1.728	GOLGA8A
0.0091364	0.843	0.537	1.57	KRT12
0.0091381	1.501	0.921	1.63	ECHDC2
0.0091475	2.108	1.265	1.666	PRSS12
0.0091578	0.755	0.306	2.467	MARVELD3
0.0092431	1.04	0.492	2.114	LOC404266
0.0092605	1.207	0.619	1.95	FAM27E3
0.0092634	1.581	0.702	2.252	C16orf7
0.0093146	1.675	1.003	1.67	WNT5A
0.0093253	1.585	0.94	1.686	CREBL1
0.0093506	1.346	0.845	1.593	C10orf33
0.0093537	0.843	0.515	1.637	MFHAS1
0.0093652	1.073	0.634	1.692	ABCC9
0.0093816	1.069	0.553	1.933	CRYZ
0.0094252	0.979	0.574	1.706	LENG4
0.0094292	1.4	0.712	1.966	SULT1C1
0.0094376	2.348	1.136	2.067	DDB2
0.0094605	1.675	0.826	2.028	ZFP106
0.0094697	1.283	0.558	2.299	SIPA1L2
0.0094856	0.808	0.307	2.632	CD74
0.0095103	1.784	1.077	1.656	NOL3
0.009518	1.886	1.007	1.873	KCND3
0.009526	0.629	0.289	2.176	C20orf171
0.0095353	0.563	0.35	1.609	HIST1H2BG
0.0096087	1.58	0.995	1.588	SLC39A7
0.0096094	0.668	0.338	1.976	LRE1
0.009625	0.924	0.451	2.049	LIMD1
0.0096446	1.111	0.48	2.315	COL4A3BP
0.0096456	1.222	0.678	1.802	OR10C1
0.0096506	0.96	0.465	2.065	PPAPDC1B
0.0096575	0.679	0.238	2.853	GPM6B
0.0096617	1.123	0.533	2.107	AQR
0.0096732	1.02	0.324	3.148	WDR7
0.0097403	0.844	0.52	1.623	FAM40B
0.0097491	1.453	0.685	2.121	EFHC1
0.0098105	1.603	0.827	1.938	ZNF334
0.0098521	2.256	1.177	1.917	GNS
0.009856	1.647	0.995	1.655	PDZRN3
0.0098655	0.829	0.479	1.731	TMEM16H
0.009877	1.526	0.917	1.664	PPP4R2
0.0099073	1.266	0.629	2.013	LOC729871
0.0099178	0.792	0.317	2.498	P2RY5
0.0099227	0.778	0.477	1.631	LUC7L
0.0099289	1.35	0.701	1.926	TTLL10
0.0099478	1.501	0.804	1.867	ADA
0.0100141	0.816	0.395	2.066	EID2B
0.0100491	0.885	0.463	1.911	C6orf154
0.0101172	1.594	0.734	2.172	C8orf61
0.010136	2.482	1.482	1.675	ABHD4
0.0101549	1.406	0.6	2.343	INHBB
0.0101551	1.832	0.927	1.976	GALNTL2
0.0101653	1.745	1.062	1.643	VCAN
0.010188	1.615	0.881	1.833	TSHZ1
0.0103406	1.051	0.528	1.991	MYL5
0.0103422	1.729	0.755	2.29	TANC1
0.0103477	1.2	0.749	1.602	LOC389286
0.0103516	1.053	0.647	1.628	SLC28A1
0.0103933	2.052	1.168	1.757	STAT3
0.0104215	2.42	1.464	1.653	DDR1
0.0104447	1.393	0.68	2.049	ADAM9
0.0104551	1.362	0.709	1.921	LOC285407
0.0104662	0.97	0.507	1.913	SCRT2
0.0105153	1.654	1.041	1.589	RAB11FIP2
0.0105181	1.261	0.624	2.021	VPS13C
0.010532	1.473	0.843	1.747	GTF2IRD2
0.0105467	2.481	1.421	1.746	IGFBP4
0.0105488	1.162	0.578	2.01	PACS1
0.0106048	1.625	0.979	1.66	PYCARD
0.0106106	2.104	1.271	1.655	IHPK2
0.0106277	1.118	0.612	1.827	GSTM5
0.0106324	0.999	0.637	1.568	LOC100009676
0.010637	1.164	0.44	2.645	SPTBN1
0.010666	1.055	0.608	1.735	ERGIC2
0.0106811	1.041	0.448	2.324	RNF213
0.0106844	1.507	0.9	1.674	IGBP1
0.0106847	0.886	0.357	2.482	SPN
0.010709	0.811	0.393	2.064	RBBP6
0.0107319	0.891	0.393	2.267	FLJ37035
0.0107624	1.522	0.911	1.671	PLEKHF1
0.010764	0.902	0.414	2.179	ST7L
0.0107936	1.716	1.092	1.571	STAT1
0.0108099	0.796	0.411	1.937	SH2D4B
0.0108557	1.482	0.819	1.81	CDC42
0.0108609	1.159	0.563	2.059	MYO15A
0.010871	1.021	0.654	1.561	HSP90AB2P
0.0108824	1.363	0.691	1.973	CTTNBP2
0.010914	0.949	0.493	1.925	C3orf33
0.0109591	1.266	0.771	1.642	TRAPPC6A
0.0110012	0.876	0.462	1.896	KIAA0240
0.0110261	0.9	0.495	1.818	TAF1C
0.0110357	1.179	0.657	1.795	ELL
0.0110362	1.231	0.619	1.989	HIPK3
0.0111044	1.779	1.076	1.653	TNFRSF11B
0.0111111	1.694	0.959	1.766	PLCD3
0.011115	1.395	0.847	1.647	PODNL1
0.0111438	1.604	0.92	1.743	SURF1
0.0111821	1.435	0.707	2.03	RANBP2
0.0111928	2.362	1.418	1.666	SERPINE2
0.0111936	0.848	0.279	3.039	EDNRA
0.0112	0.673	0.354	1.901	CCDC62
0.0112062	0.972	0.399	2.436	MBOAT1
0.0112164	0.599	0.281	2.132	OGG1
0.0112182	1.711	0.939	1.822	LOC646270
0.0112689	0.976	0.596	1.638	CHM
0.0112722	1.391	0.886	1.57	RRAGB
0.0112847	1.687	1.065	1.584	NEK6
0.0112883	1.143	0.662	1.727	C15orf37
0.0113015	1.357	0.777	1.746	PIK3R1
0.0113208	1.56	0.981	1.59	ABCD3
0.0113273	1.432	0.924	1.55	AFF4
0.0113341	2.23	1.358	1.642	CALD1
0.0113546	1.19	0.761	1.564	LOC729096
0.0113818	1.338	0.717	1.866	LZTFL1
0.0113996	1.22	0.644	1.894	ALDH3A2
0.0114244	1.793	0.881	2.035	MFSD1
0.0114568	1.022	0.629	1.625	C6orf134
0.011465	1.471	0.829	1.774	ATG4A
0.0114808	1.69	0.927	1.823	ITGAD
0.0115672	0.927	0.41	2.261	ZMYND8
0.0115863	1.279	0.643	1.989	SMPDL3A
0.0116283	1.356	0.837	1.62	ATP6V1G2
0.0116516	1.218	0.532	2.289	MITF
0.0116593	0.901	0.452	1.993	PCGF1
0.0117308	0.991	0.583	1.7	PF4V1
0.0117657	0.875	0.54	1.62	CCDC88
0.0117699	1.365	0.778	1.754	CPD
0.011779	1.938	1.224	1.583	NGFB
0.0118788	1.642	1.016	1.616	FAP
0.0118883	0.777	0.303	2.564	TARDBP
0.0119238	1.179	0.594	1.985	LIF
0.011944	1.757	1.05	1.673	ADAMTS2
0.011953	1.964	1.275	1.54	ECE1
0.0119726	1.07	0.573	1.867	TEP1
0.0119827	1.217	0.661	1.841	EDEM3
0.0120511	1.048	0.522	2.008	SFRS9
0.0120799	2.326	1.353	1.719	SELPLG
0.0121214	1.029	0.345	2.983	RBBP9
0.0121223	1.244	0.437	2.847	C21orf2
0.0121278	1.56	0.8	1.95	EDEM2
0.0121288	1.99	1.19	1.672	EPS8L2
0.0121718	0.754	0.46	1.639	MOCS1
0.0121868	1.382	0.876	1.578	LOC648795
0.0122356	1.285	0.701	1.833	IGHA1
0.0122555	1.052	0.59	1.783	EIF3S5
0.0122789	1.916	1.129	1.697	PYGL
0.0123032	0.756	0.438	1.726	MAPT
0.012305	0.984	0.236	4.169	CCRK
0.0123547	1.122	0.576	1.948	LMBR1
0.0123709	0.694	0.325	2.135	PCYT1B
0.0124359	1.012	0.54	1.874	DOPEY1
0.0124374	1.621	0.999	1.623	LOC646756
0.0124428	1.125	0.703	1.6	FNBP1L
0.0124501	1.134	0.652	1.739	IPO4
0.0125111	1.847	1.144	1.615	DNAJB9
0.0125171	1.826	1.175	1.554	IFT20
0.0125262	2.512	1.271	1.976	FKBP9
0.012532	1.868	1.187	1.574	SQSTM1
0.012569	0.929	0.599	1.551	GAD1
0.0126212	1.35	0.833	1.621	LYST
0.0126313	1.291	0.82	1.574	AGK
0.0126355	1.376	0.56	2.457	ARHGAP23
0.0126625	1.416	0.91	1.556	SYT1
0.0126635	1.099	0.665	1.653	PLDN
0.0126946	0.982	0.448	2.192	NAP5
0.0127321	2.582	1.677	1.54	BCL2L1
0.0127531	1.096	0.495	2.214	RSAD1
0.0127576	1.175	0.549	2.14	LOC644451
0.0127585	1.268	0.688	1.843	VPS13B
0.012759	1.556	0.929	1.675	ACAD11
0.0128203	0.799	0.38	2.103	THUMPD3
0.012834	1.345	0.595	2.261	C5orf28
0.0128493	0.936	0.491	1.906	IQWD1
0.0128574	0.76	0.43	1.767	LOC153469
0.0128603	1.458	0.731	1.995	HSPC268
0.0128743	0.912	0.574	1.589	COPG2
0.012878	2.32	1.272	1.824	GNS
0.012882	0.819	0.538	1.522	SH2B2
0.0129069	1.714	0.908	1.888	NR0B1
0.0129271	1.615	0.948	1.704	CRYZL1
0.0129567	0.787	0.392	2.008	BTN2A3
0.0129879	1.384	0.728	1.901	CCS
0.0129976	0.904	0.381	2.373	LOC201229
0.0130021	1.403	0.769	1.824	PDPR
0.013013	1.419	0.366	3.877	FBLN2
0.0130232	1.297	0.767	1.691	BTF3L2
0.0130539	0.67	0.379	1.768	VPREB3
0.0130822	0.694	0.369	1.881	BIRC7
0.0131044	0.841	0.44	1.911	LOC342346
0.0131581	1.005	0.503	1.998	DHRS2
0.0131939	0.992	0.558	1.778	OPHN1
0.0132549	0.97	0.589	1.647	DPY19L2
0.0132767	1.589	0.994	1.599	LOC731792
0.0132823	1.059	0.543	1.95	HDAC10
0.0133341	0.879	0.494	1.779	FLJ44060
0.0133558	0.837	0.505	1.657	OR5V1
0.0133994	1.019	0.632	1.612	RBM33
0.0134168	1.003	0.512	1.959	SIM1
0.0134177	0.999	0.625	1.598	CCL25
0.0134657	1.685	1.06	1.59	GMPR2
0.0134719	0.751	0.319	2.354	NMD3
0.0135156	0.878	0.412	2.131	FLJ45340
0.0135796	1.159	0.552	2.1	ZNF658
0.0136069	0.99	0.591	1.675	MGC39372
0.0137068	1.922	1.172	1.64	FCGRT
0.0137679	0.874	0.511	1.71	CPN2
0.0137753	1.419	0.759	1.87	PSTPIP2
0.013784	1.399	0.801	1.747	LLGL1
0.0137963	1.667	1.026	1.625	KIRREL3
0.013821	0.824	0.44	1.873	FKSG44
0.0138297	1.017	0.564	1.803	ZNF614
0.0138384	0.62	0.364	1.703	KIAA1411
0.0138414	1.397	0.817	1.71	JMJD2B
0.0138533	0.951	0.539	1.764	C6orf27
0.0138781	1.156	0.417	2.772	NSMCE1
0.0139399	0.984	0.55	1.789	CAB39L
0.0139751	1.893	1.1	1.721	RNPEP
0.0139762	0.975	0.486	2.006	LPHN2
0.0139835	1.169	0.55	2.125	C7orf10
0.0140027	1.212	0.678	1.788	CSDE1
0.0140363	1.784	1.063	1.678	WBP2
0.0140807	1.3	0.768	1.693	ARHGAP5
0.0140938	1.275	0.696	1.832	TESK1
0.0141066	1.581	1.022	1.547	C20orf3
0.0141351	1.805	0.854	2.114	PSTPIP2
0.0141361	0.775	0.411	1.886	CCDC55
0.0141653	1.121	0.688	1.629	VRK3
0.0141655	1.214	0.556	2.183	PIK3R3
0.0142236	1.465	0.772	1.898	AHNAK
0.0142415	0.779	0.328	2.375	KLHL3
0.0142922	1.178	0.572	2.059	PIGS
0.0143005	1.269	0.801	1.584	SLC38A3
0.0143056	1.169	0.536	2.181	CHD3
0.0143096	1.219	0.768	1.587	PER1
0.0143268	2.246	1.172	1.916	CD109
0.014336	1.104	0.62	1.781	LOC400759
0.01434	1.719	0.89	1.931	KIAA2002
0.0143465	0.726	0.377	1.926	ZNF174
0.0143639	1.462	0.681	2.147	FLJ90086
0.0144021	1.326	0.817	1.623	LMO7
0.0144077	2.619	1.574	1.664	CALCOCO1
0.0145102	1.584	1.012	1.565	PDE4DIP
0.0145218	1.497	0.947	1.581	TERF1
0.0145377	0.934	0.274	3.409	GAS7
0.0145408	0.896	0.581	1.542	DUSP4
0.0145616	1.011	0.437	2.314	CAPN3
0.0145622	1.244	0.797	1.561	EPB41L3
0.0145768	2.122	1.195	1.776	LOC341230
0.0145917	1.282	0.721	1.778	ZNF558
0.0146311	2.305	1.245	1.851	CCNG2
0.0146419	1.055	0.672	1.57	LOC400759
0.0146464	0.703	0.337	2.086	MMP2
0.0146819	0.633	0.346	1.829	SENP5
0.0147052	1.067	0.652	1.637	FLJ31438
0.0147163	1.152	0.516	2.233	ABCA1
0.0147335	0.784	0.385	2.036	AP4B1
0.0147706	1.115	0.536	2.08	LRRC27
0.0148077	1.262	0.659	1.915	POMZP3
0.0148078	1.076	0.486	2.214	LAMA3
0.0148286	2.189	1.055	2.075	NOTCH3
0.014901	0.69	0.403	1.712	LOC285954
0.0149506	1.188	0.713	1.666	LRP3
0.0149633	1.016	0.459	2.214	LOC646322
0.0149794	0.801	0.259	3.093	HNF4G
0.015007	1.624	0.857	1.895	TM7SF2
0.0150537	1.213	0.458	2.648	ASCC1
0.0150669	1.778	1.152	1.543	FBLN1
0.0150726	1.053	0.673	1.565	SLC35A1
0.0150958	1.09	0.7	1.557	KIAA1345
0.0151007	1.09	0.506	2.154	CGREF1
0.0151239	0.439	0.235	1.868	AVIL
0.0151269	0.922	0.516	1.787	CBFA2T2
0.0151917	1.043	0.347	3.006	BRD4
0.0152365	0.719	0.318	2.261	SRBD1
0.0152608	0.791	0.418	1.892	C15orf42
0.0152694	1.467	0.921	1.593	SYT11
0.0153037	1.234	0.76	1.624	CFH
0.0153329	1.627	0.928	1.753	CGRRF1
0.0153351	1.417	0.945	1.499	Magmas
0.0153477	0.851	0.437	1.947	LOC391701
0.0154506	1.542	0.943	1.635	ADAM33
0.0155155	0.757	0.377	2.008	PLEKHG6
0.0155433	0.651	0.283	2.3	ANKRD43
0.0156759	0.9	0.372	2.419	C20orf165
0.0156803	0.764	0.448	1.705	CA1
0.0156855	0.911	0.456	1.998	FAM27A
0.0156879	1.135	0.716	1.585	ESRRB
0.0157353	1.427	0.949	1.504	KIAA1539
0.0158424	0.881	0.449	1.962	UNC13A
0.0158825	1.004	0.417	2.408	UTS2D
0.0159146	2.589	0.973	2.661	ZNF561
0.015921	1.092	0.702	1.556	C7orf42
0.0160007	1.248	0.706	1.768	KIAA1797
0.0160527	0.984	0.537	1.832	ZCCHC4
0.0160539	1.323	0.742	1.783	PPFIBP1
0.0160871	1.304	0.614	2.124	RIN2
0.016137	0.714	0.417	1.712	ZH2C2
0.0161732	2.024	1.248	1.622	RAP2B
0.0162479	0.73	0.43	1.698	FLJ25037
0.0162946	2.168	1.408	1.54	MAP1LC3A
0.0163001	0.767	0.447	1.716	LOC285286
0.0163333	0.742	0.45	1.649	ZNF669
0.0163425	0.738	0.375	1.968	SLC22A18
0.0163472	0.899	0.331	2.716	NPEPL1
0.0164239	0.785	0.319	2.461	SLC7A9
0.016451	0.677	0.427	1.585	CDKL2
0.0164762	1.498	0.892	1.679	ZNF451
0.0164894	1.058	0.645	1.64	MRPL27
0.0164912	1.429	0.757	1.888	CHES1
0.0165052	1.467	0.909	1.614	TAF3
0.0166894	1.296	0.767	1.69	LOC100008589
0.0167059	0.66	0.281	2.349	C20orf7
0.0168	1.069	0.71	1.506	LOC400759
0.0168035	1.9	1.234	1.54	HBP1
0.0168469	0.947	0.423	2.239	C1orf82
0.016856	1.367	0.858	1.593	MOBKL2C
0.0168887	1.197	0.703	1.703	C6orf136
0.0169634	0.453	0.161	2.814	LUZP1
0.0169667	1.393	0.772	1.804	ZNF37A
0.0169721	0.971	0.465	2.088	CDC2L5
0.0169754	0.852	0.459	1.856	SUPT7L
0.0170034	0.7	0.412	1.699	WFDC3
0.01712	1.018	0.609	1.672	TMEM168
0.017132	1.475	0.839	1.758	FLJ45187
0.017175	1.784	1.018	1.752	ERBB2IP
0.0171875	1.061	0.482	2.201	SPRR2G
0.0172376	0.474	0.287	1.652	NCKAP1
0.0172431	0.933	0.59	1.581	LOC400759
0.0172466	1.282	0.652	1.966	NLGN1
0.0172629	1.498	0.657	2.28	DUSP1
0.0172923	0.856	0.487	1.758	VARS2
0.0173034	1.288	0.754	1.708	RPS27
0.0173434	1.294	0.814	1.59	TRIM13
0.0173463	1.272	0.72	1.767	EPHA5
0.0173475	1.441	0.774	1.862	FAM3C
0.0173586	0.618	0.326	1.896	L1CAM
0.0173875	0.599	0.368	1.628	LRRC50
0.0174404	1.335	0.886	1.507	LOC161635
0.0174421	1.74	1.056	1.648	SIL1
0.017453	1.219	0.653	1.867	LOC442204
0.017492	1.625	1.08	1.505	B3GNT1
0.0175306	1.838	1.041	1.766	TMEM63B
0.0175467	1.713	0.998	1.716	RGL1
0.017639	2.117	1.094	1.935	STARD5
0.0176843	2.333	1.551	1.504	FGF2
0.0176854	1.175	0.493	2.383	PHF21A
0.0176934	1.418	0.83	1.708	ACVR1
0.0176982	0.619	0.295	2.098	DIS3L
0.0177153	0.805	0.442	1.821	DEFT1P
0.017723	2.431	1.511	1.609	CRYAB
0.0177244	1.218	0.693	1.758	USP32
0.0177828	1.298	0.713	1.82	GPR124
0.0177943	1.592	1.035	1.538	NT5DC1
0.017815	1.394	0.829	1.682	LOC646836
0.0178216	0.674	0.258	2.612	WDR41
0.0178274	1.122	0.72	1.558	ISYNA1
0.0178342	1.308	0.757	1.728	MOAP1
0.0178502	0.953	0.533	1.788	SNED1
0.0178745	2.419	1.579	1.532	TPP1
0.0178837	2.315	1.445	1.602	YPEL5
0.0178886	0.992	0.582	1.704	DZIP3
0.0179266	1.213	0.652	1.86	PLAGL1
0.0179321	0.772	0.506	1.526	ABCC6
0.0179355	1.526	0.945	1.615	ZC3H7B
0.0179664	1.408	0.903	1.559	CENTD2
0.0180016	0.743	0.308	2.412	ZNF449
0.0180193	1.531	0.807	1.897	PPP2R5C
0.0180387	1.619	1.015	1.595	COG5
0.0180688	2.014	1.07	1.882	TNS3
0.0180841	0.726	0.372	1.952	RNH1
0.0181197	1.483	0.941	1.576	DKFZp761P0423
0.0181331	2.597	1.72	1.51	FBLN2
0.0181648	1.831	1.065	1.719	ZER1
0.0181703	1.269	0.712	1.782	STK40
0.0182785	0.827	0.444	1.863	PDP2
0.0182991	1.465	0.899	1.63	TMEM131
0.0183034	1.731	1.123	1.541	LYRM5
0.0183551	0.479	0.221	2.167	MMP12
0.0183611	1.86	1.045	1.78	DSEL
0.0183794	1.647	1.021	1.613	FKBP10
0.0183797	1.273	0.655	1.944	CAT
0.0184051	1.936	1.247	1.553	PTGES
0.0184161	1.585	1.069	1.483	KTELC1
0.0184214	0.909	0.457	1.989	KIAA1468
0.0184313	1.163	0.629	1.849	VDAC2
0.0184435	1.064	0.675	1.576	ZNF512
0.0184475	1.511	0.788	1.918	FRAS1
0.0184644	1.589	0.934	1.701	VPS41
0.0184654	0.801	0.437	1.833	LY6H
0.0185618	0.95	0.6	1.583	SMEK1
0.0185715	1.5	0.786	1.908	MAGED2
0.0185843	0.993	0.661	1.502	TRIM46
0.0186264	0.498	0.262	1.901	INTS6
0.0186467	1.987	0.927	2.143	ACO1
0.0186488	2.372	1.402	1.692	STAT2
0.018719	0.961	0.572	1.68	LOC284402
0.0187258	0.791	0.232	3.409	DNAH1
0.018756	1.042	0.604	1.725	LOC400756
0.0187695	1.147	0.742	1.546	FHL2
0.0188147	0.759	0.363	2.091	LOC257152
0.0188944	1.885	1.05	1.795	ALDH1B1
0.0189129	1.403	0.915	1.533	PTPN1
0.0189461	0.829	0.539	1.538	CGB1
0.0189499	1.201	0.677	1.774	SUSD1
0.0190136	1.61	0.7	2.3	LRRC32
0.0190209	1.229	0.702	1.751	LOC731692
0.0190325	2.661	1.456	1.828	ELK3
0.0190971	1.519	0.929	1.635	GOLGA8B
0.0191135	1.636	0.931	1.757	OLFM1
0.0191634	0.972	0.489	1.988	LOC642826
0.0191825	1.002	0.566	1.77	PPM1K
0.019246	1.798	1.161	1.549	RTTN
0.0192565	1.463	0.854	1.713	MFGE8
0.0192671	1.8	1.106	1.627	RNASET2
0.019274	0.638	0.429	1.487	ATPBD4
0.0192994	1.143	0.658	1.737	CEP170L
0.0193177	1	0.515	1.942	SLC1A7
0.0193483	0.64	0.326	1.963	SYT10
0.0194438	1.54	0.871	1.768	ABL1
0.01955	1.659	1.11	1.495	ADAM33
0.019575	1.687	1.126	1.498	FLJ10081
0.0196348	1.067	0.601	1.775	SRPK1
0.0196378	1.029	0.645	1.595	PABPC4
0.0196953	1.059	0.683	1.551	UTF1
0.0198534	0.655	0.275	2.382	EPHA5
0.0198706	1.166	0.719	1.622	LOC729837
0.0199544	1.252	0.766	1.634	TMEM161A
0.020085	1.052	0.611	1.722	GRTP1
0.0201091	1.671	1.08	1.547	PDIA3P
0.0202553	1.232	0.815	1.512	FAM53C
0.020257	1.583	0.939	1.686	RAB40B
0.0202602	1.361	0.822	1.656	ZNF277P
0.0202815	1.778	1.112	1.599	SEC22B
0.0203349	0.564	0.246	2.293	CCDC85A
0.0203406	1.682	1.116	1.507	ABHD14B
0.0203544	1.75	1.066	1.642	C6orf48
0.0203861	0.911	0.572	1.593	SGK3
0.0204472	1.124	0.515	2.183	NOL8
0.0204642	0.938	0.552	1.699	ADAMTS7
0.0204672	1.028	0.589	1.745	DIABLO
0.0204854	0.719	0.326	2.206	C6orf49
0.0204964	1.431	0.966	1.481	SLC9A7
0.0205259	0.71	0.303	2.343	FLJ32810
0.020549	1.097	0.677	1.62	KRR1
0.0205794	0.959	0.641	1.496	TMEM45A
0.020607	0.871	0.503	1.732	ARVCF
0.020627	1.679	0.979	1.715	MINPP1
0.0206405	2.188	1.269	1.724	UBE2H
0.0206948	0.997	0.46	2.167	UBTF
0.0207186	1.187	0.708	1.677	SLC12A4
0.020753	1.17	0.769	1.521	LRCH3
0.020816	1.707	0.862	1.98	EFNB1
0.0208576	0.763	0.433	1.762	FCAR
0.0208707	0.882	0.503	1.753	ASB3
0.0208951	1.356	0.922	1.471	ZNHIT4
0.0209032	0.993	0.582	1.706	ZC3H13
0.0209042	1.026	0.617	1.663	LOC401320
0.020923	1.112	0.507	2.193	PLD1
0.0209643	1.684	1.027	1.64	TRIM32
0.0209901	1.228	0.317	3.874	GLT8D3
0.0210064	1.188	0.752	1.58	LRP5
0.0210098	0.945	0.622	1.519	B3GNTL1
0.0210388	1.03	0.53	1.943	GSTZ1
0.021064	1.302	0.759	1.715	TFDP3
0.0210897	0.996	0.553	1.801	KIAA0467
0.0211606	1.097	0.685	1.601	PPP2R1B
0.0211682	1.713	1.066	1.607	C9orf150
0.0211696	0.96	0.556	1.727	FCF1
0.0211939	1.494	0.991	1.508	ZFP90
0.0212075	0.744	0.476	1.563	IGKC
0.0212151	1.117	0.533	2.096	TMEM63A
0.0212352	1.186	0.677	1.752	VPS37A
0.0212887	1.154	0.643	1.795	ACTR8
0.0213128	1.179	0.599	1.968	GPR172B
0.0213197	1.108	0.521	2.127	ATP7A
0.0213729	0.943	0.628	1.502	SLC22A4
0.0213894	0.605	0.387	1.563	IFIH1
0.0214038	0.979	0.519	1.886	KIAA1737
0.0214223	0.735	0.5	1.47	TTBK2
0.0214289	0.727	0.329	2.21	LOC729348
0.0214466	1.266	0.855	1.481	HPS4
0.021492	0.97	0.481	2.017	MYNN
0.0214979	1.006	0.503	2	LAMB3
0.0215045	1.694	1.1	1.54	LOC732242
0.0215088	0.481	0.267	1.801	LOC346653
0.0215216	0.934	0.561	1.665	LOC644099
0.021529	0.745	0.424	1.757	SUSD4
0.0215432	1.652	1.122	1.472	DAK
0.0215563	1.237	0.804	1.539	SPIN2B
0.0215722	2.234	1.372	1.628	DCN
0.0215805	0.999	0.643	1.554	LOC392382
0.0215909	1.499	0.904	1.658	TINAG
0.0216944	1.141	0.691	1.651	LOC646762
0.021695	0.72	0.42	1.714	ETV3
0.0217338	1.067	0.656	1.627	LOC400759
0.0217694	2.167	1.436	1.509	TGFBI
0.0217944	1.359	0.902	1.507	DYRK1B
0.0217983	0.915	0.602	1.52	ZBTB16
0.021799	2.057	1.3	1.582	MGC17330
0.0218817	2.675	1.611	1.66	HMCN1
0.0219643	1.681	0.984	1.708	SNAP23
0.021976	0.781	0.507	1.54	OPHN1
0.021977	1.009	0.62	1.627	ORC4L
0.0220085	0.714	0.31	2.303	EIF4G3
0.0220323	0.877	0.582	1.507	TTTY7
0.0220501	1.303	0.804	1.621	CD302
0.0220767	1.158	0.656	1.765	UBQLN1
0.0221086	2.244	1.384	1.621	LOC730041
0.0221151	0.734	0.426	1.723	ZNF667
0.0221417	0.821	0.372	2.207	MGC35361
0.0222116	2.173	1.321	1.645	KCNK2
0.022229	1.02	0.626	1.629	IRAK4
0.0222518	0.874	0.569	1.536	C8orf74
0.0223098	0.986	0.519	1.9	SLC9A11
0.0223287	0.959	0.625	1.534	ZNF532
0.0223567	1.527	0.991	1.541	ADIPOR1
0.0223649	0.988	0.603	1.638	WDR70
0.0223721	1.045	0.584	1.789	TRPT1
0.0223963	1.13	0.759	1.489	MMP16
0.0224636	1.204	0.589	2.044	TIAM1
0.0224691	1.284	0.833	1.541	SMAD2
0.0225033	0.877	0.417	2.103	LOC572558
0.022518	0.414	0.263	1.574	DDO
0.0225282	1.06	0.677	1.566	CCDC24
0.0225569	1.382	0.826	1.673	RSHL2
0.0225645	1.091	0.526	2.074	C8orf72
0.0225651	0.978	0.639	1.531	DRG2
0.0226097	1.015	0.64	1.586	LOC400759
0.0226393	2.043	1.33	1.536	CYP1B1
0.0226726	0.986	0.62	1.59	CEP170L
0.0227218	1.577	0.867	1.819	FAM125B
0.0227559	0.955	0.598	1.597	SLC22A3
0.0227575	1.299	0.818	1.588	SLC39A7
0.0228159	0.805	0.436	1.846	ALDH3A1
0.022825	1.852	1.171	1.582	C3orf23
0.0228672	3.951	1.87	2.113	GPC1
0.0228846	1.203	0.569	2.114	CPA6
0.0229638	0.711	0.428	1.661	UTP15
0.0229686	0.527	0.293	1.799	STMN2
0.0229873	1.48	0.86	1.721	DCUN1D3
0.0230006	2.218	1.473	1.506	COL8A1
0.0231	0.85	0.431	1.972	TCF7
0.0231599	1.284	0.77	1.668	LOC730258
0.0231695	1.157	0.668	1.732	LOC730722
0.023217	0.965	0.498	1.938	KIAA1683
0.0232225	1.229	0.557	2.206	MON2
0.0232407	1.68	1.02	1.647	MAP2K4
0.0232408	1.006	0.548	1.836	SERF1A
0.0232631	2.03	1.257	1.615	IDUA
0.0233078	0.853	0.475	1.796	ST6GAL2
0.0233189	2.184	1.417	1.541	TMEM131
0.0233943	1.122	0.619	1.813	TMEM65
0.0233976	1.103	0.557	1.98	EDEM3
0.0234064	0.947	0.607	1.56	LOC400759
0.0234186	1.207	0.789	1.53	MAPK8IP2
0.0234479	0.624	0.353	1.768	OGFRL1
0.0234827	2.201	1.262	1.744	HIPK4
0.0235252	1.488	1.016	1.465	RNF13
0.0235417	1.265	0.788	1.605	SLC26A11
0.0235575	0.954	0.485	1.967	AR
0.0235718	0.96	0.612	1.569	DKFZp434H1419
0.0235829	1.635	1.067	1.532	KRTAP4-5
0.0235912	1.573	1.074	1.465	KCTD1
0.0236672	1.639	1.06	1.546	ZNF341
0.0236679	2.031	1.305	1.556	P4HA2
0.0236738	1.761	1.087	1.62	DHRS7
0.0236759	1.36	0.893	1.523	LIPT1
0.0236877	0.85	0.535	1.589	WASF1
0.0238278	1.785	1.168	1.528	OSTM1
0.0238471	1.05	0.681	1.542	MMP11
0.0238602	0.459	0.218	2.106	GH1
0.0239054	1.492	0.916	1.629	ANKRD13A
0.0239141	0.76	0.402	1.891	GDF10
0.0239208	1.002	0.67	1.496	PTGER3
0.0239417	1.339	0.863	1.552	GPR108
0.0239845	0.517	0.313	1.652	ITGB7
0.0239956	1.705	0.958	1.78	NF2
0.0240011	1.023	0.66	1.55	IL1F7
0.0240157	1.251	0.732	1.709	CSNK1A1
0.024017	1.017	0.655	1.553	ABCC9
0.0240174	0.824	0.526	1.567	CYB5R2
0.024044	1.312	0.892	1.471	TCP11L1
0.0240488	2.133	1.329	1.605	WBP1
0.0240538	1.369	0.822	1.665	KIAA1826
0.0240989	1.11	0.688	1.613	RAB11FIP3
0.0241076	1.164	0.799	1.457	NAGPA
0.0241885	1.747	1.076	1.624	GNPTAB
0.0241917	1.009	0.577	1.749	FLJ33630
0.0242053	1.352	0.887	1.524	PHF20
0.0242767	1.82	1.126	1.616	TNFRSF11B
0.0243055	2.457	1.478	1.662	LAMC1
0.0243087	0.65	0.417	1.559	ZNF783
0.0243138	0.898	0.515	1.744	SULT1A3
0.0243172	1.516	0.926	1.637	CABYR
0.0243476	0.844	0.341	2.475	CASP10
0.024382	1.468	0.839	1.75	CRIPT
0.0244019	0.998	0.598	1.669	B3GNTL1
0.0244203	1.967	1.245	1.58	HAPLN3
0.0245242	1.874	1.226	1.529	AK3
0.0245871	1.564	1.061	1.474	WDR43
0.0246146	1.749	0.989	1.768	LOC153222
0.0246154	1.991	1.325	1.503	QPRT
0.0246488	1.581	0.981	1.612	SGIP1
0.0246568	1.051	0.668	1.573	WDFY3
0.024669	1.296	0.807	1.606	VPS41
0.0247159	1.177	0.775	1.519	C10orf57
0.0247229	1.951	1.326	1.471	FBLN1
0.0247775	3.308	1.463	2.261	PSG11
0.0247786	1.04	0.623	1.669	LOC400759
0.0247905	1.142	0.7	1.631	IVL
0.0248247	1.984	1.346	1.474	WIPI2
0.0248542	1.392	0.897	1.552	LETMD1
0.0249136	0.963	0.572	1.684	MDM4
0.0249156	0.77	0.416	1.851	PPP1R13B
0.0249407	2.289	1.369	1.672	ASAH1
0.0249918	0.656	0.387	1.695	FERD3L
0.0250133	1.078	0.381	2.829	KIAA1267
0.025014	1.165	0.783	1.488	LOC400759
0.025021	1.184	0.675	1.754	RGPD5
0.0251281	0.825	0.446	1.85	AASDH
0.0251646	1.259	0.827	1.522	SMPDL3A
0.0251798	0.827	0.46	1.798	STOML3
0.0252452	1.477	0.849	1.74	LOC728661
0.0252855	0.639	0.332	1.925	SLC7A9
0.0253759	0.908	0.607	1.496	LOC729348
0.0254216	1.156	0.768	1.505	ARF1
0.0254294	1.131	0.733	1.543	FLJ37798
0.025533	1.27	0.84	1.512	RWDD3
0.0255638	1.091	0.717	1.522	SH3RF2
0.0256193	0.711	0.394	1.805	PRMT8
0.0256208	1.057	0.673	1.571	RSHL2
0.0256332	1.257	0.727	1.729	RRAGB
0.0256343	1.417	0.778	1.821	RPS27
0.0256624	1.594	0.963	1.655	IGSF21
0.0257366	0.933	0.418	2.232	PPM1M
0.0257463	1.307	0.757	1.727	ZFR
0.0257623	0.744	0.374	1.989	LOC643854
0.0257739	1.084	0.688	1.576	CCDC43
0.0258018	1.372	0.787	1.743	CLN8
0.0258784	1.483	0.999	1.484	CCL2
0.02591	1.038	0.58	1.79	MGC35361
0.0259775	1.661	1.113	1.492	LOC151438
0.0260077	1.159	0.608	1.906	LOC619208
0.0260207	0.66	0.293	2.253	LITAF
0.0260434	0.633	0.26	2.435	TMEM40
0.0260484	1.097	0.448	2.449	C6orf134
0.0260639	1.436	0.93	1.544	CT45-1
0.0261242	2.173	1.409	1.542	SDC1
0.0261293	1.107	0.645	1.716	CLN3
0.0261659	0.869	0.564	1.541	MAPT
0.0262086	0.686	0.329	2.085	C14orf102
0.0262349	1.006	0.692	1.454	HIRA
0.0262593	1.104	0.712	1.551	LOC642897
0.0262969	1.467	0.697	2.105	LOC728029
0.0263146	0.895	0.586	1.527	ARID4A
0.0263163	1.405	0.904	1.554	PMS2L4
0.026357	0.692	0.381	1.816	ETV7
0.0263658	1.035	0.713	1.452	LOC51057
0.0263951	1.092	0.572	1.909	OR7E18P
0.0263957	0.801	0.443	1.808	IRAK1BP1
0.026403	0.932	0.54	1.726	STAT5A
0.0264305	1.544	0.975	1.584	RTN2
0.0264308	2.944	1.568	1.878	ANGPTL2
0.0264504	1.427	0.944	1.512	ZFP106
0.0264576	0.83	0.519	1.599	CREB3L3
0.0264662	1.821	1.241	1.467	IDS
0.0264813	0.99	0.501	1.976	ZFP64
0.026483	1.522	0.946	1.609	RECQL5
0.026523	2.041	1.381	1.478	TMEM59
0.0265693	1.084	0.632	1.715	LOC730830
0.0265766	1.292	0.717	1.802	ZNF451
0.0268227	2.139	1.465	1.46	SLC12A4
0.0268272	1.094	0.464	2.358	UGT2B11
0.0269146	0.992	0.544	1.824	STK11IP
0.0269433	1.31	0.805	1.627	CBWD2
0.0269608	1.332	0.872	1.528	TTLL3
0.0269666	1.498	1.012	1.48	VPS8
0.0269928	1.105	0.712	1.552	ASB10
0.0270494	1.397	0.923	1.514	ZC3HAV1L
0.0270618	1.829	0.922	1.984	C14orf147
0.0271155	0.849	0.585	1.451	NOL14
0.0271176	1.877	1.251	1.5	VIT
0.0271239	1.244	0.79	1.575	ZNF28
0.0271287	1.63	0.899	1.813	YAP1
0.027189	1.644	0.915	1.797	UGCG
0.0272163	1.321	0.867	1.524	LSP1
0.0272535	0.976	0.641	1.523	ICAM5
0.0272979	0.932	0.621	1.501	TIRAP
0.0273636	1.103	0.694	1.589	L2HGDH
0.0274077	2.794	1.807	1.546	KRTAP1-1
0.0274491	1.226	0.738	1.661	LOC646329
0.02745	1.579	1.037	1.523	LOC646591
0.0274627	1.148	0.689	1.666	PER1
0.0274985	0.836	0.366	2.284	PACSIN3
0.0275464	1.361	0.713	1.909	CAP2
0.0275947	0.877	0.447	1.962	CLDN15
0.027729	2.235	1.348	1.658	11-Sep
0.0277378	0.81	0.431	1.879	LRRC46
0.0277465	1.074	0.621	1.729	CALU
0.0277556	1.413	0.944	1.497	C14orf103
0.0277579	0.907	0.311	2.916	DUSP10
0.0278648	1.014	0.664	1.527	NEK11
0.0279203	0.876	0.439	1.995	TMEM79
0.0279332	0.919	0.578	1.59	KIAA1772
0.0279842	1.398	0.902	1.55	LOC440350
0.0280007	1.176	0.743	1.583	TTLL1
0.0280302	0.817	0.545	1.499	KCTD18
0.0280611	0.708	0.366	1.934	LOC731846
0.0281646	1.583	0.979	1.617	PTPRV
0.0281678	1.369	0.926	1.478	CHRNG
0.0281787	0.843	0.457	1.845	ISY1
0.028238	1.218	0.818	1.489	MUC4
0.0283517	1.238	0.853	1.451	CASD1
0.0286054	1.483	1.002	1.48	C7orf28B
0.0286681	1.413	0.892	1.584	FAM8A1
0.0287092	1.182	0.454	2.604	CNTNAP2
0.0287586	1.189	0.793	1.499	TMEM25
0.0287676	1.421	0.897	1.584	IRS4
0.0288259	1.008	0.57	1.768	DGCR5
0.0289118	0.722	0.29	2.49	MYO10
0.0289288	0.504	0.313	1.61	BMP5
0.0289338	0.586	0.308	1.903	RAD52
0.0289763	1.364	0.87	1.568	DYNLT3
0.0289808	1.702	1.027	1.657	C3orf23
0.0289873	0.935	0.544	1.719	MYO9A
0.0290411	1.675	1.125	1.489	PREPL
0.0291042	1.178	0.736	1.601	ABHD14A
0.029154	0.948	0.35	2.709	SGPP1
0.0292838	1.122	0.602	1.864	PLGLB1
0.0292841	2.16	1.232	1.753	IGF1R
0.0293396	0.911	0.529	1.722	KIAA1377
0.0293861	0.931	0.551	1.69	CYP3A4
0.0294358	0.862	0.469	1.838	PRKRA
0.0294646	0.86	0.512	1.68	CRTC1
0.0294892	0.977	0.545	1.793	SALL2
0.0295394	0.801	0.306	2.618	TBC1D24
0.0297736	1.86	1.245	1.494	C6orf48
0.0297857	0.621	0.354	1.754	METTL8
0.0297943	0.909	0.495	1.836	SHF
0.0298046	1.909	1.277	1.495	CTF1
0.0298284	1.289	0.551	2.339	SESN1
0.0298483	1.771	1.006	1.76	HAK
0.0298721	2.225	1.137	1.957	LOC149478
0.0298975	1.15	0.766	1.501	WARS2
0.0298986	1.818	0.91	1.998	CSDA
0.0299015	1.396	0.713	1.958	PARD3B
0.0299434	0.62	0.313	1.981	RANBP2
0.0299755	1.58	1.02	1.549	TMEM76
0.0300068	1.561	0.989	1.578	LSP1
0.0300085	0.954	0.571	1.671	ELA3B
0.0300763	1.465	0.86	1.703	KIAA0430
0.030116	1.628	0.932	1.747	PAPD4
0.0301181	1.318	0.62	2.126	ZFPL1
0.0302385	2.205	1.474	1.496	OSIL
0.0302608	1.26	0.737	1.71	ZMYM4
0.0302708	1.889	1.225	1.542	ZFAND5
0.0302777	2.096	1.288	1.627	AARS2
0.0302895	0.893	0.624	1.431	RPLP0P1
0.0302897	0.767	0.475	1.615	ADAMTS9
0.0303059	1.533	0.895	1.713	PLCB4
0.0303136	0.922	0.614	1.502	LRE1
0.0303289	0.919	0.629	1.461	TRERF1
0.030329	0.657	0.213	3.085	OPHN1
0.0303382	2.444	1.577	1.55	SQSTM1
0.0303671	1.224	0.774	1.581	RSPRY1
0.030404	1.086	0.713	1.523	LOC728115
0.030463	0.795	0.374	2.126	COVA1
0.0304771	1.466	0.972	1.508	HOM-TES-103
0.0305219	1.179	0.555	2.124	MGC19604
0.0305301	1.348	0.852	1.582	TBC1D9
0.0305395	0.933	0.535	1.744	PPM1K
0.0305723	1.093	0.668	1.636	C3orf63
0.0306337	0.73	0.405	1.802	PRG4
0.0306342	1.257	0.721	1.743	JMJD2C
0.0307726	1.468	1.005	1.461	SPRR4
0.0308815	1.397	0.82	1.704	NBEA
0.030947	1.411	0.931	1.516	MCL1
0.0309495	0.8	0.505	1.584	LOC728291
0.0310125	0.981	0.541	1.813	AAK1
0.0310157	0.502	0.301	1.668	GAB1
0.0311225	1.313	0.739	1.777	ZMYM5
0.0311389	1.123	0.666	1.686	FAM89A
0.0311403	0.993	0.589	1.686	SMG6
0.031184	1.374	0.786	1.748	PDGFRB
0.0312079	1.253	0.777	1.613	SMAD5
0.0312157	1.263	0.823	1.535	TOR1AIP1
0.0312424	1.957	1.316	1.487	BAALC
0.0312453	1.001	0.68	1.472	TTC13
0.0312883	1.372	0.94	1.46	PCDHGC3
0.031311	1.581	0.674	2.346	FLJ10159
0.0313517	1.128	0.767	1.471	IRS1
0.0314079	0.982	0.639	1.537	C8orf73
0.0314083	1.563	1.028	1.52	PLA2R1
0.031451	1.395	0.899	1.552	CPSF4
0.0314959	1.208	0.825	1.464	CCDC128
0.0315064	1.036	0.591	1.753	FAM125B
0.0315151	0.93	0.615	1.512	ZNRF1
0.0315898	1.602	0.846	1.894	LOC285084
0.0317119	0.923	0.559	1.651	SH2D6
0.0317135	2.228	1.489	1.496	CEBPD
0.0318216	0.804	0.449	1.791	SOSTDC1
0.0318312	1.746	1.016	1.719	STARD10
0.0318667	1.194	0.717	1.665	PRRG2
0.0318866	0.924	0.623	1.483	FAM27A
0.0319003	1.855	1.307	1.419	MAGEA8
0.0319627	1.428	0.946	1.51	NFATC1
0.0320721	1.071	0.721	1.485	CEP135
0.0321362	1.02	0.674	1.513	LRE1
0.0321667	1.119	0.534	2.096	COP1
0.0321798	1.475	1.037	1.422	MYO5A
0.0322225	1.188	0.745	1.595	JTB
0.032235	0.852	0.584	1.459	SAMD9L
0.0322379	0.934	0.467	2	GPRC5C
0.0322493	1.511	0.895	1.688	ITM2B
0.0322894	1.347	0.824	1.635	MCCC1
0.0323054	1.123	0.768	1.462	CYP3A43
0.0323218	1.747	1.198	1.458	CYR61
0.0323476	1.075	0.71	1.514	PHF21A
0.0323739	1.681	1.059	1.587	C6orf134
0.032374	1.901	0.822	2.313	APBB3
0.0323891	1.428	0.941	1.518	NDUFA4
0.0323892	2.096	1.264	1.658	C10orf54
0.0324376	1.684	1.188	1.418	PPP1R14A
0.0324983	1.467	0.962	1.525	ARSD
0.032528	1.523	1.04	1.464	PPM1J
0.0325291	0.897	0.543	1.652	HAPLN2
0.0325432	1.858	1.238	1.501	CST3
0.0325781	0.871	0.503	1.732	FLJ22374
0.0325953	1.469	0.945	1.554	EIF2A
0.0326373	1.004	0.649	1.547	GYPC
0.0326728	0.519	0.227	2.286	NUP98
0.0327388	1.258	0.806	1.561	LRP10
0.0328458	1.867	0.457	4.085	SVEP1
0.0328717	1.589	1.076	1.477	MPI
0.032882	1.546	0.882	1.753	TIMP3
0.0328946	0.916	0.47	1.949	PVRL3
0.0329253	1.619	1.128	1.435	C20orf30
0.032942	1.438	0.954	1.507	ALDH3A2
0.032963	1.202	0.694	1.732	GALNAC4S-6ST
0.0329821	2.031	0.952	2.133	C16orf5
0.033022	1.062	0.576	1.844	PRDM11
0.0330605	1.108	0.71	1.561	CASP2
0.033095	1.282	0.693	1.85	SERPING1
0.0331931	0.974	0.648	1.503	KCNG4
0.0332289	0.688	0.327	2.104	LARP5
0.0332492	0.965	0.574	1.681	C20orf111
0.0333033	1.783	1.234	1.445	MAPK3
0.0333627	0.834	0.44	1.895	IDH3A
0.0334223	0.696	0.483	1.441	ARID1B
0.0334323	1.666	1.157	1.44	NKIRAS1
0.0335238	1.397	0.709	1.97	ABI3BP
0.0335386	0.858	0.491	1.747	IL12A
0.0335572	1.114	0.761	1.464	MEMO1
0.0336201	0.98	0.594	1.65	LOC400759
0.0336322	1.224	0.75	1.632	VPS13B
0.033674	2.346	1.472	1.594	HSPB8
0.033675	0.886	0.454	1.952	GABBR1
0.0337629	0.934	0.582	1.605	GGTL4
0.0338391	1.881	1.263	1.489	ITPKC
0.0338445	1.521	1.037	1.467	C12orf23
0.0338482	0.941	0.617	1.525	FSIP2
0.0338811	1.271	0.674	1.886	PLA2G4B
0.0338954	1.781	0.855	2.083	LOC731989
0.0339126	1.387	0.887	1.564	TMEM87B
0.0339985	1.162	0.752	1.545	ITSN1
0.0340212	1.924	1.356	1.419	ITGBL1
0.0340477	0.979	0.499	1.962	AIG1
0.0340578	0.933	0.552	1.69	SIRT5
0.0341077	0.949	0.628	1.511	ZNF491
0.0341456	1.034	0.686	1.507	CARM1
0.0341537	1.38	0.844	1.635	PPP1R11
0.0341724	1.491	1.051	1.419	LDLRAD2
0.0342867	1.519	0.818	1.857	LOC399959
0.034356	1.085	0.55	1.973	APOE
0.0345022	1.364	0.939	1.453	DNAJA5
0.034503	1.186	0.782	1.517	ALPK1
0.0345228	1.079	0.753	1.433	RGPD5
0.0345546	1.693	1.001	1.691	DDR2
0.0345778	0.775	0.523	1.482	CG018
0.0346064	1.455	0.916	1.588	C1QTNF1
0.0346078	1.838	1.268	1.45	TBC1D17
0.0346186	1.543	0.727	2.122	PLEC1
0.0346407	1.199	0.793	1.512	SOD2
0.0347022	1.749	1.095	1.597	LHPP
0.0347124	1.348	0.897	1.503	ACE
0.034729	0.849	0.402	2.112	LOC731369
0.034736	0.644	0.443	1.454	ZNF132
0.0347419	0.789	0.396	1.992	H3F3B
0.0347797	0.613	0.358	1.712	LRRC20
0.0347986	0.579	0.348	1.664	COL13A1
0.0348389	1.199	0.804	1.491	ROD1
0.0348457	0.836	0.388	2.155	TBC1D10C
0.0349595	0.628	0.357	1.759	MYNN
0.0350123	1.193	0.433	2.755	MAST4
0.0350309	2.188	1.443	1.516	BDH2
0.0350998	0.76	0.381	1.995	CACNA2D4
0.0351339	1.463	0.825	1.773	COL13A1
0.035156	1.047	0.563	1.86	LOC643856
0.0351942	1.405	0.806	1.743	ACADS
0.0353005	1.756	1.209	1.452	RHOJ
0.0353135	1.169	0.694	1.684	ARHGEF18
0.0353168	2.02	1.142	1.769	KRTAP4-4
0.0353711	1.099	0.751	1.463	ARRB2
0.0354391	1.984	1.379	1.439	RAB1A
0.0354798	1.256	0.869	1.445	LOC389768
0.0355644	1.436	0.938	1.531	CLIP4
0.0355853	0.955	0.661	1.445	ZNF596
0.0356203	1.092	0.761	1.435	PHTF1
0.0356416	0.906	0.602	1.505	ENPP4
0.0356921	1.427	1.009	1.414	ALDH6A1
0.035744	1.061	0.669	1.586	ZNF426
0.0358119	1.124	0.419	2.683	CEACAM8
0.0358761	0.976	0.577	1.692	CUGBP2
0.0359042	1.733	1.177	1.472	BMP2K
0.0359649	1.075	0.708	1.518	ZNF33B
0.0359853	1.021	0.663	1.54	ARHGEF9
0.0359923	1.144	0.66	1.733	LOC130678
0.0360341	1.629	1.141	1.428	ATP6V1H
0.0360575	0.961	0.624	1.54	MOGAT1
0.0361106	1.042	0.631	1.651	NUDT18
0.0361894	2.341	1.435	1.631	IGFBP3
0.0362118	1.081	0.662	1.633	KIF26A
0.0362862	1.385	0.981	1.412	RHOBTB3
0.0363075	1.74	1.227	1.418	PRELP
0.0363418	0.825	0.501	1.647	ESPN
0.0363528	2.214	1.557	1.422	FTL
0.0363786	1.59	1.018	1.562	TANC1
0.03643	1.5	0.953	1.574	GOLGA8B
0.0365225	0.977	0.624	1.566	TTTY17A
0.0365435	0.809	0.417	1.94	GGTL4
0.0365846	1.925	1.348	1.428	ARSA
0.0365933	1.195	0.834	1.433	ARMC10
0.036616	0.784	0.448	1.75	CNNM4
0.036635	0.927	0.482	1.923	PCDHB14
0.0366752	1.83	1.217	1.504	DCN
0.036684	1.931	1.134	1.703	ADRA2A
0.0366981	0.721	0.502	1.436	CCDC96
0.0367111	2.494	1.526	1.634	SLC7A8
0.0367271	1.152	0.755	1.526	MYH14
0.0367344	1.379	0.974	1.416	SUPT7L
0.0367514	1.387	0.87	1.594	SLC38A6
0.03681	0.632	0.27	2.341	OR13C9
0.0368267	0.953	0.587	1.624	GNL3L
0.0369285	1.007	0.704	1.43	LOC401252
0.036974	0.943	0.621	1.519	SLC2A13
0.0370361	1.774	1.263	1.405	COMT
0.0370653	1.375	0.905	1.519	VPS13B
0.0370698	1.034	0.729	1.418	C9orf130
0.037086	1.475	0.944	1.563	TM6SF2
0.0370976	0.905	0.622	1.455	GAS7
0.0371391	2.299	1.485	1.548	DCN
0.0371401	0.654	0.433	1.51	LRRC2
0.0371565	1.161	0.804	1.444	CORO6
0.0372335	1.595	1.064	1.499	SLC25A23
0.0372582	1.139	0.737	1.545	ZNF189
0.0373157	1.04	0.66	1.576	C1orf82
0.0373684	0.928	0.633	1.466	C6orf32
0.0374229	1.079	0.676	1.596	INTU
0.0374496	1.057	0.688	1.536	LOC730793
0.0375439	1.438	1.026	1.402	C17orf28
0.037651	1.704	1.083	1.573	LOC442245
0.0376866	0.947	0.532	1.78	ABLIM3
0.037728	1.687	1.158	1.457	PPM1K
0.0377877	1.695	0.987	1.717	PHKB
0.0377915	1.261	0.851	1.482	NBPF11
0.0378224	1.028	0.681	1.51	OR4C13
0.0378917	1.66	1.13	1.469	MR1
0.0380203	1.483	1.022	1.451	PPCS
0.0380371	0.968	0.497	1.948	GABRB3
0.0380663	0.992	0.586	1.693	ANAPC1
0.0380815	1.396	0.967	1.444	SUSD2
0.0380975	1.563	1.081	1.446	MGC16291
0.0381108	1.121	0.703	1.595	NAV3
0.0381381	1.509	0.943	1.6	SH3D19
0.0382381	0.804	0.568	1.415	LOC653930
0.0382465	0.805	0.528	1.525	PHGDHL1
0.0382501	0.911	0.523	1.742	VPS13B
0.0383097	2.203	1.435	1.535	DCN
0.0383196	1.333	0.825	1.616	BAT3
0.0383283	1.189	0.674	1.764	LY96
0.0383787	0.688	0.448	1.536	AOC2
0.038404	1.147	0.749	1.531	C20orf117
0.0384091	0.601	0.288	2.087	TCEAL4
0.0384456	0.933	0.579	1.611	CASKIN2
0.038503	1.362	0.912	1.493	VAMP2
0.0385333	1.544	1.011	1.527	RPS27
0.0385565	1.139	0.698	1.632	SERPINF1
0.0385611	2.462	1.748	1.408	C1R
0.0386051	1.577	1.078	1.463	CPEB4
0.0386752	1.127	0.614	1.836	MGC39821
0.0387656	1.133	0.742	1.527	PILRA
0.0387796	1.802	1.21	1.489	ADAMTS2
0.038836	1.685	1.022	1.649	WBSCR27
0.0388515	0.979	0.652	1.502	TEPP
0.0390651	1.758	1.068	1.646	HOM-TES-103
0.0390823	0.73	0.456	1.601	EIF2C1
0.039092	0.865	0.557	1.553	ANKRD13B
0.0391361	1.202	0.79	1.522	CCDC106
0.0391706	1.864	1.273	1.464	DAB2
0.0392014	0.645	0.417	1.547	ADC
0.0392129	0.9	0.557	1.616	CASP9
0.0392164	1.574	0.947	1.662	DCTN6
0.039218	0.713	0.397	1.796	ADAMTS16
0.0392657	1.089	0.622	1.751	OR2A9P
0.0392949	1.059	0.715	1.481	LRE1
0.0393397	0.649	0.407	1.595	GNGT1
0.0393531	1.051	0.653	1.609	LOC653110
0.0393942	1.165	0.805	1.447	NAP1L5
0.039418	1.402	0.923	1.519	BMP2K
0.0394536	1.458	1.026	1.421	FSTL4
0.0396626	1.432	0.876	1.635	CD151
0.0397167	1.34	0.917	1.461	CEP170L
0.0397948	1.264	0.756	1.672	DNAJC17
0.0398224	1.727	1.21	1.427	SOCS5
0.0398434	1.532	1.032	1.484	CRSP3
0.0398772	0.617	0.343	1.799	C14orf79
0.0399644	1.1	0.636	1.73	ATP5C1
0.0399725	1.14	0.819	1.392	TMSL3
0.0400885	1.336	0.935	1.429	FMNL3
0.0401276	1.22	0.82	1.488	ETF1
0.0401594	1.3	0.855	1.52	NFKB2
0.0401726	1.058	0.619	1.709	IFT172
0.040174	1.1	0.438	2.511	GDPD5
0.0402776	1.307	0.915	1.428	DPH5
0.0403483	1.395	0.891	1.566	PHC1
0.0403987	1.63	1.133	1.439	NEU1
0.0404097	1.158	0.589	1.966	ZNF619
0.0404453	0.835	0.356	2.346	ZNF692
0.0405468	1.07	0.68	1.574	FAM118A
0.0405483	1.677	1.141	1.47	ACO1
0.0405949	1.181	0.843	1.401	C5orf14
0.040603	0.899	0.488	1.842	WDR35
0.0406176	1.162	0.719	1.616	RPL24
0.0406583	2.514	1.176	2.138	HMCN1
0.0406986	0.732	0.398	1.839	PCCB
0.0407372	0.694	0.441	1.574	LOC169834
0.0409228	0.941	0.6	1.568	IPO11
0.0409573	1.327	0.707	1.877	FLJ33065
0.0409583	0.911	0.557	1.636	LOC729272
0.0409812	1.509	1.075	1.404	SCIN
0.040982	2.742	1.568	1.749	LRRC15
0.041047	1.872	1.076	1.74	PCBP4
0.0410771	1.769	1.1	1.608	ISG20L1
0.0410783	0.851	0.528	1.612	SMUG1
0.0410965	1.246	0.79	1.577	RNF32
0.0411437	1.487	0.773	1.924	C7orf10
0.041216	0.676	0.37	1.827	C10orf118
0.041246	1.613	1.067	1.512	PTPMT1
0.0412525	1.123	0.692	1.623	MAMDC4
0.0412657	0.719	0.427	1.684	FLJ33996
0.0413479	1.043	0.684	1.525	LOC646214
0.0413489	0.614	0.372	1.651	SLC25A45
0.0413701	1.623	1.115	1.456	SLC9A7
0.0414022	1.43	0.827	1.729	RASAL2
0.0414445	1.861	1.181	1.576	APLP1
0.0416145	0.892	0.603	1.479	LOC729915
0.041811	1.108	0.729	1.52	COQ5
0.0419105	1.213	0.737	1.646	SLC30A9
0.0419403	1.319	0.716	1.842	GYPE
0.0419795	1.236	0.85	1.454	PCDH1
0.0419904	1.403	0.981	1.43	IBRDC2
0.0420026	0.987	0.604	1.634	SUHW3
0.0420288	1.209	0.555	2.178	PQLC3
0.0420791	0.974	0.666	1.462	LOC729348
0.0420841	2.132	1.523	1.4	RAB7A
0.0420909	0.957	0.452	2.117	AMY2B
0.0421519	1.269	0.896	1.416	THEM2
0.0421622	0.994	0.659	1.508	COP1
0.0422257	1.483	1.059	1.4	RBM18
0.042254	1.043	0.647	1.612	ATP10B
0.0422922	1.175	0.692	1.698	ZNF611
0.0423368	1.157	0.789	1.466	ZNF253
0.0425491	1.757	1.261	1.393	DNASE1L1
0.0425622	1.282	0.909	1.41	SCML2
0.0426994	1.238	0.572	2.164	C16orf58
0.042703	1.126	0.782	1.44	NRD1
0.0430214	1.022	0.727	1.406	ASB16
0.0431289	1.508	1.047	1.44	CTSC
0.0431654	1.107	0.703	1.575	IL27
0.043186	1.364	0.917	1.487	ZNF780B
0.0431869	0.72	0.46	1.565	UBE4B
0.0432373	1.498	0.969	1.546	SLC16A4
0.0433263	0.677	0.437	1.549	FLJ14213
0.0433931	0.747	0.265	2.819	CRISP3
0.0434257	1.707	1.047	1.63	MEGF8
0.0435037	1.329	0.764	1.74	CRSP3
0.0435355	1.195	0.829	1.441	SLC43A1
0.0435393	1.648	0.93	1.772	BMP1
0.043607	0.869	0.446	1.948	FRAS1
0.0437011	1.121	0.77	1.456	GRTP1
0.0437038	1.462	0.948	1.542	SBNO1
0.0438645	0.604	0.368	1.641	CNKSR2
0.0438757	1.718	1.033	1.663	OSMR
0.0438964	1.299	0.73	1.779	DTWD1
0.0439116	1.292	0.717	1.802	TGFBRAP1
0.0439201	1.315	0.938	1.402	PNCK
0.0439273	1.349	0.802	1.682	ZNF251
0.0440082	1.072	0.662	1.619	ROM1
0.0440503	1.954	1.014	1.927	PIP5K1A
0.0440825	0.875	0.557	1.571	WDR55
0.0440865	1.475	1.03	1.432	FLJ14186
0.0441372	1.121	0.758	1.479	ZBTB7C
0.0441905	1.088	0.736	1.478	ARRB1
0.0442012	0.981	0.673	1.458	OR5T3
0.0442437	1.119	0.795	1.408	KRIT1
0.0442859	2.077	1.22	1.702	NID1
0.0443489	0.676	0.426	1.587	SCEL
0.0443927	1.026	0.73	1.405	C16orf58
0.0443975	1.424	0.903	1.577	ZNF746
0.0445366	1.003	0.658	1.524	L2HGDH
0.0445527	1.222	0.836	1.462	POMT1
0.0446116	2.134	1.373	1.554	CENTD2
0.0446384	1.363	0.964	1.414	TRDMT1
0.0447094	1.029	0.683	1.507	LOC440716
0.0447123	1.845	1.246	1.481	FBS1
0.0447261	0.698	0.419	1.666	WDR75
0.0447664	0.656	0.454	1.445	SERGEF
0.0447684	0.811	0.461	1.759	CMTM6
0.0447809	1.302	0.897	1.452	MAPK6
0.0448124	2.313	1.547	1.495	DCN
0.0448298	0.586	0.288	2.035	CMKLR1
0.0448404	1.598	1.115	1.433	RCBTB1
0.0448863	1.912	1.097	1.743	KITLG
0.0449164	1.592	0.934	1.704	TRUB1
0.0449468	0.883	0.629	1.404	PTGER3
0.0450117	0.809	0.437	1.851	MGC11082
0.0451354	0.949	0.688	1.379	RETNLB
0.0451727	1.155	0.801	1.442	GANC
0.0452097	0.922	0.43	2.144	C1orf121
0.0452861	0.861	0.55	1.565	C4orf33
0.0452915	1.417	0.987	1.436	GLIS2
0.0453252	1.495	1.046	1.429	C11orf46
0.0453432	1.255	0.852	1.473	RNF44
0.0454538	1.215	0.872	1.393	ST7
0.0454804	1.364	0.798	1.709	DMPK
0.0454805	2.004	1.319	1.519	FAM62B
0.0455118	0.934	0.542	1.723	ZNF658B
0.0456165	1.757	1.225	1.434	DCTN1
0.0456393	1.013	0.547	1.852	ANAPC4
0.0456875	0.831	0.516	1.61	HBS1L
0.045728	1.158	0.787	1.471	ZNF10
0.0457372	0.965	0.658	1.467	LOC729348
0.0457412	1.159	0.819	1.415	FRG1
0.045765	1.348	0.85	1.586	NICN1
0.0458423	1.142	0.737	1.55	SON
0.0459829	1.366	0.97	1.408	C4orf12
0.0460347	1.059	0.649	1.632	ANKHD1
0.0460742	1.834	1.12	1.637	SIDT2
0.0461201	1.639	1.02	1.607	LOC652260
0.0461843	1.07	0.736	1.454	DNAJB14
0.0461847	1.141	0.818	1.395	FSIP2
0.0462131	1.168	0.71	1.645	KIAA0776
0.0462223	2.026	1.455	1.392	DAB2
0.0462971	1.189	0.761	1.562	NT5DC1
0.0463596	1.138	0.752	1.513	LRSAM1
0.0463601	1.423	0.895	1.59	MAPBPIP
0.046365	1.22	0.812	1.502	LOC388948
0.0464236	0.92	0.566	1.625	MLLT6
0.0465584	1.398	0.928	1.506	PPP1R12B
0.0466288	0.763	0.442	1.726	SERF1A
0.0466415	0.982	0.667	1.472	IKZF4
0.046682	1.417	0.996	1.423	GTF2H5
0.0466937	1.451	1.031	1.407	SFRS5
0.0467145	1.018	0.437	2.33	KIAA0430
0.0467258	1.718	1.229	1.398	SH2D4A
0.0467539	0.996	0.68	1.465	FLJ10292
0.0467809	1.461	0.983	1.486	DNASE2
0.0468224	1.314	0.935	1.405	CYBASC3
0.0469369	1.24	0.843	1.471	ATP5L
0.0470513	0.781	0.451	1.732	PDE4DIP
0.0470835	1.233	0.566	2.178	HACL1
0.0471066	1.092	0.649	1.683	ZC3H12A
0.0471068	1.02	0.592	1.723	MGC45491
0.0471406	1.043	0.648	1.61	KLHL29
0.0473118	1.377	0.575	2.395	DENND4C
0.0473793	1.953	1.381	1.414	LRPAP1
0.0473831	0.866	0.629	1.377	ABHD13
0.0474445	0.942	0.591	1.594	LOC729348
0.047446	0.766	0.442	1.733	SLC16A10
0.0474668	0.871	0.533	1.634	GNPAT
0.0474863	1.223	0.832	1.47	KIAA1618
0.0474961	1.288	0.929	1.386	LOC162073
0.0475655	1.189	0.814	1.461	KRIT1
0.0475935	0.983	0.563	1.746	ALS2CR8
0.0477271	0.97	0.529	1.834	CITED4
0.0477452	1.109	0.648	1.711	WBSCR19
0.0477618	1.095	0.578	1.894	C14orf173
0.0478365	0.717	0.309	2.32	CSH2
0.0478378	1.394	1.006	1.386	ZNF14
0.0478762	0.908	0.451	2.013	CSMD2
0.0478776	0.87	0.497	1.751	LOC442326
0.0479214	1.196	0.86	1.391	KCNK1
0.0479267	1.134	0.71	1.597	PITRM1
0.0479289	1.437	1.007	1.427	IL17RA
0.0479888	1.242	0.871	1.426	PTHR2
0.0479907	1.478	1.058	1.397	KIAA0802
0.0480086	1.728	1.044	1.655	CHP
0.0480318	1.158	0.799	1.449	LOC644524
0.0480435	0.879	0.507	1.734	SIPA1L2
0.0480546	1.255	0.826	1.519	CRYZL1
0.0481829	1.092	0.703	1.553	LOC401252
0.0482614	1.356	0.836	1.622	HUWE1
0.0482702	1.596	1.158	1.378	DUSP11
0.0482852	1.571	1.005	1.563	C16orf44
0.0483186	0.876	0.554	1.581	GHR
0.048326	1.328	0.803	1.654	DPPA4
0.0484077	1.033	0.721	1.433	HPS4
0.0484264	1.472	1.042	1.413	LOC643377
0.0484874	1.071	0.635	1.687	C7orf25
0.0485678	0.532	0.314	1.694	C6orf134
0.0485957	1.255	0.86	1.459	TBC1D8B
0.0486116	1.26	0.798	1.579	SUV420H1
0.0486126	1.547	1.129	1.37	FVT1
0.0486991	0.682	0.393	1.735	NEDD9
0.0487037	1.842	1.199	1.536	TM7SF3
0.0487942	1.033	0.737	1.402	SP2
0.0489697	0.697	0.327	2.131	UGT8
0.0490382	0.838	0.489	1.714	RPN2
0.0490758	1.075	0.746	1.441	C16orf52
0.0492608	2.052	1.494	1.373	FBLN5
0.049267	0.996	0.521	1.912	BZRPL1
0.0492935	1.198	0.754	1.589	MAP1D
0.0493304	1.751	1.146	1.528	SMG6
0.0494105	0.948	0.671	1.413	OTUB2
0.0494323	2.07	1.289	1.606	SSTR1
0.0494707	0.895	0.57	1.57	CHCHD6
0.0495151	1.619	1.174	1.379	9-Sep
0.049536	1.037	0.597	1.737	RB1
0.0496821	1.165	0.815	1.429	EFCBP2
0.0498259	0.914	0.585	1.562	LOC643905
0.0499098	1.033	0.626	1.65	OR52M1
0.0499934	0.987	0.605	1.631	PFTK1
