Gene Sym	9-10-11 wga	15 wga	20-23 wga
ASB1	888.23	1047.15	1069.50
SMPD1	658.97	1086.06	1153.05
CLCN3	1373.05	1701.16	1753.53
ESRRA	365.85	499.23	507.28
TAGLN3	567.85	814.79	826.95
WDFY2	359.58	405.83	415.90
ACOX1	494.35	812.12	883.53
ZNF10	398.50	501.79	525.40
KIAA0774	83.64	370.62	436.74
C4orf19	961.11	1187.85	1240.20
MAP2K3	649.87	1306.31	1302.69
MADD	624.28	716.78	715.75
C11orf9	932.80	1058.92	1055.82
COQ10A	837.55	985.13	978.90
BNIP3	2013.29	3099.83	3048.10
PTPN4	599.82	698.07	692.73
CHGA	7928.90	13969.50	13629.00
SLC1A4	528.02	769.84	755.03
WDR22	940.70	1044.95	1082.94
NELF	656.82	791.20	781.26
F2RL1	243.81	487.75	580.97
STARD10	1361.75	1793.37	1975.29
APOBEC2	213.54	379.41	361.46
DNAJC12	1263.73	1661.74	1837.41
MARCH8	1333.09	2065.00	1978.97
DVL1	531.41	756.92	729.50
DACT2	599.85	795.40	885.69
ARV1	1080.38	1296.78	1267.74
ABHD12	562.44	623.49	613.22
CTDSP1	1586.11	2051.63	1970.89
PDK4	651.26	917.35	865.69
GPR172A	365.98	402.92	425.69
MGAT5	574.70	919.45	850.51
CKMT1A	371.20	468.17	532.30
ARIH2	644.02	725.02	706.40
DBNDD2	716.92	809.07	875.85
NEIL1	154.20	425.74	361.13
REEP4	528.95	571.65	560.96
TRIM14	284.75	506.17	448.81
MAP2K5	415.63	562.51	523.43
MBNL2	1038.13	1242.63	1183.56
CAMKV	286.54	324.99	359.41
CAPN12	244.19	290.81	333.89
TMED3	893.45	1124.91	1054.30
CD48	326.53	519.99	719.76
C1orf142	626.34	670.60	719.47
MOAP1	1519.44	1810.59	1896.75
IFRD2	820.33	1066.79	1133.50
VEGFB	312.65	458.86	498.39
ARHGEF9	847.31	951.81	986.56
DNAJB13	198.49	299.57	326.24
NUP210	321.73	492.40	536.67
SECISBP2	1135.10	1199.70	1224.27
IL16	368.56	485.07	506.99
NR5A2	1197.24	1353.56	1423.81
PXN	1096.20	1184.03	1197.49
CCR7	198.15	568.11	761.02
ITGA7	269.33	412.75	489.05
KIAA1543	176.49	299.46	365.71
CHRM5	268.12	285.76	296.07
COL4A2	5693.32	5758.90	5763.40
ATP8B1	833.13	1264.98	1530.76
ADCK1	398.52	510.23	580.40
ESRRA	365.85	499.23	507.28
TJAP1	1367.92	1383.63	1393.56
RALGPS1	475.64	700.80	711.58
IL22RA1	284.03	1251.88	1296.45
HIP1R	743.41	1431.08	1447.87
WNT6	1348.29	1961.11	1975.06
CCL4	237.17	386.46	492.59
HDC	233.69	306.82	359.52
HERC6	443.90	593.11	588.01
WNK2	455.69	765.13	750.36
CDIPT	2407.98	3067.95	3647.40
SIRT2	764.30	1008.01	996.01
TBC1D10C	80.34	197.77	301.66
TMEM116	699.38	752.70	799.97
SYTL1	400.76	830.89	808.04
CD84	277.51	333.01	383.09
THTPA	669.32	963.72	945.31
PTPRN2	941.70	1254.45	1544.83
ASRGL1	384.28	473.66	559.07
PTPN18	563.92	739.12	911.55
BRD4	802.39	1158.09	1123.23
SFRP5	1050.37	1521.84	1463.33
S100A14	325.70	581.11	541.49
SYN2	383.38	514.51	489.86
BCL2L14	157.23	206.16	279.19
SIRT6	655.17	714.48	803.44
SIRT7	312.80	450.50	420.78
HTATIP2	315.20	360.99	435.37
MAP2K1	1495.38	1673.89	1768.70
PLCB1	928.94	1123.82	1216.26
PCYT1B	885.39	1047.03	1191.12
ROGDI	748.05	852.62	946.72
PRRG4	277.94	375.07	470.95
RAI2	758.81	870.70	988.94
ASB8	774.02	913.50	1087.94
PRR13	1191.82	1304.81	1449.86
MGAT4A	817.56	1167.38	1222.32
RPS6KA5	537.97	589.32	663.46
SIRT6	655.17	714.48	803.44
CHD9	2621.81	2680.78	2688.19
TERF2	877.60	1099.73	1125.77
ST8SIA3	248.00	414.86	431.36
BTD	525.37	701.64	718.15
TNS1	1092.24	1655.88	1708.04
DDX6	195.07	239.74	315.96
CHRNB1	300.38	404.87	412.36
IL17RA	386.46	507.42	750.00
PIPOX	247.92	396.01	392.87
SEC23B	1661.06	2038.28	2026.63
MAP3K13	1982.95	2322.68	2309.55
TES	1572.39	1591.16	1642.26
PCYT1B	885.39	1047.03	1191.12
KMO	123.87	199.81	275.09
CDIPT	2407.98	3067.95	3647.40
GRPR	417.05	480.31	524.45
ZDHHC13	440.81	512.76	607.28
ZNF468	410.16	492.92	605.59
DDX58	596.42	688.61	733.19
TBX6	273.68	422.62	493.70
SETDB2	358.01	475.37	529.67
SMARCA2	1527.99	1619.97	1802.84
SUCLG2	1857.04	1914.27	2030.24
KCNMA1	893.51	1480.06	1668.53
POLR3H	596.05	736.93	773.75
CD58	702.71	751.04	903.85
PALMD	563.95	688.94	1089.90
BTBD9	515.44	567.81	744.54
C4orf19	961.11	1187.85	1240.20
C8orf47	909.73	947.32	1079.34
CD40	729.41	781.71	970.74
ZNF430	1103.23	1139.24	1276.24
ENPP3	412.72	431.56	542.09
IFRD1	940.66	1178.34	1193.27
GABBR1	632.32	741.77	748.22
SMARCA2	1527.99	1619.97	1802.84
SUCLG2	1857.04	1914.27	2030.24
ZNF468	410.16	492.92	605.59
ZDHHC13	440.81	512.76	607.28
CD58	702.71	751.04	903.85
BTBD9	515.44	567.81	744.54
C8orf47	909.73	947.32	1079.34
ZNF430	1103.23	1139.24	1276.24
ENPP3	412.72	431.56	542.09
PCYT1B	885.39	1047.03	1191.12
CDIPT	2407.98	3067.95	3647.40
SSTR2	322.69	330.51	484.81
CXCL10	340.79	342.69	509.68
SH2D3C	666.51	666.38	683.50
GRK5	597.61	595.84	685.22
PTPN1	578.93	571.92	812.12
DDX58	596.42	688.61	733.19
TBX6	273.68	422.62	493.70
SETDB2	358.01	475.37	529.67
FAP	932.06	802.89	855.58
SDHC	2657.13	2071.45	2327.80
MRPL28	1003.00	667.01	820.70
PARP2	1538.87	1265.17	1390.61
KHDRBS3	693.93	482.76	563.55
PAK1IP1	611.03	250.52	381.12
C14orf106	792.99	495.89	598.55
TSHZ3	814.83	552.67	639.87
RDX	2285.12	1471.22	1729.65
GSN	1311.90	805.90	964.59
WDR1	1995.12	1446.66	1616.36
FAM118B	527.65	398.86	438.38
ENTPD1	597.45	291.43	384.74
CD200	1593.44	899.09	1099.90
FBXW7	633.90	512.27	580.36
SEPT8	2946.17	2632.68	2811.66
CRIPT	861.04	708.53	748.33
CLIC5	354.28	113.40	176.18
MRAS	813.32	579.38	715.20
GRSF1	1327.56	1230.92	1255.48
CLIC5	287.14	201.11	253.39
SEC23A	2109.83	1009.13	1255.69
CPSF4	1316.87	1207.61	1230.91
LOX	681.88	297.77	378.99
TNFAIP6	482.95	276.22	407.66
ZNF24	1403.53	1157.37	1206.12
ZC3H14	1799.36	1604.22	1635.67
C17orf79	2331.96	1896.53	2189.02
ZNHIT3	1912.29	1369.23	1455.79
SDHC	2027.10	1608.89	1664.63
HSPA4L	504.97	318.52	340.11
E2F3	658.28	493.44	511.70
ZNF271	1252.26	884.39	1151.04
PPP2R2B	512.93	406.49	416.84
SUGT1	1972.06	1645.87	1887.87
BAG2	822.66	487.46	513.88
CDCA2	616.70	299.68	324.10
CSNK1A1	1764.29	1600.28	1612.70
CENPA	709.33	346.78	371.76
SULF2	1735.41	748.61	805.37
RNF7	3207.97	2564.37	2592.88
ACOT7	708.02	383.67	390.93
SUCLA2	3149.33	2501.95	2513.79
ZFPM2	2315.71	986.67	1002.20
UGP2	6249.53	4367.75	4385.82
WRB	3466.13	2024.61	2032.04
RAP2C	1328.93	991.96	992.43
HEATR2	2189.56	1668.27	1665.77
C1GALT1	638.80	481.76	610.61
THOC2	962.55	942.90	942.52
CDKN3	1339.71	799.00	788.52
MCM3	2958.58	1758.72	1730.76
PDLIM1	4165.47	3465.67	3442.78
SLC35E1	834.27	1225.11	1391.08
PIK3R2	1113.45	1483.35	1644.21
PDE4C	2428.01	2941.65	3146.46
F2RL1	243.81	487.75	580.97
UPK1B	346.01	1280.17	1636.58
GDPD1	361.56	468.15	508.11
TMEM17	284.61	374.25	407.77
SH2D3A	87.08	143.19	170.29
UBXD4	1792.84	2233.13	2446.21
C11orf54	1168.93	1357.80	1425.29
MAPK9	665.20	836.32	930.89
BPHL	562.71	617.56	647.93
PPM1K	302.01	481.66	584.12
SYNJ2BP	783.57	907.29	978.08
DENND4C	1386.92	1690.66	1870.45
ATG10	256.72	280.26	286.09
RIOK3	1162.42	1434.68	1501.89
TMEM50B	1327.26	1501.52	1540.60
CD82	249.78	472.84	625.78
GALNT6	169.22	272.88	294.99
SATL1	894.20	1055.01	1086.41
ZNF669	319.16	408.04	476.95
ILDR1	325.02	423.77	440.19
GGT6	150.34	641.75	717.10
STK33	227.77	292.64	348.16
PDCD4	1911.41	2947.90	3082.16
OPTN	664.07	718.68	725.50
GOLGA2	1102.87	1547.97	1603.33
ASB9	708.00	1123.36	1172.96
DHTKD1	471.15	638.78	657.10
SLC2A11	196.16	292.03	382.19
REL	382.58	553.54	714.57
GKAP1	534.98	648.17	758.89
PRRG4	277.94	375.07	470.95
ALPK1	155.13	295.47	305.26
RPP14	909.99	1059.80	1070.03
FAM40A	1271.90	1347.78	1426.46
RNF125	173.16	300.41	436.52
RCCD1	1044.19	1469.45	1491.41
GLB1L	251.29	323.80	327.43
PIGO	563.82	621.52	686.41
ZNFX1	588.92	839.57	844.87
SNX22	309.74	391.52	489.67
CFLAR	523.68	675.83	858.45
MRPL24	2076.45	2139.32	2220.28
PGPEP1	353.67	555.04	552.99
PECR	454.01	618.53	616.44
PIPOX	247.92	396.01	392.87
ANKRD44	277.37	325.78	393.12
MAP3K9	245.37	319.12	424.21
PDDC1	547.09	598.61	595.82
KREMEN1	447.47	524.59	519.45
ATF5	267.93	452.80	440.06
NUPL1	428.05	480.64	567.41
PRR11	2204.78	3058.15	2982.42
BPNT1	352.39	451.60	630.03
DNASE2	952.64	1418.09	1365.55
GALM	719.91	806.32	795.60
PHACTR4	1001.68	1228.93	1199.86
INADL	434.98	683.48	651.65
IPP	409.84	503.93	489.83
FUT6	490.91	580.77	789.40
C9orf64	1338.36	1730.82	1662.58
CHMP4C	773.14	1341.21	1241.01
TOMM7	11889.95	13450.00	13174.40
STK32C	146.62	192.47	288.95
PLAC8	474.74	724.64	1134.42
LAS1L	851.91	878.48	920.62
SLC3A1	388.03	1152.81	2260.28
REPS2	327.13	437.23	592.88
MYO1C	1130.35	1221.46	1493.54
HLA-C	3938.76	4962.94	8121.50
MDH1B	358.11	386.22	475.53
TMEM22	532.50	581.56	645.19
KIF3A	554.79	602.70	775.47
THBS4	2703.76	2855.67	3039.70
LEFTY2	121.69	198.48	290.55
APBB1IP	265.37	319.07	523.75
TTF1	672.14	684.19	732.82
KCNMB2	574.84	596.78	692.36
PSG9	507.98	584.45	667.07
ST6GALNAC5	496.83	521.87	641.47
HEMGN	307.52	352.42	569.88
CD48	326.53	519.99	719.76
KMO	123.87	199.81	275.09
WIF1	84.19	102.95	206.47
INPP4B	327.93	350.53	372.53
MUC13	118.07	129.38	203.10
C15orf48	162.91	294.05	411.68
NOTCH4	505.00	695.71	863.06
THOC7	1715.98	1768.38	2154.53
HLA-B	3172.35	3471.49	5918.67
NRF1	798.96	804.07	849.85
LHX3	194.60	211.84	376.96
ZNF479	185.42	190.68	246.24
CCDC92	890.53	897.74	1152.53
CYLD	457.58	594.54	676.57
KL	195.48	407.68	531.64
WHSC2	542.57	638.74	687.82
ENTPD6	694.78	846.29	922.42
PARN	896.67	998.69	1049.03
FAM3B	2125.01	3548.83	4248.92
LRRC48	271.86	317.90	338.87
ERO1L	762.92	797.57	813.35
SNAP25	950.55	931.42	1140.39
IDH3A	534.25	622.86	659.11
BMP2K	584.44	721.68	776.94
ZNF274	841.10	959.25	1003.94
SLC25A37	501.83	951.04	1120.53
TAF15	407.74	390.31	533.84
WDR22	940.70	1044.95	1082.94
STC1	269.30	368.97	427.57
CYLD	457.58	594.54	676.57
SCML4	152.62	251.87	313.74
PRLR	351.14	542.21	643.99
WHSC2	542.57	638.74	687.82
ENTPD6	694.78	846.29	922.42
PARN	896.67	998.69	1049.03
ERO1L	762.92	797.57	813.35
IDH3A	534.25	622.86	659.11
BMP2K	584.44	721.68	776.94
MPP7	333.48	415.64	447.13
ZNF274	841.10	959.25	1003.94
SLC25A37	501.83	951.04	1120.53
WDR22	940.70	1044.95	1082.94
NOTCH4	505.00	695.71	863.06
C15orf48	162.91	294.05	411.68
DMXL2	1776.82	2059.69	2153.56
INPP4B	327.93	350.53	372.53
COG6	1398.90	1662.06	1741.50
KMO	123.87	199.81	275.09
CD48	326.53	519.99	719.76
PSG9	507.98	584.45	667.07
SLC35C2	450.80	596.48	632.29
ZNF700	432.82	507.01	523.46
LEFTY2	121.69	198.48	290.55
THBS4	2703.76	2855.67	3039.70
IGF2	2503.53	3158.15	3985.32
TMEM22	532.50	581.56	645.19
MOSC2	759.09	1209.19	1288.58
TSPAN8	505.23	1976.62	2229.63
ZNF468	410.16	492.92	605.59
FUCA1	1725.81	2397.80	2501.84
REPS2	327.13	437.23	592.88
SLC3A1	388.03	1152.81	2260.28
LMAN1	2235.79	2378.53	2398.50
CABC1	727.83	1264.92	1328.00
LAS1L	851.91	878.48	920.62
SLC25A4	746.79	824.07	832.23
ARHGEF3	847.67	957.45	1135.96
ST8SIA3	248.00	414.86	431.36
PLAC8	474.74	724.64	1134.42
RAB3IP	489.87	777.22	801.03
BANK1	179.04	255.34	390.12
CRLF3	930.79	974.38	1055.83
STK32C	146.62	192.47	288.95
PLCL2	435.51	758.82	759.94
MIA2	262.86	401.47	398.24
TGFBI	1711.87	2652.10	2629.79
DIRAS3	564.36	1414.97	1379.54
ZNRF2	183.84	238.23	382.97
ASXL2	1119.48	1254.03	1247.68
CNOT4	521.75	613.96	607.97
MYO1C	1130.35	1221.46	1493.54
HLA-C	3938.76	4962.94	8121.50
MDH1B	358.11	386.22	475.53
MAGI1	1033.97	1143.94	1207.93
PHKB	1303.29	1463.43	1552.33
FBXL10	1850.91	1968.20	2028.93
DACT2	599.85	795.40	885.69
NR5A2	1197.24	1353.56	1423.81
KIAA0513	189.32	274.94	312.72
CALB2	314.68	389.10	418.49
DMPK	395.94	459.31	484.26
UPK1B	346.01	1280.17	1636.58
PCYT1B	885.39	1047.03	1191.12
OLFM1	341.18	350.11	358.75
KCTD1	950.63	1177.88	1245.10
TP53I13	295.48	354.08	368.59
CNKSR1	324.57	370.52	426.03
MGST1	1099.78	2186.44	2370.51
PRKCB1	321.27	401.19	517.73
BTBD11	225.40	288.33	388.26
ANG	186.54	351.41	366.96
CD79B	189.30	255.60	371.45
ZNF706	1963.85	2119.70	2418.86
MET	563.62	869.90	887.50
AATK	407.21	657.49	661.22
SLCO2B1	882.39	937.61	1069.35
PIP5K1B	826.17	966.05	960.60
ASXL2	1119.48	1254.03	1247.68
CAPN1	474.89	502.20	582.40
PKIB	310.10	958.27	897.87
DGKZ	530.41	744.60	1057.55
TYW1	1200.12	1234.48	1290.20
S100A4	991.03	1202.46	1486.08
CYP8B1	239.72	266.67	311.87
NOTCH4	505.00	695.71	863.06
BTBD9	515.44	567.81	744.54
DUS1L	790.76	898.15	970.60
ART1	269.41	285.26	385.13
CASP8	471.83	485.45	606.35
UCHL1	2548.04	2879.72	3025.31
EML2	323.40	499.30	558.41
NDRG3	922.09	1256.65	1350.63
RIPK3	221.39	298.44	359.74
PLLP	326.42	458.78	584.85
TOR1B	947.62	1036.51	1098.60
AQP1	980.22	2020.88	3147.10
SFTPB	284.10	372.16	429.87
SREBF1	586.13	710.92	861.26
TSPAN9	463.46	543.27	590.19
PEX16	1247.27	1439.31	1539.04
RPS6KA5	537.97	589.32	663.46
HAGH	564.38	604.53	623.98
RASSF3	1044.36	1108.08	1204.10
DACT2	599.85	795.40	885.69
DAK	319.24	489.01	565.64
SLC26A11	886.65	1132.12	1239.68
C12orf34	366.74	542.84	608.46
USP35	336.79	395.01	503.55
ITGA2	352.08	462.78	498.22
PIK3C2A	1174.40	1259.72	1461.05
LCK	88.53	159.93	347.05
CCPG1	539.06	833.68	893.97
HIVEP2	379.21	512.95	533.95
MAGI3	891.87	917.56	1005.81
FBP1	357.56	648.51	678.60
TRADD	182.78	405.04	426.91
ANXA13	117.37	182.34	473.39
ABCC3	330.72	717.37	753.16
PLA2G1B	3332.22	21011.00	22412.90
C16orf5	533.32	548.04	665.10
EGLN1	1313.35	1309.31	1430.51
PPP1CB	3400.98	3388.22	3536.03
EIF2C2	1304.25	1285.83	1424.14
SLC12A6	233.54	246.47	275.39
RNF103	1675.38	1805.07	2086.71
RAPGEF5	742.95	834.85	1018.03
SESN1	1448.20	1658.81	2056.28
HPGD	924.30	862.20	1116.73
LTV1	1096.36	1075.82	1158.16
CASR	204.85	307.66	427.94
TMEM39A	1201.63	1275.77	1360.73
LYST	518.38	663.67	828.76
NPAL2	505.53	597.14	697.07
PLLP	326.42	458.78	584.85
TFF3	856.20	1724.83	2200.50
TMPRSS6	383.63	555.33	645.27
LYSMD2	1627.27	2113.03	2361.50
HAGH	564.38	604.53	623.98
DBNDD2	716.92	809.07	875.85
NPLOC4	800.90	950.40	1020.68
PGF	1669.47	2240.43	2664.92
LAIR1	592.26	657.69	708.22
KLC4	910.26	1057.77	1113.49
NMB	296.84	383.72	416.15
MSI2	416.93	502.01	578.26
CD37	99.99	188.87	270.31
KIFC2	210.29	408.04	476.61
FAM63A	869.07	1067.61	1256.08
C1QTNF5	1434.16	1535.81	1569.29
CD48	326.53	519.99	719.76
SPR	576.87	780.90	839.00
IFRD2	820.33	1066.79	1133.50
C1orf142	626.34	670.60	719.47
DNAJB13	198.49	299.57	326.24
CD79A	209.84	326.99	476.01
CYB561	682.02	1260.53	1370.75
C9orf98	540.74	620.60	635.68
IL16	368.56	485.07	506.99
SUPT6H	559.29	600.22	656.40
DGKZ	530.41	744.60	1057.55
HCLS1	611.61	758.58	977.57
DHCR7	579.61	591.70	609.93
IQSEC2	420.61	550.87	748.46
KIFC3	210.78	322.67	334.41
PEX14	527.19	601.36	609.10
FBP1	357.56	648.51	678.60
AQP8	756.92	2681.60	2876.33
TRADD	182.78	405.04	426.91
DHRS4	1227.54	1302.35	1434.39
KIAA0664	635.61	1206.11	1234.98
RALGPS1	475.64	700.80	711.58
WIZ	805.13	827.74	875.19
GPR6	368.07	391.04	439.31
VAMP8	2394.76	2521.19	2815.79
TCN2	464.71	631.48	630.87
SLC9A1	203.74	358.09	354.32
LONRF3	373.69	606.89	599.02
SLC22A17	298.46	557.04	545.22
AGPAT2	651.77	1105.32	1076.79
MT1H	8842.28	18882.00	18128.80
ARF5	2745.78	3615.58	3539.86
APOD	347.76	413.46	647.42
PHC3	1754.76	1905.55	2043.48
ABCC6	391.46	573.84	743.73
WDFY1	981.83	1080.40	1153.93
C17orf70	412.54	479.26	528.45
CA2	243.29	406.87	595.86
TPD52	965.16	1517.91	1849.42
TCF7	1041.26	1604.43	1937.33
IGF2	2503.53	3158.15	3985.32
CAB39L	407.28	469.34	550.60
PKN2	1687.16	1778.81	1824.69
UCHL1	2548.04	2879.72	3025.31
GNG7	538.61	652.40	837.91
APOB	199.83	261.16	369.92
C11orf54	1168.93	1357.80	1425.29
SFRS2IP	1237.02	1406.42	1464.32
RAPGEF5	742.95	834.85	1018.03
LRCH3	512.68	717.03	780.10
PAPPA2	319.55	372.37	484.90
SUMF2	605.03	873.13	954.70
ZNF434	1131.40	1168.64	1271.79
IL16	368.56	485.07	506.99
SERPINI1	921.32	1674.14	1722.49
FAM101B	1223.27	1308.76	1787.85
ZNF583	384.16	393.76	448.29
VPS53	497.03	520.41	655.46
ZFP91	1516.82	1565.56	1851.08
RALGPS1	475.64	700.80	711.58
STAG2	3095.22	3132.50	3356.50
PTPRC	281.43	374.94	886.08
C1orf210	640.76	686.43	1074.55
ZCCHC4	376.74	400.12	491.34
ZNF430	1103.23	1139.24	1276.24
FZD6	1413.91	1415.65	1480.11
RNF103	1675.38	1805.07	2086.71
NFIA	1241.01	1231.81	1383.93
PPIC	1862.33	1787.67	2533.71
TSPAN31	1407.64	1316.29	1865.45
TAGAP	108.99	190.50	295.60
EXOSC6	612.96	505.72	975.06
LAMP2	1422.14	1613.55	1815.31
DOCK9	606.12	548.10	770.97
PITPNC1	362.85	460.43	555.11
CAMK1D	720.22	839.05	936.06
MAN2A1	1493.96	1759.13	1966.85
PRKCSH	1641.78	1862.16	1931.16
ZFYVE19	364.66	444.54	468.56
YIPF2	444.98	648.35	707.07
ADRBK1	1467.94	1935.28	2069.25
RPS6KA4	371.28	448.31	476.42
IFRD2	820.33	1066.79	1133.50
GSDMDC1	255.16	324.80	342.22
FGFR1	1088.10	1159.64	1189.19
CD8A	281.91	489.00	537.64
RAB11FIP5	583.76	657.55	674.30
NUMBL	2419.42	3471.72	3698.20
RPN1	2063.97	2477.71	2662.78
DACT2	599.85	795.40	885.69
SH3BP2	265.44	382.53	405.73
EPS8L2	181.23	286.70	336.29
SEMA4B	668.92	975.18	1029.41
PEX16	1247.27	1439.31	1539.04
FAM117A	1724.56	1914.61	2014.54
ARHGEF1	243.73	431.16	457.21
PRSS8	808.82	1100.61	1135.06
ZDHHC8	574.60	645.11	688.05
RFX1	1263.21	1437.62	1451.84
PLEC1	166.94	230.61	235.56
CRYL1	609.68	895.91	917.37
PPP1R16A	416.08	512.48	580.08
CCDC57	316.14	467.18	475.88
KIAA0664	635.61	1206.11	1234.98
RAMP3	401.26	640.02	814.90
PGF	1669.47	2240.43	2664.92
KAZALD1	243.36	317.64	319.95
PKP3	318.77	504.87	510.54
ST14	555.36	676.54	773.34
TNFRSF14	241.17	300.47	348.18
EPN1	263.26	372.84	462.41
BTBD14B	308.22	417.54	416.21
PTPRN2	941.70	1254.45	1544.83
PTCRA	366.86	485.12	480.56
NELF	656.82	791.20	781.26
PLA2G4B	631.77	971.27	942.35
MAPK13	631.69	1081.15	1042.29
MIDN	699.77	839.66	827.51
SREBF1	586.13	710.92	861.26
EPHA10	219.98	269.41	329.43
HRBL	182.89	226.69	281.15
FAM3A	415.55	625.37	598.13
S100A4	991.03	1202.46	1486.08
LRRFIP2	206.09	232.58	228.04
CTDSP1	1586.11	2051.63	1970.89
DHCR7	579.61	591.70	609.93
RAMP1	934.52	1836.94	1665.78
TNFAIP2	587.22	740.21	710.62
PACS2	662.12	801.86	773.62
UNC13B	2252.33	2887.70	2743.52
ZNF434	1131.40	1168.64	1271.79
SPIB	216.81	259.73	436.09
C1orf210	640.76	686.43	1074.55
GAPVD1	915.17	924.33	1033.48
CA2	243.29	406.87	595.86
PLEKHA1	1302.61	1464.42	1647.75
SLC2A9	345.87	347.12	439.42
NFKB1	986.44	1092.61	1192.33
PCYT1B	885.39	1047.03	1191.12
PPIC	1862.33	1787.67	2533.71
SIPA1L2	802.49	921.71	1002.45
GRIN2C	296.53	365.55	408.22
FAM3B	2125.01	3548.83	4248.92
IPO13	666.16	824.13	901.64
CRIP1	361.69	341.29	436.48
PCYT1B	885.39	1047.03	1191.12
ROGDI	748.05	852.62	946.72
PRRG4	277.94	375.07	470.95
RAI2	758.81	870.70	988.94
ARHGEF5	572.83	704.20	778.98
MAP2K1	1495.38	1673.89	1768.70
RPS6KA5	537.97	589.32	663.46
SIRT6	655.17	714.48	803.44
UPK1B	346.01	1280.17	1636.58
AMPD3	503.69	608.53	808.31
SPATA2	438.19	491.79	598.44
IL17RA	386.46	507.42	750.00
SESN2	545.70	624.76	799.54
TGOLN2	1458.52	1813.64	1879.85
MGAT4A	817.56	1167.38	1222.32
TSHZ1	1784.22	1811.13	1890.31
GOLGA2	1102.87	1547.97	1603.33
ST8SIA3	248.00	414.86	431.36
DBT	1263.34	1760.55	1808.37
BTD	525.37	701.64	718.15
TNS1	1092.24	1655.88	1708.04
ZNF430	1103.23	1139.24	1276.24
MAP3K5	383.56	851.37	889.62
ITK	157.07	205.38	406.22
MUM1L1	418.80	460.75	648.58
ZNFX1	588.92	839.57	844.87
DGCR2	2074.36	2591.14	2596.52
PAPD4	669.15	763.49	764.14
ZNF710	614.03	724.53	836.43
CAPN12	244.19	290.81	333.89
ABCA2	367.21	491.14	588.68
SUPT6H	559.29	600.22	656.40
ATP8B2	465.87	487.67	521.26
REG3A	286.68	434.80	531.67
LDB1	404.36	440.24	501.61
MUC6	91.92	185.69	358.32
EEF2K	1112.74	1209.49	1260.22
SLC5A5	243.80	321.12	360.80
FOXK1	967.22	987.61	996.70
BRD2	1850.54	2274.12	2451.71
BCL2L11	719.63	751.90	832.90
EGR4	175.21	278.33	301.84
KRT1	270.17	292.93	395.92
EPN3	136.60	295.70	329.54
TGOLN2	1458.52	1813.64	1879.85
CDC42BPB	1041.36	1123.12	1136.33
PLEKHG5	295.14	299.01	327.21
ARHGEF1	243.73	431.16	457.21
ALDH3B1	186.63	210.41	386.55
SHANK3	824.91	846.02	1123.61
SLC45A3	435.24	447.97	499.20
STAG2	3095.22	3132.50	3356.50
MUC13	118.07	129.38	203.10
SPRR4	778.64	828.32	1001.14
THOC7	1715.98	1768.38	2154.53
CREG1	4443.44	4571.54	4894.93
NIPA2	2345.80	2352.72	2488.83
RNF125	173.16	300.41	436.52
SFRS4	1213.48	1305.75	1395.14
NUDT16L1	372.51	342.93	464.40
ITGB2	302.98	264.75	413.75
PCDHB14	603.40	590.25	637.42
TMEM74	235.51	193.33	340.42
WDR32	639.70	777.44	876.38
SEZ6L2	1045.80	1454.59	1665.23
RHOH	76.26	149.76	201.21
TOM1L2	547.52	682.85	742.64
MAG	278.59	409.72	505.87
CALB2	314.68	389.10	418.49
C12orf34	366.74	542.84	608.46
KIAA1539	448.83	553.03	591.01
PTPRN2	941.70	1254.45	1544.83
ATN1	454.30	524.73	545.54
CD34	1457.84	1738.42	1816.79
FZR1	432.50	503.91	597.51
ZNF468	410.16	492.92	605.59
PCYT2	325.05	393.39	487.90
BTBD11	225.40	288.33	388.26
PRKAR2A	2220.26	2591.84	2624.25
TM7SF2	536.51	680.98	691.27
NR4A1	242.79	639.43	665.02
ATP13A2	323.23	684.97	685.96
CLCNKB	66.10	188.39	187.13
SLC39A3	365.86	633.78	629.24
COL11A2	420.65	505.54	697.03
PTPN23	604.15	736.40	729.47
NELF	656.82	791.20	781.26
GNAI2	1586.12	1734.75	1718.66
PLLP	326.42	458.78	584.85
DUSP18	374.51	580.59	766.53
ATP6V1B2	2664.67	2746.10	2853.63
TBC1D10C	80.34	197.77	301.66
FAM65A	1552.02	1668.72	1768.59
TBC1D10B	1290.55	1620.30	1854.03
GABBR2	154.57	416.54	590.75
APH1A	1659.59	2083.55	2343.71
USP20	240.00	301.19	338.40
TJP2	1046.76	1231.76	1332.49
ZNF434	1131.40	1168.64	1271.79
TRIM10	306.47	549.99	653.89
SLC35E1	834.27	1225.11	1391.08
MAN2B2	573.96	703.35	756.01
PDE4C	2428.01	2941.65	3146.46
RGS1	85.49	219.71	661.36
PTPRN	253.26	437.42	507.36
KIAA1539	448.83	553.03	591.01
ENSA	1463.63	1496.66	1617.90
EML2	323.40	499.30	558.41
KLK7	192.00	234.12	396.23
ARHGEF9	847.31	951.81	986.56
ZFP3	554.57	586.18	716.80
GATAD1	1030.83	1255.69	1326.04
TTLL12	855.42	885.46	1036.22
PCDH12	656.12	673.87	763.18
BHLHB2	371.26	487.48	1079.81
GALNT10	846.51	889.81	900.59
RAD50	393.59	422.26	429.04
IRF1	464.19	487.48	634.49
SLC7A1	1301.71	1329.96	1587.65
CLPB	371.29	486.56	503.92
IDI2	638.09	638.22	640.05
PRSS8	808.82	1100.61	1135.06
ZNF706	1963.85	2119.70	2418.86
C17orf56	241.34	244.55	344.34
B2M	19521.83	19480.25	22160.30
THBS2	2525.22	2414.55	3099.11
PTP4A1	1807.15	1832.90	1999.18
BACH2	503.63	481.06	559.56
MDH1B	358.11	386.22	475.53
C20orf108	2256.58	2563.19	3055.04
DHRS4	1227.54	1302.35	1434.39
ANGPTL1	552.20	629.35	739.64
GATA2	344.37	395.56	496.66
RGN	350.49	505.67	702.70
TAZ	494.64	540.61	649.00
FBXL3	1527.56	1705.01	1894.81
SLC22A5	866.37	993.66	1129.29
PCYT1B	885.39	1047.03	1191.12
ITM2A	4425.99	4789.09	6126.45
NDRG2	1307.46	1560.90	1782.67
PLCG2	504.70	638.30	749.84
HR	433.25	450.79	570.99
STAT4	552.61	728.97	832.24
EEF2K	1112.74	1209.49	1260.22
WHSC2	542.57	638.74	687.82
GRK5	597.61	595.84	685.22
EGLN1	1313.35	1309.31	1430.51
KCNMA1	893.51	1480.06	1668.53
NFIA	1241.01	1231.81	1383.93
RHCE	119.93	107.43	288.85
LPXN	759.28	1064.73	1153.55
CXCL9	279.69	302.53	424.78
ART1	269.41	285.26	385.13
KLHL18	692.27	720.30	777.33
SLC12A1	121.03	147.32	199.88
REPS2	327.13	437.23	592.88
CD79A	209.84	326.99	476.01
FGD2	1010.98	948.09	1429.00
CLK2	1568.50	1667.59	1779.28
XK	292.63	359.49	425.72
SIPA1L2	802.49	921.71	1002.45
SCNN1A	213.69	292.74	429.76
LDB1	404.36	440.24	501.61
S100A9	415.84	545.99	767.02
BCAN	539.20	577.24	661.60
MAZ	1029.14	1091.68	1245.08
PGLYRP4	341.26	405.94	565.57
ZNF23	193.38	223.16	306.43
CSNK1D	998.60	1137.85	1293.20
ROD1	1312.18	1325.32	1380.00
C9orf16	840.32	842.59	852.11
CPA3	395.54	716.04	1057.87
RIPK3	221.39	298.44	359.74
CEP72	154.59	156.90	187.28
DENND1C	308.77	438.34	524.71
ADCK1	398.52	510.23	580.40
PPM1K	302.01	481.66	584.12
GRK5	597.61	595.84	685.22
EPB41	715.33	836.56	899.46
BACE2	933.95	1232.95	1374.79
DENND4B	987.03	976.65	1183.53
SPIN3	404.38	487.38	519.94
FXYD3	720.54	1072.82	1160.43
CACNA1D	673.26	856.30	894.82
DNAJB13	198.49	299.57	326.24
CCKBR	389.60	592.47	631.30
RASGRP2	75.58	198.77	251.69
SREBF2	271.50	413.54	476.53
ORMDL3	965.99	1431.66	1462.29
DTX1	310.32	816.85	849.72
MEN1	1008.76	1196.75	1208.27
CLK3	657.21	795.54	803.46
IL22RA1	284.03	1251.88	1296.45
PEX16	1247.27	1439.31	1539.04
TFF3	856.20	1724.83	2200.50
RAB17	407.48	528.24	528.49
THRA	460.91	547.02	545.47
COQ4	532.89	719.02	715.61
GPR172A	365.98	402.92	425.69
SHB	427.78	585.43	575.44
HDAC11	493.71	755.16	734.64
DBNDD2	716.92	809.07	875.85
TCL1A	206.56	587.32	863.34
PGF	1669.47	2240.43	2664.92
ARF5	2745.78	3615.58	3539.86
DNPEP	706.90	788.26	850.63
BZRAP1	228.44	468.81	444.94
PLCXD2	200.46	340.05	319.01
ADORA1	155.53	397.25	358.63
PIM3	899.98	1074.80	1241.66
UCK1	980.56	1074.38	1171.71
KIAA1407	545.67	866.97	798.60
FLOT1	2405.43	2791.60	2705.20
UNC13B	2252.33	2887.70	2743.52
C9orf86	670.06	825.78	789.44
HRBL	182.89	226.69	281.15
FZR1	432.50	503.91	597.51
SAP130	1024.97	1116.68	1093.07
REG3G	2930.15	13648.80	10885.30
GGA1	2665.04	2983.92	2901.23
MAML3	495.80	875.27	774.58
ZNF580	788.43	1391.53	1227.73
ARHGAP29	4345.20	3840.38	3151.61
EXT2	1467.20	1431.73	1378.49
BRWD1	593.35	575.59	554.98
SMARCA4	1692.19	1486.68	1248.49
OSGEP	541.21	461.73	321.54
WDR59	1276.80	1238.00	1196.20
POLR2L	7940.52	7225.69	6476.20
MRPS2	960.06	902.05	847.45
C11orf57	736.23	639.90	553.04
CDC23	2446.71	1917.64	1517.71
HDHD1A	1540.37	1272.19	1084.89
CCT6A	2656.50	2199.46	1885.06
TSPYL5	3500.71	2890.25	2475.45
GLB1	3158.99	3057.52	2686.84
PDGFRL	819.49	761.56	536.96
FRY	1054.40	898.45	813.65
UHRF1	2305.60	1560.85	1188.64
PHF6	1678.04	1340.19	1177.47
IPO7	2851.85	2624.92	2519.16
TIGD2	726.47	522.45	434.04
DPYSL4	242.92	145.82	104.71
TMED5	1866.29	1840.23	1565.97
OAT	3450.98	3095.50	2968.44
KIAA0090	542.59	402.67	353.51
PIK3C3	787.85	781.16	670.52
SPTLC1	2842.37	2473.43	2364.49
CLDN6	873.09	324.93	176.54
C18orf21	1004.17	1003.91	855.79
PJA1	2427.71	2429.72	2059.03
B4GALT3	1257.70	1259.36	1127.25
NXT2	999.77	756.79	697.94
PSMC6	3341.12	2397.89	2179.71
PPCS	1303.88	1312.13	1024.09
RND3	3637.96	2324.56	2030.77
TCEAL2	605.04	753.20	961.85
REPS2	327.13	437.23	592.88
ZCCHC8	1580.89	1652.54	1777.70
WWC3	1011.57	1188.72	1365.92
RNF103	1675.38	1805.07	2086.71
C19orf36	138.08	213.63	283.89
PLCH1	404.21	536.65	645.83
ADCK1	398.52	510.23	580.40
MLLT6	574.34	761.62	874.00
SKIL	183.05	238.10	503.59
STXBP5L	302.08	319.01	403.54
NMI	995.58	1044.62	1290.28
TMPRSS13	104.92	126.34	235.30
EVI2B	292.17	341.48	593.23
VPS13A	735.37	1014.31	1140.03
ADAM21	259.37	273.14	381.31
DCP1B	770.50	820.15	840.58
ZNF236	820.95	948.75	984.06
AQP3	209.43	209.83	405.47
NUP210	321.73	492.40	536.67
ZXDC	477.66	561.02	581.27
LYCAT	1450.28	1796.62	1875.03
ZFYVE21	1076.56	1061.11	1093.73
SLC31A1	494.38	372.84	624.25
IL27RA	316.67	204.92	474.17
GNL3L	267.12	214.57	317.46
BLK	198.96	158.03	264.34
PPARD	1078.53	994.54	1140.95
NME6	483.96	453.07	555.03
ALB	710.47	57.05	2433.25
KIAA0892	1022.16	988.81	1173.17
MYO5A	688.09	608.69	716.63
FGL2	196.81	191.05	447.72
HOXD1	406.64	288.91	424.19
UBTF	697.83	665.50	722.59
CTSK	1201.40	1116.98	1277.99
BRMS1L	1085.98	1005.89	1173.77
RSBN1	1320.28	1268.45	1380.55
SYNE2	1295.79	1225.22	1380.32
CPOX	1053.39	872.68	1304.00
NME6	483.96	453.07	555.03
TBX19	1527.32	1468.27	1665.75
FGD5	571.16	507.75	579.88
LTV1	1096.36	1075.82	1158.16
RASSF2	1016.20	712.76	1035.80
SIT1	113.18	58.30	315.69
EPHA1	585.95	582.14	618.73
HMHA1	182.11	171.69	305.25
DENND4B	987.03	976.65	1183.53
TIMM22	687.36	646.53	765.08
FBXL17	501.10	511.29	708.50
HIRA	488.61	494.98	581.08
C1orf210	640.76	686.43	1074.55
C16orf5	533.32	548.04	665.10
DPYSL5	148.64	123.68	181.76
STRN3	1499.00	1426.86	1591.68
C9orf58	1407.93	1257.51	1257.41
SLBP	2899.48	1908.22	1925.90
CAMK2D	1263.17	1221.25	1222.02
RYK	1565.25	1092.60	1078.14
TPM3	8184.91	6579.99	6516.60
DHRS7B	845.69	732.44	727.17
KIF23	544.36	243.19	220.53
C1orf43	4345.09	3931.08	3969.16
ARID4A	587.37	495.91	504.88
SUSD1	773.28	709.00	715.73
C20orf20	663.91	506.26	522.98
TATDN1	2433.38	1622.22	1720.30
PRAF2	1030.67	817.42	789.25
MAP3K7IP2	1729.81	1288.51	1346.98
TPM3	728.48	317.29	377.00
CAPZB	2601.07	2389.37	2426.90
PDCD2	575.49	439.50	408.84
MXRA5	3653.78	2561.64	2305.58
GPC3	3081.79	1682.20	1351.46
BOC	1972.87	1151.59	955.47
KBTBD2	956.77	615.31	688.46
CHEK1	677.27	428.50	364.32
BCL2L12	653.71	387.28	310.11
GSTT1	647.63	513.37	471.54
COLEC12	1528.28	1049.20	1178.25
RAB32	1450.81	889.52	1043.53
PRIMA1	607.60	219.79	330.37
CNO	962.08	758.71	677.75
CTSC	1631.35	1164.74	1305.15
TRIP6	1215.54	933.71	812.01
ALS2	1485.66	1291.72	1207.71
BNC2	883.29	682.62	746.31
MCM6	4257.67	3010.48	2440.89
C20orf24	4291.54	3710.48	3899.28
C7orf25	545.24	355.50	267.41
SEPW1	10771.23	9614.91	9062.36
PDZD11	3566.24	3006.93	2730.69
CRTAP	1875.98	1600.69	1697.68
PSMA4	7342.69	5672.74	4778.16
PRRG1	641.11	450.89	523.70
GLO1	8083.94	6535.55	5513.14
ZNF654	513.34	356.58	424.02
SC5DL	1550.84	1466.78	1503.78
PITPNC1	362.85	460.43	555.11
CAMK1D	720.22	839.05	936.06
MAN2A1	1493.96	1759.13	1966.85
LAMP2	1422.14	1613.55	1815.31
FLCN	216.80	298.98	350.72
TAGAP	108.99	190.50	295.60
UBXD4	1792.84	2233.13	2446.21
KCNK10	201.93	225.20	267.15
COX10	995.70	1187.41	1265.15
RNF103	1675.38	1805.07	2086.71
ZNF430	1103.23	1139.24	1276.24
ZCCHC4	376.74	400.12	491.34
PTPRC	281.43	374.94	886.08
AGMAT	302.63	311.11	363.50
CLK3	657.21	795.54	803.46
MBD2	686.92	803.01	809.27
C1orf210	640.76	686.43	1074.55
FGD2	1010.98	948.09	1429.00
IQCE	699.50	675.71	859.38
MTRR	935.14	918.86	1057.81
ITGB2	302.98	264.75	413.75
DOCK9	606.12	548.10	770.97
FZD6	1413.91	1415.65	1480.11
IKBKB	935.65	950.15	1220.13
ACO1	1760.26	1821.34	2115.51
SERPINA5	1264.29	1359.11	1761.52
VAMP8	2394.76	2521.19	2815.79
SLC6A13	322.92	354.62	423.02
POLQ	636.60	396.39	520.99
BLOC1S1	1943.00	1618.54	1783.49
SEPT8	2946.17	2632.68	2811.66
MED28	1600.74	1095.43	1317.31
SLC35B1	2288.45	1824.49	2143.88
MRC1	1793.44	865.08	1108.06
ECHDC1	1624.53	1182.29	1293.62
ZBTB10	692.61	415.13	481.78
TAF5	731.54	677.57	687.35
FXYD5	978.06	720.38	946.27
CPSF1	1211.09	1094.62	1109.60
RTTN	692.60	634.67	642.08
MBD3	774.48	810.66	839.68
PHC3	1754.76	1905.55	2043.48
INSM1	1905.05	3152.63	3682.28
PTPRN2	941.70	1254.45	1544.83
ZFYVE19	364.66	444.54	468.56
KIAA0284	842.82	1162.80	1241.24
CPNE5	357.31	385.84	445.49
