miRNA	10-11 wga Average	13-14-15 wga Average	21-22 wga Average
hsa-miR-26a	1.8742	1.5472	2.5319
hsa-miR-19b	1.5982	1.1153	0.6507
hsa-miR-126	1.5010	1.9459	2.1653
hsa-miR-125b	1.4483	0.6717	0.8071
hsa-miR-30c	0.7771	0.6793	0.4789
hsa-miR-16	0.6801	0.9190	1.2113
hsa-miR-24	0.6563	0.6198	0.6146
hsa-miR-200c	0.5344	0.8869	0.7939
hsa-miR-199a	0.4665	0.3975	0.3264
hsa-miR-100	0.4308	0.3237	0.3113
hsa-miR-99a	0.3976	0.2815	0.3069
hsa-miR-26b	0.3765	0.2798	0.3159
hsa-miR-594	0.3613	0.2106	0.1237
hsa-miR-127	0.3406	0.3247	0.2009
hsa-miR-20a	0.3386	0.2037	0.1766
hsa-miR-130a	0.2894	0.2294	0.2011
hsa-miR-30b	0.2851	0.3029	0.2096
hsa-miR-30a-5p	0.2722	0.3288	0.2897
hsa-miR-148a	0.2649	0.3627	0.3336
hsa-miR-485-3p	0.2533	0.1717	0.0562
hsa-miR-30d	0.2357	0.3240	0.2850
hsa-miR-200a	0.2245	0.3123	0.1334
hsa-miR-19a	0.2231	0.1788	0.0777
hsa-miR-223	0.2226	0.1664	0.1997
hsa-miR-106b	0.2034	0.1509	0.0993
hsa-miR-331	0.1959	0.1892	0.1425
hsa-miR-375	0.1745	0.8137	0.6972
hsa-miR-197	0.1734	0.1297	0.0831
hsa-miR-191	0.1693	0.1994	0.2092
hsa-miR-93	0.1673	0.1027	0.0789
hsa-miR-27a	0.1441	0.0978	0.0972
hsa-miR-376a	0.1404	0.1615	0.0588
hsa-miR-487b	0.1299	0.1769	0.1138
hsa-miR-15b	0.1278	0.1153	0.1112
hsa-miR-222	0.1269	0.0956	0.0785
hsa-miR-410	0.1156	0.1590	0.0571
hsa-miR-200b	0.1115	0.1232	0.0499
hsa-miR-433	0.1107	0.0913	0.0330
hsa-miR-142-3p	0.1054	0.0877	0.2921
hsa-miR-186	0.1051	0.0882	0.0788
hsa-miR-140	0.0978	0.0853	0.1374
hsa-miR-152	0.0841	0.0734	0.0938
hsa-miR-411	0.0840	0.0882	0.0549
hsa-miR-365	0.0840	0.0892	0.0751
hsa-miR-374	0.0812	0.0747	0.0789
hsa-miR-324-3p	0.0792	0.0571	0.0260
hsa-miR-27b	0.0762	0.0479	0.0397
hsa-miR-10a	0.0757	0.0458	0.0394
hsa-miR-320	0.0697	0.0789	0.1006
hsa-miR-134	0.0626	0.0626	0.0311
hsa-miR-429	0.0586	0.0808	0.0312
hsa-miR-137	0.0576	0.0475	0.0337
hsa-miR-149	0.0538	0.0500	0.0500
hsa-miR-324-5p	0.0526	0.0291	0.0242
hsa-miR-145	0.0522	0.0514	0.0501
hsa-miR-151	0.0513	0.0491	0.0396
hsa-miR-210	0.0500	0.0309	0.0198
hsa-miR-204	0.0499	0.0564	0.1013
hsa-miR-660	0.0480	0.0469	0.0422
hsa-miR-328	0.0476	0.0289	0.0192
hsa-miR-146b	0.0439	0.0416	0.0697
hsa-miR-192	0.0368	0.0674	0.0574
hsa-miR-221	0.0351	0.0288	0.0140
hsa-let-7c	0.0348	0.0329	0.0719
hsa-miR-30e-3p	0.0342	0.0395	0.0252
hsa-miR-9	0.0333	0.0214	0.0602
hsa-miR-30a-3p	0.0324	0.0365	0.0253
hsa-miR-31	0.0322	0.0168	0.0127
hsa-miR-28	0.0312	0.0253	0.0258
hsa-miR-23b	0.0305	0.0192	0.0249
hsa-let-7g	0.0288	0.0688	0.0783
hsa-miR-148b	0.0288	0.0230	0.0124
hsa-let-7a	0.0256	0.0447	0.0500
hsa-miR-532	0.0251	0.0177	0.0194
hsa-miR-379	0.0228	0.0194	0.0124
hsa-miR-565	0.0226	0.0148	0.0123
hsa-miR-20b	0.0214	0.0127	0.0171
hsa-miR-32	0.0210	0.0193	0.0128
hsa-miR-424	0.0202	0.0205	0.0125
hsa-miR-425-5p	0.0195	0.0203	0.0195
hsa-miR-361	0.0193	0.0137	0.0095
hsa-miR-572	0.0189	0.0006	0.0004
hsa-miR-30e-5p	0.0187	0.0317	0.0250
hsa-miR-423	0.0183	0.0088	0.0069
hsa-miR-10b	0.0171	0.0184	0.0196
hsa-miR-183	0.0163	0.0054	0.0018
hsa-miR-146a	0.0161	0.0140	0.0356
hsa-miR-132	0.0153	0.0188	0.0310
hsa-miR-195	0.0150	0.0270	0.0698
hsa-miR-451	0.0147	0.0425	0.0110
hsa-miR-485-5p	0.0145	0.0139	0.0071
hsa-miR-199b	0.0133	0.0165	0.0123
hsa-miR-23a	0.0130	0.0091	0.0102
hsa-miR-194	0.0129	0.0186	0.0168
hsa-miR-15a	0.0116	0.0150	0.0116
hsa-miR-181c	0.0113	0.0095	0.0061
hsa-let-7f	0.0111	0.0324	0.0397
hsa-miR-340	0.0107	0.0073	0.0043
hsa-miR-362	0.0094	0.0068	0.0062
hsa-miR-22	0.0090	0.0105	0.0196
hsa-miR-654	0.0090	0.0172	0.0086
hsa-miR-330	0.0087	0.0061	0.0030
hsa-miR-155	0.0083	0.0098	0.0316
hsa-miR-501	0.0083	0.0039	0.0024
hsa-let-7b	0.0081	0.0381	0.0788
hsa-miR-142-5p	0.0079	0.0063	0.0197
hsa-miR-615	0.0079	0.0024	0.0040
hsa-miR-486	0.0077	0.0189	0.0092
hsa-miR-143	0.0076	0.0067	0.0098
hsa-miR-656	0.0076	0.0083	0.0047
hsa-miR-95	0.0068	0.0129	0.0125
hsa-miR-490	0.0067	0.0016	0.0003
hsa-miR-101	0.0064	0.0091	0.0098
hsa-miR-107	0.0063	0.0037	0.0020
hsa-miR-193a	0.0063	0.0080	0.0071
hsa-miR-383	0.0062	0.0010	0.0011
hsa-miR-193b	0.0061	0.0077	0.0062
hsa-miR-339	0.0058	0.0030	0.0022
hsa-let-7e	0.0056	0.0057	0.0052
hsa-let-7d	0.0056	0.0113	0.0088
hsa-miR-372	0.0052	0.0009	0.0009
hsa-miR-213	0.0048	0.0044	0.0018
hsa-miR-491	0.0048	0.0030	0.0031
hsa-miR-503	0.0046	0.0054	0.0024
hsa-miR-224	0.0045	0.0042	0.0045
hsa-miR-500	0.0040	0.0015	0.0012
hsa-miR-493	0.0039	0.0028	0.0009
hsa-miR-215	0.0038	0.0008	0.0006
hsa-miR-425	0.0036	0.0050	0.0035
hsa-miR-1	0.0033	0.0018	0.0049
hsa-miR-502	0.0032	0.0006	0.0007
hsa-miR-206	0.0028	0.0010	0.0037
hsa-miR-650	0.0026	0.0021	0.0024
hsa-miR-29c	0.0023	0.0024	0.0050
hsa-miR-124a	0.0023	0.0029	0.0012
hsa-miR-452	0.0022	0.0031	0.0031
hsa-miR-133b	0.0020	0.0030	0.0024
hsa-miR-139	0.0020	0.0022	0.0013
hsa-miR-29a	0.0020	0.0065	0.0170
hsa-miR-542-5p	0.0016	0.0017	0.0025
hsa-miR-326	0.0016	0.0009	0.0008
hsa-miR-488	0.0016	0.0006	0.0001
hsa-miR-629	0.0015	0.0006	0.0006
hsa-miR-369-3p	0.0015	0.0011	0.0003
hsa-miR-496	0.0015	0.0011	0.0003
hsa-miR-133a	0.0014	0.0018	0.0024
hsa-miR-203	0.0013	0.0028	0.0014
hsa-miR-378	0.0013	0.0007	0.0003
hsa-miR-511	0.0012	0.0004	0.0010
hsa-miR-520g	0.0012	0.0016	0.0004
hsa-miR-17-3p	0.0011	0.0013	0.0011
hsa-miR-190	0.0011	0.0014	0.0021
hsa-miR-450	0.0010	0.0013	0.0005
hsa-miR-518b	0.0010	0.0024	0.0003
hsa-miR-659	0.0010	0.0007	0.0001
hsa-miR-376b	0.0009	0.0006	0.0003
hsa-miR-338	0.0008	0.0055	0.0084
hsa-miR-504	0.0008	0.0011	0.0001
hsa-miR-576	0.0008	0.0005	0.0005
hsa-miR-545	0.0007	0.0010	0.0005
hsa-miR-219	0.0006	0.0003	0.0001
hsa-miR-518e	0.0006	0.0018	0.0005
hsa-miR-642	0.0005	0.0008	0.0010
hsa-miR-196b	0.0005	0.0010	0.0037
hsa-miR-422a	0.0005	0.0006	0.0005
hsa-miR-518c	0.0005	0.0028	0.0005
hsa-miR-337	0.0005	0.0007	0.0001
hsa-miR-189	0.0005	0.0004	0.0003
hsa-miR-509	0.0004	0.0007	0.0004
hsa-miR-299-3p	0.0004	0.0004	0.0001
hsa-miR-381	0.0004	0.0011	0.0005
hsa-miR-329	0.0003	0.0006	0.0001
hsa-miR-518f	0.0001	0.0010	0.0002
